time,enrolled,available,waitlisted,total
2022-05-18T04:35:27,0,3,0,3
2022-05-18T04:46:00,0,3,0,3
2022-05-18T04:56:10,0,3,0,3
2022-05-18T05:06:22,0,3,0,3
2022-05-18T05:16:31,0,3,0,3
2022-05-18T05:26:43,0,3,0,3
2022-05-18T05:36:53,0,3,0,3
2022-05-18T05:47:02,0,3,0,3
2022-05-18T05:57:13,0,3,0,3
2022-05-18T06:07:26,0,3,0,3
2022-05-18T06:17:34,0,3,0,3
2022-05-18T06:27:42,0,3,0,3
2022-05-18T06:37:50,0,3,0,3
2022-05-18T06:47:58,0,3,0,3
2022-05-18T06:58:05,0,3,0,3
2022-05-18T07:08:15,0,3,0,3
2022-05-18T07:18:22,0,3,0,3
2022-05-18T07:28:30,0,3,0,3
2022-05-18T07:38:38,0,3,0,3
2022-05-18T07:48:46,0,3,0,3
2022-05-18T07:58:54,0,3,0,3
2022-05-18T08:09:02,0,3,0,3
2022-05-18T08:19:10,0,3,0,3
2022-05-18T08:29:19,0,3,0,3
2022-05-18T08:39:28,0,3,0,3
2022-05-18T08:49:37,0,3,0,3
2022-05-18T08:59:47,0,3,0,3
2022-05-18T09:10:07,0,3,0,3
2022-05-18T09:20:16,0,3,0,3
2022-05-18T09:30:25,0,3,0,3
2022-05-18T09:40:34,0,3,0,3
2022-05-18T09:50:43,0,3,0,3
2022-05-18T10:00:55,0,3,0,3
2022-05-18T10:11:06,0,3,0,3
2022-05-18T10:21:17,0,3,0,3
2022-05-18T10:31:28,0,3,0,3
2022-05-18T10:41:51,0,3,0,3
2022-05-18T10:52:00,0,3,0,3
2022-05-18T11:02:11,0,3,0,3
2022-05-18T11:12:21,0,3,0,3
2022-05-18T11:22:29,0,3,0,3
2022-05-18T11:32:39,0,3,0,3
2022-05-18T11:42:47,0,3,0,3
2022-05-18T11:53:07,0,3,0,3
2022-05-18T12:03:15,0,3,0,3
2022-05-18T12:13:24,0,3,0,3
2022-05-18T12:23:32,0,3,0,3
2022-05-18T12:33:43,0,3,0,3
2022-05-18T12:43:53,0,3,0,3
2022-05-18T12:54:03,0,3,0,3
2022-05-18T13:04:13,0,3,0,3
2022-05-18T13:14:34,0,3,0,3
2022-05-18T13:24:44,0,3,0,3
2022-05-18T13:34:54,0,3,0,3
2022-05-18T13:45:06,0,3,0,3
2022-05-18T13:55:17,0,3,0,3
2022-05-18T14:05:27,0,3,0,3
2022-05-18T14:15:37,0,3,0,3
2022-05-18T14:25:59,0,3,0,3
2022-05-18T14:36:09,0,3,0,3
2022-05-18T14:46:20,0,3,0,3
2022-05-18T14:56:30,0,3,0,3
2022-05-18T15:06:42,0,3,0,3
2022-05-18T15:16:53,0,3,0,3
2022-05-18T15:27:03,0,3,0,3
2022-05-18T15:37:25,0,3,0,3
2022-05-18T15:47:35,0,3,0,3
2022-05-18T15:57:46,0,3,0,3
2022-05-18T16:07:57,0,3,0,3
2022-05-18T16:18:08,0,3,0,3
2022-05-18T16:28:18,0,3,0,3
2022-05-18T16:38:28,0,3,0,3
2022-05-18T16:48:38,0,3,0,3
2022-05-18T16:58:58,0,3,0,3
2022-05-18T17:09:08,0,3,0,3
2022-05-18T17:19:18,0,3,0,3
2022-05-18T17:29:27,0,3,0,3
2022-05-18T17:39:37,0,3,0,3
2022-05-18T17:49:46,0,3,0,3
2022-05-18T17:59:55,0,3,0,3
2022-05-18T18:10:05,0,3,0,3
2022-05-18T18:20:15,0,3,0,3
2022-05-18T18:30:25,0,3,0,3
2022-05-18T18:40:45,0,3,0,3
2022-05-18T18:50:53,0,3,0,3
2022-05-18T19:01:02,0,3,0,3
2022-05-18T19:11:11,0,3,0,3
2022-05-18T19:21:20,0,3,0,3
2022-05-18T19:31:29,0,3,0,3
2022-05-18T19:41:38,0,3,0,3
2022-05-18T19:51:47,0,3,0,3
2022-05-18T20:01:57,0,3,0,3
2022-05-18T20:12:06,0,3,0,3
2022-05-18T20:22:25,0,3,0,3
2022-05-18T20:32:34,0,3,0,3
2022-05-18T20:42:42,0,3,0,3
2022-05-18T20:52:51,0,3,0,3
2022-05-18T21:03:00,0,3,0,3
2022-05-18T21:13:11,0,3,0,3
2022-05-18T21:23:20,0,3,0,3
2022-05-18T21:33:29,0,3,0,3
2022-05-18T21:43:38,0,3,0,3
2022-05-18T21:53:56,0,3,0,3
2022-05-18T22:04:05,0,3,0,3
2022-05-18T22:14:14,0,3,0,3
2022-05-18T22:24:23,0,3,0,3
2022-05-18T22:34:32,0,3,0,3
2022-05-18T22:44:41,0,3,0,3
2022-05-18T22:54:50,0,3,0,3
2022-05-18T23:05:00,0,3,0,3
2022-05-18T23:15:09,0,3,0,3
2022-05-18T23:25:20,0,3,0,3
2022-05-18T23:35:42,0,3,0,3
2022-05-18T23:45:51,0,3,0,3
2022-05-18T23:55:59,0,3,0,3
2022-05-19T00:06:11,0,3,0,3
2022-05-19T00:16:23,0,3,0,3
2022-05-19T00:26:35,0,3,0,3
2022-05-19T00:36:51,0,3,0,3
2022-05-19T00:47:04,0,3,0,3
2022-05-19T00:57:14,0,3,0,3
2022-05-19T01:07:24,0,3,0,3
2022-05-19T01:17:34,0,3,0,3
2022-05-19T01:27:43,0,3,0,3
2022-05-19T01:37:53,0,3,0,3
2022-05-19T01:48:03,0,3,0,3
2022-05-19T01:58:23,0,3,0,3
2022-05-19T02:08:33,0,3,0,3
2022-05-19T02:18:43,0,3,0,3
2022-05-19T02:28:51,0,3,0,3
2022-05-19T02:38:59,0,3,0,3
2022-05-19T02:49:07,0,3,0,3
2022-05-19T02:59:15,0,3,0,3
2022-05-19T03:09:24,0,3,0,3
2022-05-19T03:19:36,0,3,0,3
2022-05-19T03:29:55,0,3,0,3
2022-05-19T03:40:06,0,3,0,3
2022-05-19T03:50:17,0,3,0,3
2022-05-19T04:00:28,0,3,0,3
2022-05-19T04:10:39,0,3,0,3
2022-05-19T04:26:38,0,3,0,3
2022-05-19T04:38:13,0,3,0,3
2022-05-19T04:48:25,0,3,0,3
2022-05-19T04:58:36,0,3,0,3
2022-05-19T05:08:49,0,3,0,3
2022-05-19T05:19:00,0,3,0,3
2022-05-19T05:29:11,0,3,0,3
2022-05-19T05:39:22,0,3,0,3
2022-05-19T05:49:31,0,3,0,3
2022-05-19T05:59:43,0,3,0,3
2022-05-19T06:09:54,0,3,0,3
2022-05-19T06:20:05,0,3,0,3
2022-05-19T06:30:16,0,3,0,3
2022-05-19T06:40:27,0,3,0,3
2022-05-19T06:50:37,0,3,0,3
2022-05-19T07:00:47,0,3,0,3
2022-05-19T07:11:02,0,3,0,3
2022-05-19T07:21:12,0,3,0,3
2022-05-19T07:31:21,0,3,0,3
2022-05-19T07:41:31,0,3,0,3
2022-05-19T07:51:40,0,3,0,3
2022-05-19T08:01:49,0,3,0,3
2022-05-19T08:11:58,0,3,0,3
2022-05-19T08:22:07,0,3,0,3
2022-05-19T08:32:17,0,3,0,3
2022-05-19T08:42:28,0,3,0,3
2022-05-19T08:52:39,0,3,0,3
2022-05-19T09:03:05,0,3,0,3
2022-05-19T09:13:16,0,3,0,3
2022-05-19T09:23:26,0,3,0,3
2022-05-19T09:33:36,0,3,0,3
2022-05-19T09:43:48,0,3,0,3
2022-05-19T09:53:59,0,3,0,3
2022-05-19T10:04:11,0,3,0,3
2022-05-19T10:14:22,0,3,0,3
2022-05-19T10:24:34,0,3,0,3
2022-05-19T10:34:51,0,3,0,3
2022-05-19T10:45:03,0,3,0,3
2022-05-19T10:55:16,0,3,0,3
2022-05-19T11:05:29,0,3,0,3
2022-05-19T11:15:56,0,3,0,3
2022-05-19T11:26:08,0,3,0,3
2022-05-19T11:36:21,0,3,0,3
2022-05-19T11:46:33,0,3,0,3
2022-05-19T11:56:45,0,3,0,3
2022-05-19T12:06:57,0,3,0,3
2022-05-19T12:17:09,0,3,0,3
2022-05-19T12:27:21,0,3,0,3
2022-05-19T12:37:33,0,3,0,3
2022-05-19T12:48:06,0,3,0,3
2022-05-19T12:58:20,0,3,0,3
2022-05-19T13:08:34,0,3,0,3
2022-05-19T13:18:49,0,3,0,3
2022-05-19T13:29:03,0,3,0,3
2022-05-19T13:39:17,0,3,0,3
2022-05-19T13:49:32,0,3,0,3
2022-05-19T13:59:57,0,3,0,3
2022-05-19T14:10:13,0,3,0,3
2022-05-19T14:20:28,0,3,0,3
2022-05-19T14:30:44,0,3,0,3
2022-05-19T14:41:01,0,3,0,3
2022-05-19T14:51:18,0,3,0,3
2022-05-19T15:01:35,0,3,0,3
2022-05-19T15:12:11,0,3,0,3
2022-05-19T15:22:29,0,3,0,3
2022-05-19T15:32:47,0,3,0,3
2022-05-19T15:43:05,0,3,0,3
2022-05-19T15:53:24,0,3,0,3
2022-05-19T16:03:42,0,3,0,3
2022-05-19T16:14:00,0,3,0,3
2022-05-19T16:24:18,0,3,0,3
2022-05-19T16:34:37,0,3,0,3
2022-05-19T16:45:07,0,3,0,3
2022-05-19T16:55:24,0,3,0,3
2022-05-19T17:05:41,0,3,0,3
2022-05-19T17:15:59,0,3,0,3
2022-05-19T17:26:15,0,3,0,3
2022-05-19T17:36:31,0,3,0,3
2022-05-19T17:46:47,0,3,0,3
2022-05-19T17:57:23,0,3,0,3
2022-05-19T18:07:38,0,3,0,3
2022-05-19T18:17:54,0,3,0,3
2022-05-19T18:28:09,0,3,0,3
2022-05-19T18:38:24,0,3,0,3
2022-05-19T18:48:40,0,3,0,3
2022-05-19T18:59:01,0,3,0,3
2022-05-19T19:09:26,0,3,0,3
2022-05-19T19:19:53,0,3,0,3
2022-05-19T19:30:31,0,3,0,3
2022-05-19T19:41:01,0,3,0,3
2022-05-19T19:51:26,0,3,0,3
2022-05-19T20:01:51,0,3,0,3
2022-05-19T20:12:18,0,3,0,3
2022-05-19T20:22:38,0,3,0,3
2022-05-19T20:33:05,0,3,0,3
2022-05-19T20:43:23,0,3,0,3
2022-05-19T20:53:45,0,3,0,3
2022-05-19T21:04:08,0,3,0,3
2022-05-19T21:14:31,0,3,0,3
2022-05-19T21:24:53,0,3,0,3
2022-05-19T21:35:16,0,3,0,3
2022-05-19T21:45:38,0,3,0,3
2022-05-19T21:56:11,0,3,0,3
2022-05-19T22:06:33,0,3,0,3
2022-05-19T22:16:54,0,3,0,3
2022-05-19T22:27:12,0,3,0,3
2022-05-19T22:37:30,0,3,0,3
2022-05-19T22:47:46,0,3,0,3
2022-05-19T22:58:00,0,3,0,3
2022-05-19T23:08:15,0,3,0,3
2022-05-19T23:18:31,0,3,0,3
2022-05-19T23:28:51,0,3,0,3
2022-05-19T23:39:24,0,3,0,3
2022-05-19T23:49:38,0,3,0,3
2022-05-19T23:59:52,0,3,0,3
2022-05-20T00:10:10,0,3,0,3
2022-05-20T00:20:31,0,3,0,3
2022-05-20T00:30:45,0,3,0,3
2022-05-20T00:41:01,0,3,0,3
2022-05-20T00:51:17,0,3,0,3
2022-05-20T01:01:34,0,3,0,3
2022-05-20T01:11:50,0,3,0,3
2022-05-20T01:22:17,0,3,0,3
2022-05-20T01:32:31,0,3,0,3
2022-05-20T01:42:45,0,3,0,3
2022-05-20T01:53:00,0,3,0,3
2022-05-20T02:03:15,0,3,0,3
2022-05-20T02:13:29,0,3,0,3
2022-05-20T02:23:53,0,3,0,3
2022-05-20T02:34:09,0,3,0,3
2022-05-20T02:44:24,0,3,0,3
2022-05-20T02:54:38,0,3,0,3
2022-05-20T03:04:53,0,3,0,3
2022-05-20T03:15:07,0,3,0,3
2022-05-20T03:25:21,0,3,0,3
2022-05-20T03:35:35,0,3,0,3
2022-05-20T03:45:51,0,3,0,3
2022-05-20T03:56:06,0,3,0,3
2022-05-20T04:32:25,0,3,0,3
2022-05-20T04:42:42,0,3,0,3
2022-05-20T04:52:59,0,3,0,3
2022-05-20T05:03:15,0,3,0,3
2022-05-20T05:13:30,0,3,0,3
2022-05-20T05:23:45,0,3,0,3
2022-05-20T05:34:01,0,3,0,3
2022-05-20T05:44:17,0,3,0,3
2022-05-20T05:54:33,0,3,0,3
2022-05-20T06:04:48,0,3,0,3
2022-05-20T06:15:03,0,3,0,3
2022-05-20T06:25:19,0,3,0,3
2022-05-20T06:35:33,0,3,0,3
2022-05-20T06:45:47,0,3,0,3
2022-05-20T06:56:01,0,3,0,3
2022-05-20T07:06:17,0,3,0,3
2022-05-20T07:16:31,0,3,0,3
2022-05-20T07:26:45,0,3,0,3
2022-05-20T07:36:58,0,3,0,3
2022-05-20T07:47:13,0,3,0,3
2022-05-20T07:57:27,0,3,0,3
2022-05-20T08:07:41,0,3,0,3
2022-05-20T08:17:55,0,3,0,3
2022-05-20T08:28:11,0,3,0,3
2022-05-20T08:38:26,0,3,0,3
2022-05-20T08:48:40,0,3,0,3
2022-05-20T08:58:55,0,3,0,3
2022-05-20T09:09:22,0,3,0,3
2022-05-20T09:19:38,0,3,0,3
2022-05-20T09:29:54,0,3,0,3
2022-05-20T09:40:10,0,3,0,3
2022-05-20T09:50:26,0,3,0,3
2022-05-20T10:00:42,0,3,0,3
2022-05-20T10:10:59,0,3,0,3
2022-05-20T10:21:14,0,3,0,3
2022-05-20T10:31:30,0,3,0,3
2022-05-20T10:41:46,0,3,0,3
2022-05-20T10:52:15,0,3,0,3
2022-05-20T11:02:31,0,3,0,3
2022-05-20T11:12:47,0,3,0,3
2022-05-20T11:23:04,0,3,0,3
2022-05-20T11:33:19,0,3,0,3
2022-05-20T11:43:35,0,3,0,3
2022-05-20T11:54:05,0,3,0,3
2022-05-20T12:04:21,0,3,0,3
2022-05-20T12:14:36,0,3,0,3
2022-05-20T12:24:51,0,3,0,3
2022-05-20T12:35:07,0,3,0,3
2022-05-20T12:45:22,0,3,0,3
2022-05-20T12:55:38,0,3,0,3
2022-05-20T13:06:05,0,3,0,3
2022-05-20T13:16:21,0,3,0,3
2022-05-20T13:26:37,0,3,0,3
2022-05-20T13:36:54,0,3,0,3
2022-05-20T13:47:11,1,2,0,3
2022-05-20T13:57:26,2,1,0,3
2022-05-20T14:07:53,2,1,0,3
2022-05-20T14:18:08,2,1,0,3
2022-05-20T14:28:24,2,1,0,3
2022-05-20T14:38:39,2,1,0,3
2022-05-20T14:48:55,2,1,0,3
2022-05-20T14:59:10,2,1,0,3
2022-05-20T15:09:36,2,1,0,3
2022-05-20T15:19:51,2,1,0,3
2022-05-20T15:30:07,2,1,0,3
2022-05-20T15:40:22,2,1,0,3
2022-05-20T15:50:37,2,1,0,3
2022-05-20T16:00:52,2,1,0,3
2022-05-20T16:11:07,2,1,0,3
2022-05-20T16:21:32,2,1,0,3
2022-05-20T16:31:47,2,1,0,3
2022-05-20T16:42:01,2,1,0,3
2022-05-20T16:52:15,2,1,0,3
2022-05-20T17:02:30,2,1,0,3
2022-05-20T17:12:44,2,1,0,3
2022-05-20T17:22:58,2,1,0,3
2022-05-20T17:33:12,2,1,0,3
2022-05-20T17:43:26,2,1,0,3
2022-05-20T17:53:40,2,1,0,3
2022-05-20T18:03:54,2,1,0,3
2022-05-20T18:14:17,2,1,0,3
2022-05-20T18:24:31,2,1,0,3
2022-05-20T18:34:44,2,1,0,3
2022-05-20T18:44:57,2,1,0,3
2022-05-20T18:55:11,2,1,0,3
2022-05-20T19:05:25,2,1,0,3
2022-05-20T19:15:39,2,1,0,3
2022-05-20T19:25:53,2,1,0,3
2022-05-20T19:36:06,2,1,0,3
2022-05-20T19:46:21,2,1,0,3
2022-05-20T19:56:44,2,1,0,3
2022-05-20T20:06:58,2,1,0,3
2022-05-20T20:17:11,2,1,0,3
2022-05-20T20:27:25,2,1,0,3
2022-05-20T20:37:39,2,1,0,3
2022-05-20T20:47:52,2,1,0,3
2022-05-20T20:58:06,2,1,0,3
2022-05-20T21:08:19,2,1,0,3
2022-05-20T21:18:33,2,1,0,3
2022-05-20T21:28:57,2,1,0,3
2022-05-20T21:39:11,2,1,0,3
2022-05-20T21:49:24,2,1,0,3
2022-05-20T21:59:39,2,1,0,3
2022-05-20T22:09:53,1,2,0,3
2022-05-20T22:20:08,1,2,0,3
2022-05-20T22:30:21,1,2,0,3
2022-05-20T22:40:34,1,2,0,3
2022-05-20T22:50:48,1,2,0,3
2022-05-20T23:01:01,1,2,0,3
2022-05-20T23:11:16,1,2,0,3
2022-05-20T23:21:40,1,2,0,3
2022-05-20T23:31:54,1,2,0,3
2022-05-20T23:42:07,1,2,0,3
2022-05-20T23:52:21,1,2,0,3
2022-05-21T00:02:35,1,2,0,3
2022-05-21T00:12:51,1,2,0,3
2022-05-21T00:23:07,1,2,0,3
2022-05-21T00:33:23,1,2,0,3
2022-05-21T00:43:39,1,2,0,3
2022-05-21T00:53:55,1,2,0,3
2022-05-21T01:04:09,1,2,0,3
2022-05-21T01:14:25,1,2,0,3
2022-05-21T01:24:40,1,2,0,3
2022-05-21T01:34:55,1,2,0,3
2022-05-21T01:45:10,1,2,0,3
2022-05-21T01:55:25,1,2,0,3
2022-05-21T02:05:49,1,2,0,3
2022-05-21T02:16:03,1,2,0,3
2022-05-21T02:26:16,1,2,0,3
2022-05-21T02:36:29,1,2,0,3
2022-05-21T02:46:42,1,2,0,3
2022-05-21T02:56:55,1,2,0,3
2022-05-21T03:07:08,1,2,0,3
2022-05-21T03:17:23,1,2,0,3
2022-05-21T03:27:42,1,2,0,3
2022-05-21T03:37:58,1,2,0,3
2022-05-21T03:48:13,1,2,0,3
2022-05-21T03:58:28,1,2,0,3
2022-05-21T04:08:44,1,2,0,3
2022-05-21T04:24:04,1,2,0,3
2022-05-21T04:35:29,1,2,0,3
2022-05-21T04:46:01,1,2,0,3
2022-05-21T04:56:17,1,2,0,3
2022-05-21T05:06:32,1,2,0,3
2022-05-21T05:16:48,1,2,0,3
2022-05-21T05:27:04,1,2,0,3
2022-05-21T05:37:20,1,2,0,3
2022-05-21T05:47:36,1,2,0,3
2022-05-21T05:57:51,1,2,0,3
2022-05-21T06:08:07,1,2,0,3
2022-05-21T06:18:22,1,2,0,3
2022-05-21T06:28:38,1,2,0,3
2022-05-21T06:38:53,1,2,0,3
2022-05-21T06:49:09,1,2,0,3
2022-05-21T06:59:24,1,2,0,3
2022-05-21T07:09:40,1,2,0,3
2022-05-21T07:19:55,1,2,0,3
2022-05-21T07:30:10,1,2,0,3
2022-05-21T07:40:26,1,2,0,3
2022-05-21T07:50:40,1,2,0,3
2022-05-21T08:00:55,1,2,0,3
2022-05-21T08:11:09,1,2,0,3
2022-05-21T08:21:26,1,2,0,3
2022-05-21T08:31:41,1,2,0,3
2022-05-21T08:41:55,1,2,0,3
2022-05-21T08:52:32,1,2,0,3
2022-05-21T09:02:46,1,2,0,3
2022-05-21T09:12:59,1,2,0,3
2022-05-21T09:23:12,1,2,0,3
2022-05-21T09:33:24,1,2,0,3
2022-05-21T09:43:38,1,2,0,3
2022-05-21T09:53:51,1,2,0,3
2022-05-21T10:04:04,1,2,0,3
2022-05-21T10:14:18,1,2,0,3
2022-05-21T10:24:31,1,2,0,3
2022-05-21T10:34:44,1,2,0,3
2022-05-21T10:44:57,1,2,0,3
2022-05-21T10:55:10,1,2,0,3
2022-05-21T11:05:24,1,2,0,3
2022-05-21T11:15:48,1,2,0,3
2022-05-21T11:26:02,1,2,0,3
2022-05-21T11:36:16,1,2,0,3
2022-05-21T11:46:30,1,2,0,3
2022-05-21T11:56:43,1,2,0,3
2022-05-21T12:06:57,1,2,0,3
2022-05-21T12:17:12,1,2,0,3
2022-05-21T12:27:25,1,2,0,3
2022-05-21T12:37:58,1,2,0,3
2022-05-21T12:48:11,1,2,0,3
2022-05-21T12:58:25,1,2,0,3
2022-05-21T13:08:39,1,2,0,3
2022-05-21T13:18:52,1,2,0,3
2022-05-21T13:29:06,1,2,0,3
2022-05-21T13:39:19,1,2,0,3
2022-05-21T13:49:32,1,2,0,3
2022-05-21T13:59:45,1,2,0,3
2022-05-21T14:09:59,1,2,0,3
2022-05-21T14:20:22,1,2,0,3
2022-05-21T14:30:36,1,2,0,3
2022-05-21T14:40:49,1,2,0,3
2022-05-21T14:51:04,1,2,0,3
2022-05-21T15:01:19,1,2,0,3
2022-05-21T15:11:32,1,2,0,3
2022-05-21T15:21:46,1,2,0,3
2022-05-21T15:32:10,1,2,0,3
2022-05-21T15:42:23,1,2,0,3
2022-05-21T15:52:37,1,2,0,3
2022-05-21T16:02:50,1,2,0,3
2022-05-21T16:13:03,1,2,0,3
2022-05-21T16:23:17,1,2,0,3
2022-05-21T16:33:30,1,2,0,3
2022-05-21T16:43:44,1,2,0,3
2022-05-21T16:53:57,1,2,0,3
2022-05-21T17:04:29,1,2,0,3
2022-05-21T17:14:43,1,2,0,3
2022-05-21T17:24:57,1,2,0,3
2022-05-21T17:35:10,1,2,0,3
2022-05-21T17:45:24,1,2,0,3
2022-05-21T17:55:37,1,2,0,3
2022-05-21T18:05:50,1,2,0,3
2022-05-21T18:16:04,1,2,0,3
2022-05-21T18:26:17,1,2,0,3
2022-05-21T18:36:31,1,2,0,3
2022-05-21T18:46:45,1,2,0,3
2022-05-21T18:57:26,1,2,0,3
2022-05-21T19:07:39,1,2,0,3
2022-05-21T19:17:53,1,2,0,3
2022-05-21T19:28:06,1,2,0,3
2022-05-21T19:38:19,1,2,0,3
2022-05-21T19:48:34,1,2,0,3
2022-05-21T19:58:49,1,2,0,3
2022-05-21T20:09:03,1,2,0,3
2022-05-21T20:19:16,1,2,0,3
2022-05-21T20:29:29,1,2,0,3
2022-05-21T20:39:55,1,2,0,3
2022-05-21T20:50:08,1,2,0,3
2022-05-21T21:00:22,1,2,0,3
2022-05-21T21:10:35,1,2,0,3
2022-05-21T21:20:49,1,2,0,3
2022-05-21T21:31:02,1,2,0,3
2022-05-21T21:41:16,1,2,0,3
2022-05-21T21:51:29,1,2,0,3
2022-05-21T22:01:42,1,2,0,3
2022-05-21T22:12:18,1,2,0,3
2022-05-21T22:22:32,1,2,0,3
2022-05-21T22:32:45,1,2,0,3
2022-05-21T22:42:58,1,2,0,3
2022-05-21T22:53:11,1,2,0,3
2022-05-21T23:03:24,1,2,0,3
2022-05-21T23:13:38,1,2,0,3
2022-05-21T23:23:52,1,2,0,3
2022-05-21T23:34:05,1,2,0,3
2022-05-21T23:44:17,1,2,0,3
2022-05-21T23:54:30,1,2,0,3
2022-05-22T00:04:44,1,2,0,3
2022-05-22T00:14:59,1,2,0,3
2022-05-22T00:25:13,1,2,0,3
2022-05-22T00:35:39,1,2,0,3
2022-05-22T00:45:53,1,2,0,3
2022-05-22T00:56:06,1,2,0,3
2022-05-22T01:06:19,1,2,0,3
2022-05-22T01:16:31,1,2,0,3
2022-05-22T01:26:44,1,2,0,3
2022-05-22T01:36:57,1,2,0,3
2022-05-22T01:47:10,1,2,0,3
2022-05-22T01:57:22,1,2,0,3
2022-05-22T02:07:35,1,2,0,3
2022-05-22T02:17:48,1,2,0,3
2022-05-22T02:28:03,1,2,0,3
2022-05-22T02:38:19,1,2,0,3
2022-05-22T02:48:35,1,2,0,3
2022-05-22T02:58:50,1,2,0,3
2022-05-22T03:10:01,1,2,0,3
2022-05-22T03:20:16,1,2,0,3
2022-05-22T03:30:32,1,2,0,3
2022-05-22T03:40:58,1,2,0,3
2022-05-22T03:51:12,1,2,0,3
2022-05-22T04:01:27,1,2,0,3
2022-05-22T04:22:12,1,2,0,3
2022-05-22T04:32:53,1,2,0,3
2022-05-22T04:43:09,1,2,0,3
2022-05-22T04:53:25,1,2,0,3
2022-05-22T05:03:41,1,2,0,3
2022-05-22T05:13:57,1,2,0,3
2022-05-22T05:24:13,1,2,0,3
2022-05-22T05:34:28,1,2,0,3
2022-05-22T05:44:43,1,2,0,3
2022-05-22T05:54:59,1,2,0,3
2022-05-22T06:05:14,1,2,0,3
2022-05-22T06:15:29,1,2,0,3
2022-05-22T06:25:44,1,2,0,3
2022-05-22T06:36:00,1,2,0,3
2022-05-22T06:46:14,1,2,0,3
2022-05-22T06:56:28,1,2,0,3
2022-05-22T07:06:42,1,2,0,3
2022-05-22T07:16:55,1,2,0,3
2022-05-22T07:27:08,1,2,0,3
2022-05-22T07:37:21,1,2,0,3
2022-05-22T07:47:35,1,2,0,3
2022-05-22T07:57:48,1,2,0,3
2022-05-22T08:08:00,1,2,0,3
2022-05-22T08:18:13,1,2,0,3
2022-05-22T08:28:27,1,2,0,3
2022-05-22T08:38:40,1,2,0,3
2022-05-22T08:48:53,1,2,0,3
2022-05-22T08:59:06,1,2,0,3
2022-05-22T09:09:18,1,2,0,3
2022-05-22T09:19:32,1,2,0,3
2022-05-22T09:29:45,1,2,0,3
2022-05-22T09:39:59,1,2,0,3
2022-05-22T09:50:12,1,2,0,3
2022-05-22T10:00:25,1,2,0,3
2022-05-22T10:10:38,1,2,0,3
2022-05-22T10:20:52,1,2,0,3
2022-05-22T10:31:06,1,2,0,3
2022-05-22T10:41:20,1,2,0,3
2022-05-22T10:51:34,1,2,0,3
2022-05-22T11:01:47,1,2,0,3
2022-05-22T11:12:07,1,2,0,3
2022-05-22T11:22:21,1,2,0,3
2022-05-22T11:32:34,1,2,0,3
2022-05-22T11:42:48,1,2,0,3
2022-05-22T11:53:01,1,2,0,3
2022-05-22T12:03:14,1,2,0,3
2022-05-22T12:13:28,1,2,0,3
2022-05-22T12:23:41,1,2,0,3
2022-05-22T12:33:54,1,2,0,3
2022-05-22T12:44:07,1,2,0,3
2022-05-22T12:54:21,1,2,0,3
2022-05-22T13:04:33,1,2,0,3
2022-05-22T13:14:46,1,2,0,3
2022-05-22T13:25:09,1,2,0,3
2022-05-22T13:35:21,1,2,0,3
2022-05-22T13:45:35,1,2,0,3
2022-05-22T13:55:48,1,2,0,3
2022-05-22T14:06:04,1,2,0,3
2022-05-22T14:16:17,1,2,0,3
2022-05-22T14:26:30,1,2,0,3
2022-05-22T14:36:44,1,2,0,3
2022-05-22T14:46:56,1,2,0,3
2022-05-22T14:57:09,1,2,0,3
2022-05-22T15:07:23,1,2,0,3
2022-05-22T15:17:36,1,2,0,3
2022-05-22T15:27:50,1,2,0,3
2022-05-22T15:38:03,1,2,0,3
2022-05-22T15:48:28,1,2,0,3
2022-05-22T15:58:41,1,2,0,3
2022-05-22T16:08:55,1,2,0,3
2022-05-22T16:19:09,1,2,0,3
2022-05-22T16:29:22,1,2,0,3
2022-05-22T16:39:36,1,2,0,3
2022-05-22T16:49:49,1,2,0,3
2022-05-22T17:00:02,1,2,0,3
2022-05-22T17:10:16,1,2,0,3
2022-05-22T17:20:29,1,2,0,3
2022-05-22T17:30:42,1,2,0,3
2022-05-22T17:40:56,1,2,0,3
2022-05-22T17:51:19,1,2,0,3
2022-05-22T18:01:32,1,2,0,3
2022-05-22T18:11:46,1,2,0,3
2022-05-22T18:21:59,1,2,0,3
2022-05-22T18:32:12,1,2,0,3
2022-05-22T18:42:26,1,2,0,3
2022-05-22T18:52:39,1,2,0,3
2022-05-22T19:02:53,1,2,0,3
2022-05-22T19:13:06,1,2,0,3
2022-05-22T19:23:22,1,2,0,3
2022-05-22T19:33:35,1,2,0,3
2022-05-22T19:43:48,1,2,0,3
2022-05-22T19:54:01,1,2,0,3
2022-05-22T20:04:25,1,2,0,3
2022-05-22T20:14:38,1,2,0,3
2022-05-22T20:24:53,1,2,0,3
2022-05-22T20:35:08,1,2,0,3
2022-05-22T20:45:21,1,2,0,3
2022-05-22T20:55:34,1,2,0,3
2022-05-22T21:05:48,1,2,0,3
2022-05-22T21:16:01,1,2,0,3
2022-05-22T21:26:15,1,2,0,3
2022-05-22T21:36:37,1,2,0,3
2022-05-22T21:46:52,1,2,0,3
2022-05-22T21:57:05,1,2,0,3
2022-05-22T22:07:19,1,2,0,3
2022-05-22T22:17:33,1,2,0,3
2022-05-22T22:27:48,1,2,0,3
2022-05-22T22:38:02,1,2,0,3
2022-05-22T22:48:16,1,2,0,3
2022-05-22T22:58:40,1,2,0,3
2022-05-22T23:08:54,1,2,0,3
2022-05-22T23:19:07,1,2,0,3
2022-05-22T23:29:22,1,2,0,3
2022-05-22T23:39:35,1,2,0,3
2022-05-22T23:49:51,1,2,0,3
2022-05-23T00:00:05,1,2,0,3
2022-05-23T00:10:21,1,2,0,3
2022-05-23T00:20:39,1,2,0,3
2022-05-23T00:30:54,1,2,0,3
2022-05-23T00:41:09,1,2,0,3
2022-05-23T00:51:23,1,2,0,3
2022-05-23T01:01:37,1,2,0,3
2022-05-23T01:12:04,1,2,0,3
2022-05-23T01:22:20,1,2,0,3
2022-05-23T01:32:35,1,2,0,3
2022-05-23T01:42:49,1,2,0,3
2022-05-23T01:53:03,1,2,0,3
2022-05-23T02:15:55,1,2,0,3
2022-05-23T02:26:09,1,2,0,3
2022-05-23T02:36:24,1,2,0,3
2022-05-23T02:46:38,1,2,0,3
2022-05-23T02:56:54,1,2,0,3
2022-05-23T03:07:09,1,2,0,3
2022-05-23T03:17:25,1,2,0,3
2022-05-23T03:27:47,1,2,0,3
2022-05-23T03:38:02,1,2,0,3
2022-05-23T03:48:16,1,2,0,3
2022-05-23T03:58:31,1,2,0,3
2022-05-23T04:21:00,1,2,0,3
2022-05-23T04:32:26,1,2,0,3
2022-05-23T04:42:59,1,2,0,3
2022-05-23T04:53:15,1,2,0,3
2022-05-23T05:03:31,1,2,0,3
2022-05-23T05:13:47,1,2,0,3
2022-05-23T05:24:03,1,2,0,3
2022-05-23T05:34:19,1,2,0,3
2022-05-23T05:44:35,1,2,0,3
2022-05-23T05:54:51,1,2,0,3
2022-05-23T06:05:06,1,2,0,3
2022-05-23T06:15:20,1,2,0,3
2022-05-23T06:25:35,1,2,0,3
2022-05-23T06:35:49,1,2,0,3
2022-05-23T06:46:03,1,2,0,3
2022-05-23T06:56:17,1,2,0,3
2022-05-23T07:06:31,1,2,0,3
2022-05-23T07:16:45,1,2,0,3
2022-05-23T07:26:59,1,2,0,3
2022-05-23T07:37:15,1,2,0,3
2022-05-23T07:47:29,1,2,0,3
2022-05-23T07:57:42,1,2,0,3
2022-05-23T08:07:58,1,2,0,3
2022-05-23T08:18:12,1,2,0,3
2022-05-23T08:28:38,1,2,0,3
2022-05-23T08:38:55,1,2,0,3
2022-05-23T08:49:10,1,2,0,3
2022-05-23T08:59:26,1,2,0,3
2022-05-23T09:09:43,1,2,0,3
2022-05-23T09:19:59,1,2,0,3
2022-05-23T09:30:17,1,2,0,3
2022-05-23T09:40:34,1,2,0,3
2022-05-23T09:51:09,1,2,0,3
2022-05-23T10:01:26,1,2,0,3
2022-05-23T10:11:45,1,2,0,3
2022-05-23T10:22:03,1,2,0,3
2022-05-23T10:32:21,1,2,0,3
2022-05-23T10:42:38,1,2,0,3
2022-05-23T10:53:09,1,2,0,3
2022-05-23T11:03:26,1,2,0,3
2022-05-23T11:13:44,1,2,0,3
2022-05-23T11:24:23,1,2,0,3
2022-05-23T11:34:40,1,2,0,3
2022-05-23T11:44:59,1,2,0,3
2022-05-23T11:55:18,1,2,0,3
2022-05-23T12:05:39,1,2,0,3
2022-05-23T12:16:07,1,2,0,3
2022-05-23T12:26:26,1,2,0,3
2022-05-23T12:36:44,1,2,0,3
2022-05-23T12:47:12,1,2,0,3
2022-05-23T12:57:30,1,2,0,3
2022-05-23T13:07:50,1,2,0,3
2022-05-23T13:18:10,1,2,0,3
2022-05-23T13:28:48,1,2,0,3
2022-05-23T13:39:06,1,2,0,3
2022-05-23T13:49:27,1,2,0,3
2022-05-23T13:59:58,1,2,0,3
2022-05-23T14:10:19,1,2,0,3
2022-05-23T14:20:37,1,2,0,3
2022-05-23T14:30:57,1,2,0,3
2022-05-23T14:41:28,1,2,0,3
2022-05-23T14:51:46,1,2,0,3
2022-05-23T15:02:05,1,2,0,3
2022-05-23T15:12:36,1,2,0,3
2022-05-23T15:22:55,1,2,0,3
2022-05-23T15:33:15,1,2,0,3
2022-05-23T15:43:35,1,2,0,3
2022-05-23T15:54:14,1,2,0,3
2022-05-23T16:04:37,1,2,0,3
2022-05-23T16:14:56,1,2,0,3
2022-05-23T16:25:26,1,2,0,3
2022-05-23T16:35:45,1,2,0,3
2022-05-23T16:46:02,1,2,0,3
2022-05-23T16:56:19,1,2,0,3
2022-05-23T17:06:48,1,2,0,3
2022-05-23T17:17:06,1,2,0,3
2022-05-23T17:27:23,1,2,0,3
2022-05-23T17:37:51,1,2,0,3
2022-05-23T17:48:07,1,2,0,3
2022-05-23T17:58:23,1,2,0,3
2022-05-23T18:08:42,1,2,0,3
2022-05-23T18:19:19,1,2,0,3
2022-05-23T18:29:35,1,2,0,3
2022-05-23T18:39:53,1,2,0,3
2022-05-23T18:50:09,1,2,0,3
2022-05-23T19:00:35,1,2,0,3
2022-05-23T19:10:50,1,2,0,3
2022-05-23T19:21:06,1,2,0,3
2022-05-23T19:31:24,1,2,0,3
2022-05-23T19:41:39,1,2,0,3
2022-05-23T19:51:56,1,2,0,3
2022-05-23T20:02:24,1,2,0,3
2022-05-23T20:12:40,1,2,0,3
2022-05-23T20:22:56,1,2,0,3
2022-05-23T20:33:13,1,2,0,3
2022-05-23T20:43:28,1,2,0,3
2022-05-23T20:53:55,1,2,0,3
2022-05-23T21:04:11,1,2,0,3
2022-05-23T21:14:26,1,2,0,3
2022-05-23T21:24:41,1,2,0,3
2022-05-23T21:34:58,1,2,0,3
2022-05-23T21:45:14,1,2,0,3
2022-05-23T21:55:49,1,2,0,3
2022-05-23T22:06:05,1,2,0,3
2022-05-23T22:16:19,1,2,0,3
2022-05-23T22:26:35,1,2,0,3
2022-05-23T22:36:50,1,2,0,3
2022-05-23T22:47:16,1,2,0,3
2022-05-23T22:57:31,1,2,0,3
2022-05-23T23:07:46,1,2,0,3
2022-05-23T23:18:01,1,2,0,3
2022-05-23T23:28:16,1,2,0,3
2022-05-23T23:38:43,1,2,0,3
2022-05-23T23:48:58,1,2,0,3
2022-05-23T23:59:12,1,2,0,3
2022-05-24T00:09:29,1,2,0,3
2022-05-24T00:19:47,1,2,0,3
2022-05-24T00:30:03,1,2,0,3
2022-05-24T00:40:19,1,2,0,3
2022-05-24T00:50:55,1,2,0,3
2022-05-24T01:01:11,1,2,0,3
2022-05-24T01:11:25,1,2,0,3
2022-05-24T01:21:41,1,2,0,3
2022-05-24T01:31:55,1,2,0,3
2022-05-24T01:42:09,1,2,0,3
2022-05-24T01:52:25,1,2,0,3
2022-05-24T02:02:39,1,2,0,3
2022-05-24T02:12:54,1,2,0,3
2022-05-24T02:23:17,1,2,0,3
2022-05-24T02:33:31,1,2,0,3
2022-05-24T02:43:44,1,2,0,3
2022-05-24T02:53:58,1,2,0,3
2022-05-24T03:04:12,1,2,0,3
2022-05-24T03:14:25,1,2,0,3
2022-05-24T03:24:39,1,2,0,3
2022-05-24T03:34:55,1,2,0,3
2022-05-24T03:45:20,1,2,0,3
2022-05-24T03:55:36,1,2,0,3
2022-05-24T04:08:08,1,2,0,3
2022-05-24T04:29:54,1,2,0,3
2022-05-24T04:40:11,1,2,0,3
2022-05-24T04:50:29,1,2,0,3
2022-05-24T05:00:46,1,2,0,3
2022-05-24T05:11:06,1,2,0,3
2022-05-24T05:21:22,1,2,0,3
2022-05-24T05:31:38,1,2,0,3
2022-05-24T05:41:55,1,2,0,3
2022-05-24T05:52:11,1,2,0,3
2022-05-24T06:02:28,1,2,0,3
2022-05-24T06:12:44,1,2,0,3
2022-05-24T06:22:59,1,2,0,3
2022-05-24T06:33:15,1,2,0,3
2022-05-24T06:43:31,1,2,0,3
2022-05-24T06:53:47,1,2,0,3
2022-05-24T07:04:04,1,2,0,3
2022-05-24T07:14:20,1,2,0,3
2022-05-24T07:24:36,1,2,0,3
2022-05-24T07:34:53,1,2,0,3
2022-05-24T07:45:08,1,2,0,3
2022-05-24T07:55:23,1,2,0,3
2022-05-24T08:05:37,1,2,0,3
2022-05-24T08:15:51,1,2,0,3
2022-05-24T08:26:07,1,2,0,3
2022-05-24T08:36:22,1,2,0,3
2022-05-24T08:46:38,1,2,0,3
2022-05-24T08:56:54,1,2,0,3
2022-05-24T09:07:20,1,2,0,3
2022-05-24T09:17:38,1,2,0,3
2022-05-24T09:27:55,1,2,0,3
2022-05-24T09:38:12,1,2,0,3
2022-05-24T09:48:29,1,2,0,3
2022-05-24T09:58:47,1,2,0,3
2022-05-24T10:09:15,1,2,0,3
2022-05-24T10:19:33,1,2,0,3
2022-05-24T10:29:51,1,2,0,3
2022-05-24T10:40:10,1,2,0,3
2022-05-24T10:50:37,1,2,0,3
2022-05-24T11:00:57,1,2,0,3
2022-05-24T11:11:18,1,2,0,3
2022-05-24T11:21:37,1,2,0,3
2022-05-24T11:32:07,1,2,0,3
2022-05-24T11:42:26,1,2,0,3
2022-05-24T11:52:44,1,2,0,3
2022-05-24T12:03:03,1,2,0,3
2022-05-24T12:13:32,1,2,0,3
2022-05-24T12:23:49,1,2,0,3
2022-05-24T12:34:08,1,2,0,3
2022-05-24T12:44:24,1,2,0,3
2022-05-24T12:54:52,1,2,0,3
2022-05-24T13:05:12,1,2,0,3
2022-05-24T13:15:32,1,2,0,3
2022-05-24T13:25:54,1,2,0,3
2022-05-24T13:36:27,1,2,0,3
2022-05-24T13:46:50,1,2,0,3
2022-05-24T14:00:01,1,2,0,3
2022-05-24T14:10:36,1,2,0,3
2022-05-24T14:20:58,1,2,0,3
2022-05-24T14:31:20,1,2,0,3
2022-05-24T14:41:51,1,2,0,3
2022-05-24T14:52:11,1,2,0,3
2022-05-24T15:02:33,1,2,0,3
2022-05-24T15:13:03,1,2,0,3
2022-05-24T15:23:22,2,1,0,3
2022-05-24T15:33:42,2,1,0,3
2022-05-24T15:44:02,2,1,0,3
2022-05-24T15:54:32,2,1,0,3
2022-05-24T16:04:53,2,1,0,3
2022-05-24T16:15:14,2,1,0,3
2022-05-24T16:25:33,2,1,0,3
2022-05-24T16:36:06,2,1,0,3
2022-05-24T16:46:32,2,1,0,3
2022-05-24T16:56:57,2,1,0,3
2022-05-24T17:07:28,2,1,0,3
2022-05-24T17:18:09,2,1,0,3
2022-05-24T17:28:32,2,1,0,3
2022-05-24T17:38:57,2,1,0,3
2022-05-24T17:49:24,2,1,0,3
2022-05-24T17:59:59,2,1,0,3
2022-05-24T18:10:31,2,1,0,3
2022-05-24T18:20:52,2,1,0,3
2022-05-24T18:31:15,2,1,0,3
2022-05-24T18:41:45,2,1,0,3
2022-05-24T18:52:03,2,1,0,3
2022-05-24T19:02:20,2,1,0,3
2022-05-24T19:12:37,2,1,0,3
2022-05-24T19:22:53,2,1,0,3
2022-05-24T19:33:10,2,1,0,3
2022-05-24T19:43:38,2,1,0,3
2022-05-24T19:53:55,2,1,0,3
2022-05-24T20:04:12,2,1,0,3
2022-05-24T20:14:28,2,1,0,3
2022-05-24T20:24:44,2,1,0,3
2022-05-24T20:35:12,3,0,0,3
2022-05-24T20:45:29,2,1,0,3
2022-05-24T20:55:45,3,0,0,3
2022-05-24T21:06:00,3,0,0,3
2022-05-24T21:16:16,3,0,0,3
2022-05-24T21:26:42,3,0,0,3
2022-05-24T21:36:59,3,0,0,3
2022-05-24T21:47:15,3,0,0,3
2022-05-24T21:57:30,3,0,0,3
2022-05-24T22:07:44,3,0,0,3
2022-05-24T22:18:09,3,0,0,3
2022-05-24T22:28:23,3,0,0,3
2022-05-24T22:38:38,3,0,0,3
2022-05-24T22:48:53,3,0,0,3
2022-05-24T22:59:07,3,0,0,3
2022-05-24T23:09:23,3,0,0,3
2022-05-24T23:19:48,3,0,0,3
2022-05-24T23:30:03,3,0,0,3
2022-05-24T23:40:17,3,0,0,3
2022-05-24T23:50:32,3,0,0,3
2022-05-25T00:00:46,3,0,0,3
2022-05-25T00:11:02,3,0,0,3
2022-05-25T00:21:23,3,0,0,3
2022-05-25T00:31:48,3,0,0,3
2022-05-25T00:42:05,3,0,0,3
2022-05-25T00:52:21,3,0,0,3
2022-05-25T01:02:36,3,0,0,3
2022-05-25T01:12:52,3,0,0,3
2022-05-25T01:23:08,3,0,0,3
2022-05-25T01:33:23,3,0,0,3
2022-05-25T01:43:37,3,0,0,3
2022-05-25T01:53:53,3,0,0,3
2022-05-25T02:04:08,3,0,0,3
2022-05-25T02:14:22,3,0,0,3
2022-05-25T02:24:36,3,0,0,3
2022-05-25T02:34:51,3,0,0,3
2022-05-25T02:45:07,3,0,0,3
2022-05-25T02:55:32,3,0,0,3
2022-05-25T03:05:48,3,0,0,3
2022-05-25T03:16:02,3,0,0,3
2022-05-25T03:26:16,3,0,0,3
2022-05-25T03:36:30,3,0,0,3
2022-05-25T03:46:44,3,0,0,3
2022-05-25T03:56:59,3,0,0,3
2022-05-25T04:07:14,3,0,0,3
2022-05-25T11:09:08,3,0,0,3
2022-05-25T11:19:38,3,0,0,3
2022-05-25T11:29:57,3,0,0,3
2022-05-25T11:40:19,3,0,0,3
2022-05-25T11:50:38,3,0,0,3
2022-05-25T12:00:58,3,0,0,3
2022-05-25T12:11:28,3,0,0,3
2022-05-25T12:21:46,3,0,0,3
2022-05-25T12:32:03,3,0,0,3
2022-05-25T12:42:20,3,0,0,3
2022-05-25T12:52:37,3,0,0,3
2022-05-25T13:03:03,3,0,0,3
2022-05-25T13:13:21,3,0,0,3
2022-05-25T13:23:37,3,0,0,3
2022-05-25T13:33:54,3,0,0,3
2022-05-25T13:44:10,3,0,0,3
2022-05-25T13:54:26,3,0,0,3
2022-05-25T14:04:43,3,0,0,3
2022-05-25T14:15:12,3,0,0,3
2022-05-25T14:25:29,3,0,0,3
2022-05-25T14:35:46,3,0,0,3
2022-05-25T14:46:05,3,0,0,3
2022-05-25T14:56:22,3,0,0,3
2022-05-25T15:06:39,3,0,0,3
2022-05-25T15:17:07,3,0,0,3
2022-05-25T15:27:24,3,0,0,3
2022-05-25T15:37:42,3,0,0,3
2022-05-25T15:47:59,3,0,0,3
2022-05-25T15:58:17,3,0,0,3
2022-05-25T16:08:35,3,0,0,3
2022-05-25T16:18:51,3,0,0,3
2022-05-25T16:29:18,3,0,0,3
2022-05-25T16:39:34,3,0,0,3
2022-05-25T16:49:50,3,0,0,3
2022-05-25T17:00:06,3,0,0,3
2022-05-25T17:10:22,3,0,0,3
2022-05-25T17:20:38,3,0,0,3
2022-05-25T17:30:54,3,0,0,3
2022-05-25T17:41:19,3,0,0,3
2022-05-25T17:51:35,3,0,0,3
2022-05-25T18:01:50,3,0,0,3
2022-05-25T18:12:05,3,0,0,3
2022-05-25T18:22:20,3,0,0,3
2022-05-25T18:32:34,3,0,0,3
2022-05-25T18:42:49,3,0,0,3
2022-05-25T18:53:05,3,0,0,3
2022-05-25T19:03:20,3,0,0,3
2022-05-25T19:13:35,3,0,0,3
2022-05-25T19:24:01,3,0,0,3
2022-05-25T19:34:16,3,0,0,3
2022-05-25T19:44:31,3,0,0,3
2022-05-25T19:54:45,3,0,0,3
2022-05-25T20:05:00,3,0,0,3
2022-05-25T20:15:16,3,0,0,3
2022-05-25T20:25:30,3,0,0,3
2022-05-25T20:35:44,3,0,0,3
2022-05-25T20:45:59,3,0,0,3
2022-05-25T20:56:24,3,0,0,3
2022-05-25T21:06:39,3,0,0,3
2022-05-25T21:16:54,3,0,0,3
2022-05-25T21:27:09,3,0,0,3
2022-05-25T21:37:24,3,0,0,3
2022-05-25T21:47:39,3,0,0,3
2022-05-25T21:57:54,3,0,0,3
2022-05-25T22:08:21,3,0,0,3
2022-05-25T22:18:36,3,0,0,3
2022-05-25T22:28:51,3,0,0,3
2022-05-25T22:39:06,3,0,0,3
2022-05-25T22:49:21,3,0,0,3
2022-05-25T22:59:35,3,0,0,3
2022-05-25T23:09:52,3,0,0,3
2022-05-25T23:20:07,3,0,0,3
2022-05-25T23:30:22,3,0,0,3
2022-05-25T23:40:37,3,0,0,3
2022-05-25T23:50:52,3,0,0,3
2022-05-26T00:01:17,3,0,0,3
2022-05-26T00:11:32,3,0,0,3
2022-05-26T00:21:49,3,0,0,3
2022-05-26T00:32:05,3,0,0,3
2022-05-26T00:42:22,3,0,0,3
2022-05-26T00:52:38,3,0,0,3
2022-05-26T01:02:55,3,0,0,3
2022-05-26T01:13:11,3,0,0,3
2022-05-26T01:23:27,3,0,0,3
2022-05-26T01:33:43,3,0,0,3
2022-05-26T01:44:00,3,0,0,3
2022-05-26T01:54:16,3,0,0,3
2022-05-26T02:04:32,3,0,0,3
2022-05-26T02:14:47,3,0,0,3
2022-05-26T02:25:01,3,0,0,3
2022-05-26T02:35:18,3,0,0,3
2022-05-26T02:45:32,3,0,0,3
2022-05-26T02:55:47,3,0,0,3
2022-05-26T03:06:01,3,0,0,3
2022-05-26T03:16:28,3,0,0,3
2022-05-26T03:26:44,3,0,0,3
2022-05-26T03:37:00,3,0,0,3
2022-05-26T03:47:17,3,0,0,3
2022-05-26T03:59:45,3,0,0,3
2022-05-26T04:10:22,3,0,0,3
2022-05-26T04:28:50,3,0,0,3
2022-05-26T04:39:28,3,0,0,3
2022-05-26T04:49:44,3,0,0,3
2022-05-26T05:00:00,3,0,0,3
2022-05-26T05:10:19,3,0,0,3
2022-05-26T05:20:36,3,0,0,3
2022-05-26T05:30:51,3,0,0,3
2022-05-26T05:41:09,3,0,0,3
2022-05-26T05:51:27,3,0,0,3
2022-05-26T06:01:44,3,0,0,3
2022-05-26T06:12:01,3,0,0,3
2022-05-26T06:22:17,3,0,0,3
2022-05-26T06:32:34,3,0,0,3
2022-05-26T06:42:51,3,0,0,3
2022-05-26T06:53:07,3,0,0,3
2022-05-26T07:03:25,3,0,0,3
2022-05-26T07:13:42,3,0,0,3
2022-05-26T07:23:57,3,0,0,3
2022-05-26T07:34:12,3,0,0,3
2022-05-26T07:44:28,3,0,0,3
2022-05-26T07:54:42,3,0,0,3
2022-05-26T08:04:57,3,0,0,3
2022-05-26T08:15:12,3,0,0,3
2022-05-26T08:25:27,3,0,0,3
2022-05-26T08:35:53,3,0,0,3
2022-05-26T08:46:08,3,0,0,3
2022-05-26T08:56:25,3,0,0,3
2022-05-26T09:06:41,3,0,0,3
2022-05-26T09:16:57,3,0,0,3
2022-05-26T09:27:12,3,0,0,3
2022-05-26T09:37:28,3,0,0,3
2022-05-26T09:47:45,3,0,0,3
2022-05-26T09:58:01,3,0,0,3
2022-05-26T10:08:19,3,0,0,3
2022-05-26T10:18:47,3,0,0,3
2022-05-26T10:29:03,3,0,0,3
2022-05-26T10:39:20,3,0,0,3
2022-05-26T10:49:36,3,0,0,3
2022-05-26T10:59:53,3,0,0,3
2022-05-26T11:10:12,3,0,0,3
2022-05-26T11:20:31,3,0,0,3
2022-05-26T11:31:08,3,0,0,3
2022-05-26T11:41:32,3,0,0,3
2022-05-26T11:51:59,3,0,0,3
2022-05-26T12:02:28,3,0,0,3
2022-05-26T12:12:53,3,0,0,3
2022-05-26T12:23:24,3,0,0,3
2022-05-26T12:34:06,3,0,0,3
2022-05-26T12:44:38,3,0,0,3
2022-05-26T12:55:08,3,0,0,3
2022-05-26T13:05:35,3,0,0,3
2022-05-26T13:16:02,3,0,0,3
2022-05-26T13:26:28,3,0,0,3
2022-05-26T13:36:53,3,0,0,3
2022-05-26T13:47:20,3,0,0,3
2022-05-26T13:57:43,3,0,0,3
2022-05-26T14:08:18,3,0,0,3
2022-05-26T14:18:42,3,0,0,3
2022-05-26T14:29:00,3,0,0,3
2022-05-26T14:39:16,3,0,0,3
2022-05-26T14:49:33,3,0,0,3
2022-05-26T14:59:50,3,0,0,3
2022-05-26T15:10:18,3,0,0,3
2022-05-26T15:20:34,3,0,0,3
2022-05-26T15:30:50,3,0,0,3
2022-05-26T15:41:06,3,0,0,3
2022-05-26T15:51:22,3,0,0,3
2022-05-26T16:01:38,3,0,0,3
2022-05-26T16:11:54,3,0,0,3
2022-05-26T16:22:19,3,0,0,3
2022-05-26T16:32:35,3,0,0,3
2022-05-26T16:42:50,3,0,0,3
2022-05-26T16:53:05,3,0,0,3
2022-05-26T17:03:20,3,0,0,3
2022-05-26T17:13:36,3,0,0,3
2022-05-26T17:23:53,3,0,0,3
2022-05-26T17:34:09,3,0,0,3
2022-05-26T17:44:34,3,0,0,3
2022-05-26T17:54:49,3,0,0,3
2022-05-26T18:05:05,3,0,0,3
2022-05-26T18:15:20,3,0,0,3
2022-05-26T18:25:35,3,0,0,3
2022-05-26T18:35:49,3,0,0,3
2022-05-26T18:46:04,3,0,0,3
2022-05-26T18:56:20,3,0,0,3
2022-05-26T19:06:35,3,0,0,3
2022-05-26T19:17:01,3,0,0,3
2022-05-26T19:27:16,3,0,0,3
2022-05-26T19:37:31,3,0,0,3
2022-05-26T19:47:45,3,0,0,3
2022-05-26T19:58:00,3,0,0,3
2022-05-26T20:08:14,3,0,0,3
2022-05-26T20:18:29,3,0,0,3
2022-05-26T20:28:44,3,0,0,3
2022-05-26T20:38:59,3,0,0,3
2022-05-26T20:49:13,3,0,0,3
2022-05-26T20:59:28,3,0,0,3
2022-05-26T21:09:52,3,0,0,3
2022-05-26T21:20:07,3,0,0,3
2022-05-26T21:30:22,3,0,0,3
2022-05-26T21:40:36,3,0,0,3
2022-05-26T21:50:50,3,0,0,3
2022-05-26T22:01:15,3,0,0,3
2022-05-26T22:11:29,3,0,0,3
2022-05-26T22:21:44,3,0,0,3
2022-05-26T22:31:59,3,0,0,3
2022-05-26T22:42:14,3,0,0,3
2022-05-26T22:52:28,3,0,0,3
2022-05-26T23:02:43,3,0,0,3
2022-05-26T23:12:58,3,0,0,3
2022-05-26T23:23:13,3,0,0,3
2022-05-26T23:33:28,3,0,0,3
2022-05-26T23:43:54,3,0,0,3
2022-05-26T23:54:09,3,0,0,3
2022-05-27T00:04:23,3,0,0,3
2022-05-27T00:14:40,3,0,0,3
2022-05-27T00:24:57,3,0,0,3
2022-05-27T00:35:13,3,0,0,3
2022-05-27T00:45:30,3,0,0,3
2022-05-27T00:55:47,3,0,0,3
2022-05-27T01:06:04,3,0,0,3
2022-05-27T01:16:20,3,0,0,3
2022-05-27T01:26:36,3,0,0,3
2022-05-27T01:36:52,3,0,0,3
2022-05-27T01:47:08,3,0,0,3
2022-05-27T01:57:34,3,0,0,3
2022-05-27T02:07:50,3,0,0,3
2022-05-27T02:18:05,3,0,0,3
2022-05-27T02:28:21,3,0,0,3
2022-05-27T02:38:46,3,0,0,3
2022-05-27T02:49:02,3,0,0,3
2022-05-27T02:59:18,3,0,0,3
2022-05-27T03:09:33,3,0,0,3
2022-05-27T03:19:48,3,0,0,3
2022-05-27T03:30:02,3,0,0,3
2022-05-27T03:40:18,3,0,0,3
2022-05-27T03:50:34,3,0,0,3
2022-05-27T04:00:50,3,0,0,3
2022-05-27T04:11:06,3,0,0,3
2022-05-27T04:39:15,3,0,0,3
2022-05-27T04:49:33,3,0,0,3
2022-05-27T04:59:51,3,0,0,3
2022-05-27T05:10:09,3,0,0,3
2022-05-27T05:20:28,3,0,0,3
2022-05-27T05:30:44,3,0,0,3
2022-05-27T05:41:02,3,0,0,3
2022-05-27T05:51:18,3,0,0,3
2022-05-27T06:01:35,3,0,0,3
2022-05-27T06:11:51,3,0,0,3
2022-05-27T06:22:07,3,0,0,3
2022-05-27T06:32:25,3,0,0,3
2022-05-27T06:42:40,3,0,0,3
2022-05-27T06:52:54,3,0,0,3
2022-05-27T07:03:10,3,0,0,3
2022-05-27T07:13:25,3,0,0,3
2022-05-27T07:23:40,3,0,0,3
2022-05-27T07:33:55,3,0,0,3
2022-05-27T07:44:11,3,0,0,3
2022-05-27T07:54:26,3,0,0,3
2022-05-27T08:04:51,3,0,0,3
2022-05-27T08:15:07,3,0,0,3
2022-05-27T08:25:23,3,0,0,3
2022-05-27T08:35:40,3,0,0,3
2022-05-27T08:45:56,3,0,0,3
2022-05-27T08:56:13,3,0,0,3
2022-05-27T09:06:28,3,0,0,3
2022-05-27T09:16:44,3,0,0,3
2022-05-27T09:27:00,3,0,0,3
2022-05-27T09:37:15,3,0,0,3
2022-05-27T09:47:31,3,0,0,3
2022-05-27T09:57:46,3,0,0,3
2022-05-27T10:08:03,3,0,0,3
2022-05-27T10:18:18,3,0,0,3
2022-05-27T10:28:35,3,0,0,3
2022-05-27T10:38:51,3,0,0,3
2022-05-27T10:49:17,3,0,0,3
2022-05-27T10:59:33,3,0,0,3
2022-05-27T11:09:49,3,0,0,3
2022-05-27T11:20:06,3,0,0,3
2022-05-27T11:30:21,3,0,0,3
2022-05-27T11:40:38,3,0,0,3
2022-05-27T11:50:54,3,0,0,3
2022-05-27T12:01:10,3,0,0,3
2022-05-27T12:11:28,3,0,0,3
2022-05-27T12:21:54,3,0,0,3
2022-05-27T12:32:10,3,0,0,3
2022-05-27T12:42:26,3,0,0,3
2022-05-27T12:52:42,3,0,0,3
2022-05-27T13:02:58,3,0,0,3
2022-05-27T13:13:14,3,0,0,3
2022-05-27T13:23:30,3,0,0,3
2022-05-27T13:33:45,3,0,0,3
2022-05-27T13:44:11,3,0,0,3
2022-05-27T13:54:27,3,0,0,3
2022-05-27T14:04:43,3,0,0,3
2022-05-27T14:14:58,3,0,0,3
2022-05-27T14:25:14,3,0,0,3
2022-05-27T14:35:29,3,0,0,3
2022-05-27T14:45:45,3,0,0,3
2022-05-27T14:56:00,3,0,0,3
2022-05-27T15:06:16,3,0,0,3
2022-05-27T15:16:41,3,0,0,3
2022-05-27T15:26:57,3,0,0,3
2022-05-27T15:37:13,3,0,0,3
2022-05-27T15:47:28,3,0,0,3
2022-05-27T15:57:44,3,0,0,3
2022-05-27T16:07:59,3,0,0,3
2022-05-27T16:18:15,3,0,0,3
2022-05-27T16:28:30,3,0,0,3
2022-05-27T16:38:55,3,0,0,3
2022-05-27T16:49:10,3,0,0,3
2022-05-27T16:59:24,3,0,0,3
2022-05-27T17:09:39,3,0,0,3
2022-05-27T17:19:54,3,0,0,3
2022-05-27T17:30:09,3,0,0,3
2022-05-27T17:40:24,3,0,0,3
2022-05-27T17:50:38,3,0,0,3
2022-05-27T18:00:52,3,0,0,3
2022-05-27T18:11:07,3,0,0,3
2022-05-27T18:21:31,3,0,0,3
2022-05-27T18:31:45,3,0,0,3
2022-05-27T18:42:00,3,0,0,3
2022-05-27T18:52:14,3,0,0,3
2022-05-27T19:02:28,3,0,0,3
2022-05-27T19:12:42,3,0,0,3
2022-05-27T19:22:56,3,0,0,3
2022-05-27T19:33:11,3,0,0,3
2022-05-27T19:43:25,3,0,0,3
2022-05-27T19:53:49,3,0,0,3
2022-05-27T20:04:04,3,0,0,3
2022-05-27T20:14:18,3,0,0,3
2022-05-27T20:24:32,3,0,0,3
2022-05-27T20:34:46,3,0,0,3
2022-05-27T20:45:01,3,0,0,3
2022-05-27T20:55:15,3,0,0,3
2022-05-27T21:05:30,3,0,0,3
2022-05-27T21:15:44,3,0,0,3
2022-05-27T21:25:59,3,0,0,3
2022-05-27T21:36:13,3,0,0,3
2022-05-27T21:46:27,3,0,0,3
2022-05-27T21:56:42,3,0,0,3
2022-05-27T22:07:05,3,0,0,3
2022-05-27T22:17:19,3,0,0,3
2022-05-27T22:27:34,3,0,0,3
2022-05-27T22:37:48,3,0,0,3
2022-05-27T22:48:03,3,0,0,3
2022-05-27T22:58:17,3,0,0,3
2022-05-27T23:08:32,3,0,0,3
2022-05-27T23:18:47,3,0,0,3
2022-05-27T23:29:02,3,0,0,3
2022-05-27T23:39:17,3,0,0,3
2022-05-27T23:49:32,3,0,0,3
2022-05-27T23:59:47,3,0,0,3
2022-05-28T00:11:40,3,0,0,3
2022-05-28T00:22:03,3,0,0,3
2022-05-28T00:32:24,3,0,0,3
2022-05-28T00:42:55,3,0,0,3
2022-05-28T00:53:16,3,0,0,3
2022-05-28T01:03:35,3,0,0,3
2022-05-28T01:13:59,3,0,0,3
2022-05-28T01:24:21,3,0,0,3
2022-05-28T01:34:43,3,0,0,3
2022-05-28T01:45:03,3,0,0,3
2022-05-28T01:55:27,3,0,0,3
2022-05-28T02:06:05,3,0,0,3
2022-05-28T02:16:33,3,0,0,3
2022-05-28T02:26:57,3,0,0,3
2022-05-28T02:37:34,3,0,0,3
2022-05-28T02:47:57,3,0,0,3
2022-05-28T02:58:18,3,0,0,3
2022-05-28T03:08:50,3,0,0,3
2022-05-28T03:19:11,3,0,0,3
2022-05-28T03:29:29,3,0,0,3
2022-05-28T03:39:50,3,0,0,3
2022-05-28T03:50:08,3,0,0,3
2022-05-28T04:00:34,3,0,0,3
2022-05-28T04:27:44,3,0,0,3
2022-05-28T04:38:01,3,0,0,3
2022-05-28T04:48:17,3,0,0,3
2022-05-28T04:58:33,3,0,0,3
2022-05-28T05:08:50,3,0,0,3
2022-05-28T05:19:06,3,0,0,3
2022-05-28T05:29:23,3,0,0,3
2022-05-28T05:39:40,3,0,0,3
2022-05-28T05:49:57,3,0,0,3
2022-05-28T06:00:13,3,0,0,3
2022-05-28T06:10:29,3,0,0,3
2022-05-28T06:20:45,3,0,0,3
2022-05-28T06:31:01,3,0,0,3
2022-05-28T06:41:17,3,0,0,3
2022-05-28T06:51:32,3,0,0,3
2022-05-28T07:01:49,3,0,0,3
2022-05-28T07:12:05,3,0,0,3
2022-05-28T07:22:21,3,0,0,3
2022-05-28T07:32:37,3,0,0,3
2022-05-28T07:42:53,3,0,0,3
2022-05-28T07:53:09,3,0,0,3
2022-05-28T08:03:25,3,0,0,3
2022-05-28T08:13:49,3,0,0,3
2022-05-28T08:24:04,3,0,0,3
2022-05-28T08:34:19,3,0,0,3
2022-05-28T08:44:35,3,0,0,3
2022-05-28T08:54:49,3,0,0,3
2022-05-28T09:05:04,3,0,0,3
2022-05-28T09:15:19,3,0,0,3
2022-05-28T09:25:34,3,0,0,3
2022-05-28T09:35:48,3,0,0,3
2022-05-28T09:46:02,3,0,0,3
2022-05-28T09:56:26,3,0,0,3
2022-05-28T10:06:41,3,0,0,3
2022-05-28T10:16:55,3,0,0,3
2022-05-28T10:27:08,3,0,0,3
2022-05-28T10:37:22,3,0,0,3
2022-05-28T10:47:35,3,0,0,3
2022-05-28T10:57:49,3,0,0,3
2022-05-28T11:08:04,3,0,0,3
2022-05-28T11:18:18,3,0,0,3
2022-05-28T11:28:31,3,0,0,3
2022-05-28T11:38:49,3,0,0,3
2022-05-28T11:49:03,3,0,0,3
2022-05-28T11:59:17,3,0,0,3
2022-05-28T12:09:31,3,0,0,3
2022-05-28T12:19:44,3,0,0,3
2022-05-28T12:29:58,3,0,0,3
2022-05-28T12:40:12,3,0,0,3
2022-05-28T12:50:26,3,0,0,3
2022-05-28T13:00:40,3,0,0,3
2022-05-28T13:11:04,3,0,0,3
2022-05-28T13:21:18,3,0,0,3
2022-05-28T13:31:32,3,0,0,3
2022-05-28T13:41:46,3,0,0,3
2022-05-28T13:52:00,3,0,0,3
2022-05-28T14:02:14,3,0,0,3
2022-05-28T14:12:27,3,0,0,3
2022-05-28T14:22:50,3,0,0,3
2022-05-28T14:33:04,3,0,0,3
2022-05-28T14:43:18,3,0,0,3
2022-05-28T14:53:32,3,0,0,3
2022-05-28T15:03:46,3,0,0,3
2022-05-28T15:14:00,3,0,0,3
2022-05-28T15:24:14,3,0,0,3
2022-05-28T15:34:28,3,0,0,3
2022-05-28T15:44:42,3,0,0,3
2022-05-28T15:54:56,3,0,0,3
2022-05-28T16:05:10,3,0,0,3
2022-05-28T16:15:24,3,0,0,3
2022-05-28T16:25:38,3,0,0,3
2022-05-28T16:36:01,3,0,0,3
2022-05-28T16:46:16,3,0,0,3
2022-05-28T16:56:29,3,0,0,3
2022-05-28T17:06:44,3,0,0,3
2022-05-28T17:16:58,3,0,0,3
2022-05-28T17:27:12,3,0,0,3
2022-05-28T17:37:27,3,0,0,3
2022-05-28T17:47:41,3,0,0,3
2022-05-28T17:57:55,3,0,0,3
2022-05-28T18:08:09,3,0,0,3
2022-05-28T18:18:24,3,0,0,3
2022-05-28T18:28:38,3,0,0,3
2022-05-28T18:39:03,3,0,0,3
2022-05-28T18:49:17,3,0,0,3
2022-05-28T18:59:31,3,0,0,3
2022-05-28T19:09:46,3,0,0,3
2022-05-28T19:20:00,3,0,0,3
2022-05-28T19:30:14,3,0,0,3
2022-05-28T19:40:30,3,0,0,3
2022-05-28T19:50:45,3,0,0,3
2022-05-28T20:00:59,3,0,0,3
2022-05-28T20:11:13,3,0,0,3
2022-05-28T20:21:27,3,0,0,3
2022-05-28T20:31:41,3,0,0,3
2022-05-28T20:41:55,3,0,0,3
2022-05-28T20:52:18,3,0,0,3
2022-05-28T21:02:32,3,0,0,3
2022-05-28T21:12:46,3,0,0,3
2022-05-28T21:23:00,3,0,0,3
2022-05-28T21:33:14,3,0,0,3
2022-05-28T21:43:29,3,0,0,3
2022-05-28T21:53:42,3,0,0,3
2022-05-28T22:03:56,3,0,0,3
2022-05-28T22:14:10,3,0,0,3
2022-05-28T22:24:24,3,0,0,3
2022-05-28T22:34:50,3,0,0,3
2022-05-28T22:45:03,3,0,0,3
2022-05-28T22:55:17,3,0,0,3
2022-05-28T23:05:32,3,0,0,3
2022-05-28T23:15:47,3,0,0,3
2022-05-28T23:26:01,3,0,0,3
2022-05-28T23:36:15,3,0,0,3
2022-05-28T23:46:30,3,0,0,3
2022-05-28T23:56:44,3,0,0,3
2022-05-29T00:06:58,3,0,0,3
2022-05-29T00:17:16,3,0,0,3
2022-05-29T00:27:31,3,0,0,3
2022-05-29T00:37:55,3,0,0,3
2022-05-29T00:48:10,3,0,0,3
2022-05-29T00:58:26,3,0,0,3
2022-05-29T01:08:40,3,0,0,3
2022-05-29T01:18:55,3,0,0,3
2022-05-29T01:29:10,3,0,0,3
2022-05-29T01:39:25,3,0,0,3
2022-05-29T01:49:40,3,0,0,3
2022-05-29T01:59:57,3,0,0,3
2022-05-29T02:10:12,3,0,0,3
2022-05-29T02:20:28,3,0,0,3
2022-05-29T02:30:43,3,0,0,3
2022-05-29T02:40:59,3,0,0,3
2022-05-29T02:51:14,3,0,0,3
2022-05-29T03:01:28,3,0,0,3
2022-05-29T03:11:42,3,0,0,3
2022-05-29T03:21:57,3,0,0,3
2022-05-29T03:32:12,3,0,0,3
2022-05-29T03:42:37,3,0,0,3
2022-05-29T03:52:53,3,0,0,3
2022-05-29T04:03:14,3,0,0,3
2022-05-29T04:15:25,3,0,0,3
2022-05-29T04:41:40,3,0,0,3
2022-05-29T04:51:57,3,0,0,3
2022-05-29T05:02:14,3,0,0,3
2022-05-29T05:12:35,3,0,0,3
2022-05-29T05:22:51,3,0,0,3
2022-05-29T05:33:07,3,0,0,3
2022-05-29T05:43:23,3,0,0,3
2022-05-29T05:53:38,3,0,0,3
2022-05-29T06:03:53,3,0,0,3
2022-05-29T06:14:08,3,0,0,3
2022-05-29T06:24:23,3,0,0,3
2022-05-29T06:34:37,3,0,0,3
2022-05-29T06:44:51,3,0,0,3
2022-05-29T06:55:04,3,0,0,3
2022-05-29T07:05:18,3,0,0,3
2022-05-29T07:15:39,3,0,0,3
2022-05-29T07:25:53,3,0,0,3
2022-05-29T07:36:07,3,0,0,3
2022-05-29T07:46:22,3,0,0,3
2022-05-29T07:56:36,3,0,0,3
2022-05-29T08:06:50,3,0,0,3
2022-05-29T08:17:04,3,0,0,3
2022-05-29T08:27:18,3,0,0,3
2022-05-29T08:37:32,3,0,0,3
2022-05-29T08:47:45,3,0,0,3
2022-05-29T08:57:59,3,0,0,3
2022-05-29T09:08:13,3,0,0,3
2022-05-29T09:18:26,3,0,0,3
2022-05-29T09:28:40,3,0,0,3
2022-05-29T09:38:54,3,0,0,3
2022-05-29T09:49:17,3,0,0,3
2022-05-29T09:59:30,3,0,0,3
2022-05-29T10:09:44,3,0,0,3
2022-05-29T10:19:58,3,0,0,3
2022-05-29T10:30:11,3,0,0,3
2022-05-29T10:40:25,3,0,0,3
2022-05-29T10:50:39,3,0,0,3
2022-05-29T11:00:53,3,0,0,3
2022-05-29T11:11:07,3,0,0,3
2022-05-29T11:21:22,3,0,0,3
2022-05-29T11:31:36,3,0,0,3
2022-05-29T11:41:49,3,0,0,3
2022-05-29T11:52:03,3,0,0,3
2022-05-29T12:02:17,3,0,0,3
2022-05-29T12:12:43,3,0,0,3
2022-05-29T12:22:58,3,0,0,3
2022-05-29T12:33:12,3,0,0,3
2022-05-29T12:43:26,3,0,0,3
2022-05-29T12:53:41,3,0,0,3
2022-05-29T13:03:55,3,0,0,3
2022-05-29T13:14:09,3,0,0,3
2022-05-29T13:24:23,3,0,0,3
2022-05-29T13:34:38,3,0,0,3
2022-05-29T13:44:52,3,0,0,3
2022-05-29T13:55:06,3,0,0,3
2022-05-29T14:05:20,3,0,0,3
2022-05-29T14:15:44,3,0,0,3
2022-05-29T14:25:59,3,0,0,3
2022-05-29T14:36:12,3,0,0,3
2022-05-29T14:46:26,3,0,0,3
2022-05-29T14:56:40,3,0,0,3
2022-05-29T15:06:55,3,0,0,3
2022-05-29T15:17:09,3,0,0,3
2022-05-29T15:27:23,3,0,0,3
2022-05-29T15:37:37,3,0,0,3
2022-05-29T15:47:51,3,0,0,3
2022-05-29T15:58:05,3,0,0,3
2022-05-29T16:08:28,3,0,0,3
2022-05-29T16:18:43,3,0,0,3
2022-05-29T16:28:56,3,0,0,3
2022-05-29T16:39:10,3,0,0,3
2022-05-29T16:49:24,3,0,0,3
2022-05-29T16:59:38,3,0,0,3
2022-05-29T17:09:53,3,0,0,3
2022-05-29T17:20:07,3,0,0,3
2022-05-29T17:30:21,3,0,0,3
2022-05-29T17:40:35,3,0,0,3
2022-05-29T17:50:58,3,0,0,3
2022-05-29T18:01:11,3,0,0,3
2022-05-29T18:11:26,3,0,0,3
2022-05-29T18:21:40,3,0,0,3
2022-05-29T18:31:54,3,0,0,3
2022-05-29T18:42:09,3,0,0,3
2022-05-29T18:52:23,3,0,0,3
2022-05-29T19:02:36,3,0,0,3
2022-05-29T19:12:50,3,0,0,3
2022-05-29T19:23:15,3,0,0,3
2022-05-29T19:33:29,3,0,0,3
2022-05-29T19:43:43,3,0,0,3
2022-05-29T19:53:57,3,0,0,3
2022-05-29T20:04:11,3,0,0,3
2022-05-29T20:14:25,3,0,0,3
2022-05-29T20:24:39,3,0,0,3
2022-05-29T20:34:53,3,0,0,3
2022-05-29T20:45:07,3,0,0,3
2022-05-29T20:55:22,3,0,0,3
2022-05-29T21:05:35,3,0,0,3
2022-05-29T21:15:50,3,0,0,3
2022-05-29T21:26:04,3,0,0,3
2022-05-29T21:36:18,3,0,0,3
2022-05-29T21:46:42,3,0,0,3
2022-05-29T21:56:56,3,0,0,3
2022-05-29T22:07:09,3,0,0,3
2022-05-29T22:17:24,3,0,0,3
2022-05-29T22:27:39,3,0,0,3
2022-05-29T22:37:52,3,0,0,3
2022-05-29T22:48:06,3,0,0,3
2022-05-29T22:58:20,3,0,0,3
2022-05-29T23:08:35,3,0,0,3
2022-05-29T23:18:49,3,0,0,3
2022-05-29T23:29:14,3,0,0,3
2022-05-29T23:39:29,3,0,0,3
2022-05-29T23:49:43,3,0,0,3
2022-05-29T23:59:57,3,0,0,3
2022-05-30T00:10:12,3,0,0,3
2022-05-30T00:20:29,3,0,0,3
2022-05-30T00:30:46,3,0,0,3
2022-05-30T00:41:03,3,0,0,3
2022-05-30T00:51:19,3,0,0,3
2022-05-30T01:01:35,3,0,0,3
2022-05-30T01:12:00,3,0,0,3
2022-05-30T01:22:18,3,0,0,3
2022-05-30T01:32:35,3,0,0,3
2022-05-30T01:42:52,3,0,0,3
2022-05-30T01:53:08,3,0,0,3
2022-05-30T02:03:24,3,0,0,3
2022-05-30T02:13:40,3,0,0,3
2022-05-30T02:23:55,3,0,0,3
2022-05-30T02:34:10,3,0,0,3
2022-05-30T02:44:25,3,0,0,3
2022-05-30T02:54:39,3,0,0,3
2022-05-30T03:04:53,3,0,0,3
2022-05-30T03:15:08,3,0,0,3
2022-05-30T03:25:23,3,0,0,3
2022-05-30T03:35:37,3,0,0,3
2022-05-30T03:45:54,3,0,0,3
2022-05-30T03:56:19,3,0,0,3
2022-05-30T04:06:34,3,0,0,3
2022-05-30T04:23:05,3,0,0,3
2022-05-30T04:33:23,3,0,0,3
2022-05-30T04:43:39,3,0,0,3
2022-05-30T04:53:55,3,0,0,3
2022-05-30T05:04:13,3,0,0,3
2022-05-30T05:14:31,3,0,0,3
2022-05-30T05:24:48,3,0,0,3
2022-05-30T05:35:04,3,0,0,3
2022-05-30T05:45:24,3,0,0,3
2022-05-30T05:55:40,3,0,0,3
2022-05-30T06:05:56,3,0,0,3
2022-05-30T06:16:12,3,0,0,3
2022-05-30T06:26:28,3,0,0,3
2022-05-30T06:36:44,3,0,0,3
2022-05-30T06:46:59,3,0,0,3
2022-05-30T06:57:13,3,0,0,3
2022-05-30T07:07:29,3,0,0,3
2022-05-30T07:17:43,3,0,0,3
2022-05-30T07:27:57,3,0,0,3
2022-05-30T07:38:11,3,0,0,3
2022-05-30T07:48:40,3,0,0,3
2022-05-30T07:58:54,3,0,0,3
2022-05-30T08:09:09,3,0,0,3
2022-05-30T08:19:23,3,0,0,3
2022-05-30T08:29:37,3,0,0,3
2022-05-30T08:39:51,3,0,0,3
2022-05-30T08:50:05,3,0,0,3
2022-05-30T09:00:19,3,0,0,3
2022-05-30T09:10:33,3,0,0,3
2022-05-30T09:20:47,3,0,0,3
2022-05-30T09:31:00,3,0,0,3
2022-05-30T09:41:15,3,0,0,3
2022-05-30T09:51:30,3,0,0,3
2022-05-30T10:01:45,3,0,0,3
2022-05-30T10:12:01,3,0,0,3
2022-05-30T10:22:15,3,0,0,3
2022-05-30T10:32:47,3,0,0,3
2022-05-30T10:43:01,3,0,0,3
2022-05-30T10:53:16,3,0,0,3
2022-05-30T11:03:31,3,0,0,3
2022-05-30T11:13:46,3,0,0,3
2022-05-30T11:24:00,3,0,0,3
2022-05-30T11:34:14,3,0,0,3
2022-05-30T11:44:29,3,0,0,3
2022-05-30T11:54:43,3,0,0,3
2022-05-30T12:05:08,3,0,0,3
2022-05-30T12:15:22,3,0,0,3
2022-05-30T12:25:37,3,0,0,3
2022-05-30T12:35:52,3,0,0,3
2022-05-30T12:46:06,3,0,0,3
2022-05-30T12:56:20,3,0,0,3
2022-05-30T13:06:35,3,0,0,3
2022-05-30T13:16:49,3,0,0,3
2022-05-30T13:27:20,3,0,0,3
2022-05-30T13:37:34,3,0,0,3
2022-05-30T13:47:49,3,0,0,3
2022-05-30T13:58:03,3,0,0,3
2022-05-30T14:08:18,3,0,0,3
2022-05-30T14:18:33,3,0,0,3
2022-05-30T14:28:48,3,0,0,3
2022-05-30T14:39:02,3,0,0,3
2022-05-30T14:49:26,3,0,0,3
2022-05-30T14:59:41,3,0,0,3
2022-05-30T15:09:56,3,0,0,3
2022-05-30T15:20:10,3,0,0,3
2022-05-30T15:30:25,3,0,0,3
2022-05-30T15:40:40,3,0,0,3
2022-05-30T15:50:55,3,0,0,3
2022-05-30T16:01:10,3,0,0,3
2022-05-30T16:11:34,3,0,0,3
2022-05-30T16:21:49,3,0,0,3
2022-05-30T16:32:04,3,0,0,3
2022-05-30T16:42:18,3,0,0,3
2022-05-30T16:52:32,3,0,0,3
2022-05-30T17:02:47,3,0,0,3
2022-05-30T17:13:21,3,0,0,3
2022-05-30T17:23:36,3,0,0,3
2022-05-30T17:33:51,3,0,0,3
2022-05-30T17:44:05,3,0,0,3
2022-05-30T17:54:19,3,0,0,3
2022-05-30T18:04:34,3,0,0,3
2022-05-30T18:14:49,3,0,0,3
2022-05-30T18:25:03,3,0,0,3
2022-05-30T18:35:28,3,0,0,3
2022-05-30T18:45:42,3,0,0,3
2022-05-30T18:55:56,3,0,0,3
2022-05-30T19:06:12,3,0,0,3
2022-05-30T19:16:27,3,0,0,3
2022-05-30T19:26:41,3,0,0,3
2022-05-30T19:36:56,3,0,0,3
2022-05-30T19:47:20,3,0,0,3
2022-05-30T19:57:35,3,0,0,3
2022-05-30T20:07:49,3,0,0,3
2022-05-30T20:18:04,3,0,0,3
2022-05-30T20:28:19,3,0,0,3
2022-05-30T20:38:33,3,0,0,3
2022-05-30T20:48:48,3,0,0,3
2022-05-30T20:59:20,3,0,0,3
2022-05-30T21:09:35,3,0,0,3
2022-05-30T21:19:49,3,0,0,3
2022-05-30T21:30:04,3,0,0,3
2022-05-30T21:40:20,3,0,0,3
2022-05-30T21:50:34,3,0,0,3
2022-05-30T22:01:00,3,0,0,3
2022-05-30T22:11:15,3,0,0,3
2022-05-30T22:21:32,3,0,0,3
2022-05-30T22:31:47,3,0,0,3
2022-05-30T22:42:02,3,0,0,3
2022-05-30T22:52:17,3,0,0,3
2022-05-30T23:02:49,3,0,0,3
2022-05-30T23:13:04,3,0,0,3
2022-05-30T23:23:19,3,0,0,3
2022-05-30T23:33:34,3,0,0,3
2022-05-30T23:43:49,3,0,0,3
2022-05-30T23:54:03,3,0,0,3
2022-05-31T00:04:28,3,0,0,3
2022-05-31T00:14:46,3,0,0,3
2022-05-31T00:25:02,3,0,0,3
2022-05-31T00:35:16,3,0,0,3
2022-05-31T00:45:32,3,0,0,3
2022-05-31T00:55:46,3,0,0,3
2022-05-31T01:06:24,3,0,0,3
2022-05-31T01:16:40,3,0,0,3
2022-05-31T01:26:56,3,0,0,3
2022-05-31T01:37:12,3,0,0,3
2022-05-31T01:47:27,3,0,0,3
2022-05-31T01:57:41,3,0,0,3
2022-05-31T02:07:57,3,0,0,3
2022-05-31T02:18:13,3,0,0,3
2022-05-31T02:28:28,3,0,0,3
2022-05-31T02:38:44,3,0,0,3
2022-05-31T02:49:08,3,0,0,3
2022-05-31T02:59:23,3,0,0,3
2022-05-31T03:09:38,3,0,0,3
2022-05-31T03:19:53,3,0,0,3
2022-05-31T03:30:09,3,0,0,3
2022-05-31T03:40:25,3,0,0,3
2022-05-31T03:50:41,3,0,0,3
2022-05-31T04:00:58,3,0,0,3
2022-05-31T04:11:15,3,0,0,3
2022-05-31T04:38:39,3,0,0,3
2022-05-31T04:48:57,3,0,0,3
2022-05-31T04:59:14,3,0,0,3
2022-05-31T05:09:32,3,0,0,3
2022-05-31T05:19:48,3,0,0,3
2022-05-31T05:30:05,3,0,0,3
2022-05-31T05:40:22,3,0,0,3
2022-05-31T05:50:39,3,0,0,3
2022-05-31T06:00:55,3,0,0,3
2022-05-31T06:11:11,3,0,0,3
2022-05-31T06:21:26,3,0,0,3
2022-05-31T06:31:42,3,0,0,3
2022-05-31T06:41:56,3,0,0,3
2022-05-31T06:52:11,3,0,0,3
2022-05-31T07:02:32,3,0,0,3
2022-05-31T07:12:53,3,0,0,3
2022-05-31T07:23:12,3,0,0,3
2022-05-31T07:33:31,3,0,0,3
2022-05-31T07:43:51,3,0,0,3
2022-05-31T07:54:13,3,0,0,3
2022-05-31T08:04:31,3,0,0,3
2022-05-31T08:14:53,3,0,0,3
2022-05-31T08:25:12,3,0,0,3
2022-05-31T08:35:33,3,0,0,3
2022-05-31T08:46:08,3,0,0,3
2022-05-31T08:56:38,3,0,0,3
2022-05-31T09:07:13,3,0,0,3
2022-05-31T09:17:40,3,0,0,3
2022-05-31T09:28:06,3,0,0,3
2022-05-31T09:38:34,3,0,0,3
2022-05-31T09:49:01,3,0,0,3
2022-05-31T09:59:27,3,0,0,3
2022-05-31T10:10:06,3,0,0,3
2022-05-31T10:20:31,3,0,0,3
2022-05-31T10:30:54,3,0,0,3
2022-05-31T10:41:17,3,0,0,3
2022-05-31T10:51:38,3,0,0,3
2022-05-31T11:02:19,3,0,0,3
2022-05-31T11:12:41,3,0,0,3
2022-05-31T11:23:04,3,0,0,3
2022-05-31T11:33:26,3,0,0,3
2022-05-31T11:43:48,3,0,0,3
2022-05-31T11:54:22,3,0,0,3
2022-05-31T12:04:43,3,0,0,3
2022-05-31T12:15:04,3,0,0,3
2022-05-31T12:25:25,3,0,0,3
2022-05-31T12:35:47,3,0,0,3
2022-05-31T12:46:21,3,0,0,3
2022-05-31T12:56:42,3,0,0,3
2022-05-31T13:07:05,3,0,0,3
2022-05-31T13:17:27,3,0,0,3
2022-05-31T13:27:59,3,0,0,3
2022-05-31T13:38:21,3,0,0,3
2022-05-31T13:48:45,3,0,0,3
2022-05-31T13:59:07,3,0,0,3
2022-05-31T14:09:31,3,0,0,3
2022-05-31T14:20:14,3,0,0,3
2022-05-31T14:30:37,3,0,0,3
2022-05-31T14:40:59,3,0,0,3
2022-05-31T14:51:21,3,0,0,3
2022-05-31T15:01:45,3,0,0,3
2022-05-31T15:12:19,3,0,0,3
2022-05-31T15:22:40,3,0,0,3
2022-05-31T15:33:02,3,0,0,3
2022-05-31T15:43:25,3,0,0,3
2022-05-31T15:53:46,3,0,0,3
2022-05-31T16:04:19,3,0,0,3
2022-05-31T16:14:41,3,0,0,3
2022-05-31T16:25:02,3,0,0,3
2022-05-31T16:35:24,3,0,0,3
2022-05-31T16:45:45,3,0,0,3
2022-05-31T16:56:16,3,0,0,3
2022-05-31T17:06:38,3,0,0,3
2022-05-31T17:17:00,3,0,0,3
2022-05-31T17:27:21,3,0,0,3
2022-05-31T17:37:41,3,0,0,3
2022-05-31T17:48:01,3,0,0,3
2022-05-31T17:58:32,3,0,0,3
2022-05-31T18:08:54,3,0,0,3
2022-05-31T18:19:14,3,0,0,3
2022-05-31T18:29:34,3,0,0,3
2022-05-31T18:39:54,3,0,0,3
2022-05-31T18:50:17,3,0,0,3
2022-05-31T19:00:49,3,0,0,3
2022-05-31T19:11:10,3,0,0,3
2022-05-31T19:21:31,3,0,0,3
2022-05-31T19:31:51,3,0,0,3
2022-05-31T19:42:11,3,0,0,3
2022-05-31T19:52:31,3,0,0,3
2022-05-31T20:03:04,3,0,0,3
2022-05-31T20:13:25,3,0,0,3
2022-05-31T20:23:45,3,0,0,3
2022-05-31T20:34:05,3,0,0,3
2022-05-31T20:44:24,3,0,0,3
2022-05-31T20:54:44,3,0,0,3
2022-05-31T21:05:15,3,0,0,3
2022-05-31T21:15:35,3,0,0,3
2022-05-31T21:25:54,3,0,0,3
2022-05-31T21:36:13,3,0,0,3
2022-05-31T21:46:33,3,0,0,3
2022-05-31T21:57:13,3,0,0,3
2022-05-31T22:07:33,3,0,0,3
2022-05-31T22:17:53,3,0,0,3
2022-05-31T22:28:12,3,0,0,3
2022-05-31T22:38:32,3,0,0,3
2022-05-31T22:48:51,3,0,0,3
2022-05-31T22:59:10,3,0,0,3
2022-05-31T23:09:42,3,0,0,3
2022-05-31T23:20:01,3,0,0,3
2022-05-31T23:30:21,3,0,0,3
2022-05-31T23:40:41,3,0,0,3
2022-05-31T23:51:00,3,0,0,3
2022-06-01T00:01:21,3,0,0,3
2022-06-01T00:11:45,3,0,0,3
2022-06-01T00:22:17,3,0,0,3
2022-06-01T00:32:38,3,0,0,3
2022-06-01T00:43:01,3,0,0,3
2022-06-01T00:53:22,3,0,0,3
2022-06-01T01:03:44,3,0,0,3
2022-06-01T01:14:04,3,0,0,3
2022-06-01T01:24:25,3,0,0,3
2022-06-01T01:34:44,3,0,0,3
2022-06-01T01:45:04,3,0,0,3
2022-06-01T01:55:25,3,0,0,3
2022-06-01T02:05:45,3,0,0,3
2022-06-01T02:16:18,3,0,0,3
2022-06-01T02:26:38,3,0,0,3
2022-06-01T02:37:06,3,0,0,3
2022-06-01T02:47:26,3,0,0,3
2022-06-01T02:57:45,3,0,0,3
2022-06-01T03:08:05,3,0,0,3
2022-06-01T03:18:24,3,0,0,3
2022-06-01T03:28:43,3,0,0,3
2022-06-01T03:39:03,3,0,0,3
2022-06-01T03:49:23,3,0,0,3
2022-06-01T03:59:43,3,0,0,3
2022-06-01T04:10:04,3,0,0,3
2022-06-01T04:34:54,3,0,0,3
2022-06-01T04:45:14,3,0,0,3
2022-06-01T04:55:34,3,0,0,3
2022-06-01T05:05:57,3,0,0,3
2022-06-01T05:17:43,3,0,0,3
2022-06-01T05:28:23,3,0,0,3
2022-06-01T05:38:44,3,0,0,3
2022-06-01T05:49:07,3,0,0,3
2022-06-01T05:59:28,3,0,0,3
2022-06-01T06:09:49,3,0,0,3
2022-06-01T06:20:09,3,0,0,3
2022-06-01T06:30:29,3,0,0,3
2022-06-01T06:40:49,3,0,0,3
2022-06-01T06:51:08,3,0,0,3
2022-06-01T07:01:27,3,0,0,3
2022-06-01T07:11:47,3,0,0,3
2022-06-01T07:22:06,3,0,0,3
2022-06-01T07:32:26,3,0,0,3
2022-06-01T07:42:46,3,0,0,3
2022-06-01T07:53:10,3,0,0,3
2022-06-01T08:03:30,3,0,0,3
2022-06-01T08:13:51,3,0,0,3
2022-06-01T08:24:12,3,0,0,3
2022-06-01T08:34:45,3,0,0,3
2022-06-01T08:45:05,3,0,0,3
2022-06-01T08:55:26,3,0,0,3
2022-06-01T09:05:48,3,0,0,3
2022-06-01T09:16:10,3,0,0,3
2022-06-01T09:26:33,3,0,0,3
2022-06-01T09:36:54,3,0,0,3
2022-06-01T09:47:17,3,0,0,3
2022-06-01T09:57:39,3,0,0,3
2022-06-01T10:08:02,3,0,0,3
2022-06-01T10:18:36,3,0,0,3
2022-06-01T10:29:01,3,0,0,3
2022-06-01T10:39:24,3,0,0,3
2022-06-01T10:49:46,3,0,0,3
2022-06-01T11:00:10,3,0,0,3
2022-06-01T11:10:40,3,0,0,3
2022-06-01T11:21:08,3,0,0,3
2022-06-01T11:31:47,3,0,0,3
2022-06-01T11:42:14,3,0,0,3
2022-06-01T11:52:42,3,0,0,3
2022-06-01T12:03:11,3,0,0,3
2022-06-01T12:13:42,3,0,0,3
2022-06-01T12:24:14,3,0,0,3
2022-06-01T12:34:56,3,0,0,3
2022-06-01T12:45:30,3,0,0,3
2022-06-01T12:56:07,3,0,0,3
2022-06-01T13:06:39,3,0,0,3
2022-06-01T13:17:11,3,0,0,3
2022-06-01T13:27:42,3,0,0,3
2022-06-01T13:38:24,3,0,0,3
2022-06-01T13:48:55,3,0,0,3
2022-06-01T13:59:25,3,0,0,3
2022-06-01T14:09:56,3,0,0,3
2022-06-01T14:20:24,3,0,0,3
2022-06-01T14:31:04,3,0,0,3
2022-06-01T14:41:31,3,0,0,3
2022-06-01T14:51:56,3,0,0,3
2022-06-01T15:02:21,3,0,0,3
2022-06-01T15:12:45,3,0,1,3
2022-06-01T15:23:22,3,0,1,3
2022-06-01T15:33:46,3,0,1,3
2022-06-01T15:44:10,3,0,1,3
2022-06-01T15:54:34,3,0,1,3
2022-06-01T16:04:58,3,0,1,3
2022-06-01T16:15:35,3,0,1,3
2022-06-01T16:25:59,3,0,1,3
2022-06-01T16:36:21,3,0,1,3
2022-06-01T16:46:45,3,0,1,3
2022-06-01T16:57:09,3,0,1,3
2022-06-01T17:07:46,3,0,1,3
2022-06-01T17:18:10,3,0,1,3
2022-06-01T17:28:34,3,0,1,3
2022-06-01T17:38:55,3,0,1,3
2022-06-01T17:49:17,3,0,1,3
2022-06-01T17:59:53,3,0,1,3
2022-06-01T18:10:18,3,0,1,3
2022-06-01T18:20:41,3,0,1,3
2022-06-01T18:31:05,3,0,1,3
2022-06-01T18:41:28,3,0,1,3
2022-06-01T18:52:02,3,0,1,3
2022-06-01T19:02:24,3,0,1,3
2022-06-01T19:12:47,3,0,1,3
2022-06-01T19:23:09,3,0,1,3
2022-06-01T19:33:33,3,0,1,3
2022-06-01T19:44:06,3,0,1,3
2022-06-01T19:54:29,3,0,1,3
2022-06-01T20:04:51,3,0,1,3
2022-06-01T20:15:13,3,0,1,3
2022-06-01T20:25:36,3,0,1,3
2022-06-01T20:36:10,3,0,1,3
2022-06-01T20:46:33,3,0,1,3
2022-06-01T20:56:54,3,0,1,3
2022-06-01T21:07:16,3,0,1,3
2022-06-01T21:17:49,3,0,1,3
2022-06-01T21:28:11,3,0,1,3
2022-06-01T21:38:33,3,0,1,3
2022-06-01T21:48:55,3,0,1,3
2022-06-01T21:59:16,3,0,1,3
2022-06-01T22:09:40,3,0,1,3
2022-06-01T22:20:14,3,0,1,3
2022-06-01T22:30:35,3,0,1,3
2022-06-01T22:40:57,3,0,1,3
2022-06-01T22:51:18,3,0,1,3
2022-06-01T23:01:39,3,0,1,3
2022-06-01T23:12:01,3,0,1,3
2022-06-01T23:22:33,3,0,1,3
2022-06-01T23:32:55,3,0,1,3
2022-06-01T23:43:16,3,0,1,3
2022-06-01T23:53:37,3,0,1,3
2022-06-02T00:03:59,3,0,1,3
2022-06-02T00:14:23,3,0,1,3
2022-06-02T00:24:58,3,0,2,3
2022-06-02T00:35:21,3,0,2,3
2022-06-02T00:45:44,3,0,2,3
2022-06-02T00:56:05,3,0,2,3
2022-06-02T01:06:29,3,0,2,3
2022-06-02T01:16:50,3,0,2,3
2022-06-02T01:27:13,3,0,2,3
2022-06-02T01:37:35,3,0,2,3
2022-06-02T01:47:56,3,0,2,3
2022-06-02T01:58:20,3,0,2,3
2022-06-02T02:08:48,3,0,2,3
2022-06-02T02:19:13,3,0,2,3
2022-06-02T02:29:48,3,0,2,3
2022-06-02T02:40:11,3,0,2,3
2022-06-02T02:50:36,3,0,2,3
2022-06-02T03:00:59,3,0,2,3
2022-06-02T03:11:22,3,0,2,3
2022-06-02T03:21:46,3,0,2,3
2022-06-02T03:32:13,3,0,2,3
2022-06-02T03:42:41,3,0,2,3
2022-06-02T03:53:06,3,0,2,3
2022-06-02T04:04:44,3,0,2,3
2022-06-02T04:38:06,3,0,2,3
2022-06-02T04:48:36,3,0,2,3
2022-06-02T04:59:07,3,0,2,3
2022-06-02T05:09:37,3,0,2,3
2022-06-02T05:20:06,3,0,2,3
2022-06-02T05:30:32,3,0,2,3
2022-06-02T05:40:59,3,0,2,3
2022-06-02T05:51:26,3,0,2,3
2022-06-02T06:01:50,3,0,2,3
2022-06-02T06:12:12,3,0,2,3
2022-06-02T06:22:34,3,0,2,3
2022-06-02T06:32:58,3,0,2,3
2022-06-02T06:43:20,3,0,2,3
2022-06-02T06:53:41,3,0,2,3
2022-06-02T07:04:05,3,0,2,3
2022-06-02T07:14:28,3,0,2,3
2022-06-02T07:24:51,3,0,2,3
2022-06-02T07:35:12,3,0,2,3
2022-06-02T07:45:34,3,0,2,3
2022-06-02T07:55:55,3,0,2,3
2022-06-02T09:42:42,3,0,3,3
2022-06-02T09:53:08,3,0,3,3
2022-06-02T10:03:36,3,0,3,3
2022-06-02T10:14:01,3,0,3,3
2022-06-02T10:24:26,3,0,3,3
2022-06-02T10:35:01,3,0,4,3
2022-06-02T10:45:27,3,0,4,3
2022-06-02T10:55:53,3,0,4,3
2022-06-02T11:06:20,3,0,4,3
2022-06-02T11:16:46,3,0,4,3
2022-06-02T11:27:27,3,0,4,3
2022-06-02T11:37:52,3,0,4,3
2022-06-02T11:48:17,3,0,4,3
2022-06-02T11:58:42,3,0,4,3
2022-06-02T12:09:07,3,0,4,3
2022-06-02T12:19:31,3,0,4,3
2022-06-02T12:30:05,3,0,4,3
2022-06-02T12:40:30,3,0,4,3
2022-06-02T12:50:55,3,0,4,3
2022-06-02T13:01:19,3,0,4,3
2022-06-02T13:11:44,3,0,4,3
2022-06-02T13:22:24,3,0,4,3
2022-06-02T13:32:56,3,0,4,3
2022-06-02T13:43:31,3,0,4,3
2022-06-02T13:54:06,3,0,4,3
2022-06-02T14:04:44,3,0,4,3
2022-06-02T14:15:27,3,0,4,3
2022-06-02T14:26:03,3,0,4,3
2022-06-02T14:36:53,3,0,4,3
2022-06-02T14:47:25,3,0,4,3
2022-06-02T14:58:02,3,0,4,3
2022-06-02T15:08:37,3,0,4,3
2022-06-02T15:19:11,3,0,4,3
2022-06-02T15:29:44,3,0,4,3
2022-06-02T15:40:28,3,0,4,3
2022-06-02T15:51:01,3,0,4,3
2022-06-02T16:01:33,3,0,4,3
2022-06-02T16:12:05,3,0,4,3
2022-06-02T16:22:38,3,0,4,3
2022-06-02T16:33:08,3,0,4,3
2022-06-02T16:43:35,3,0,4,3
2022-06-02T16:54:13,3,0,4,3
2022-06-02T17:04:36,3,0,4,3
2022-06-02T17:15:00,3,0,4,3
2022-06-02T17:25:22,3,0,4,3
2022-06-02T17:35:44,3,0,4,3
2022-06-02T17:46:06,3,0,4,3
2022-06-02T17:56:28,3,0,4,3
2022-06-02T18:07:02,3,0,4,3
2022-06-02T18:17:24,3,0,4,3
2022-06-02T18:27:46,3,0,4,3
2022-06-02T18:38:08,3,0,4,3
2022-06-02T18:48:30,3,0,4,3
2022-06-02T18:58:52,3,0,4,3
2022-06-02T19:09:15,3,0,4,3
2022-06-02T19:19:37,3,0,4,3
2022-06-02T19:30:10,3,0,4,3
2022-06-02T19:40:31,3,0,4,3
2022-06-02T19:50:53,3,0,4,3
2022-06-02T20:01:14,3,0,4,3
2022-06-02T20:11:37,3,0,4,3
2022-06-02T20:21:59,3,0,4,3
2022-06-02T20:32:21,3,0,4,3
2022-06-02T20:42:44,3,0,4,3
2022-06-02T20:53:06,3,0,4,3
2022-06-02T21:03:39,3,0,4,3
2022-06-02T21:14:02,3,0,4,3
2022-06-02T21:24:23,3,0,4,3
2022-06-02T21:34:45,3,0,4,3
2022-06-02T21:45:07,3,0,4,3
2022-06-02T21:55:29,3,0,4,3
2022-06-02T22:05:51,3,0,4,3
2022-06-02T22:16:13,3,0,4,3
2022-06-02T22:26:34,3,0,4,3
2022-06-02T22:37:03,3,0,4,3
2022-06-02T22:47:43,3,0,4,3
2022-06-02T22:58:08,3,0,4,3
2022-06-02T23:08:35,3,0,4,3
2022-06-02T23:19:03,3,0,4,3
2022-06-02T23:29:31,3,0,4,3
2022-06-02T23:39:58,3,0,4,3
2022-06-02T23:50:29,3,0,4,3
2022-06-03T00:00:59,3,0,4,3
2022-06-03T00:11:31,3,0,4,3
2022-06-03T00:22:21,3,0,4,3
2022-06-03T00:32:53,3,0,4,3
2022-06-03T00:43:27,3,0,4,3
2022-06-03T00:53:57,3,0,4,3
2022-06-03T01:04:30,3,0,4,3
2022-06-03T01:15:05,3,0,4,3
2022-06-03T01:25:32,3,0,4,3
2022-06-03T01:35:59,3,0,4,3
2022-06-03T01:46:23,3,0,4,3
2022-06-03T01:56:48,3,0,4,3
2022-06-03T02:07:10,3,0,4,3
2022-06-03T02:17:32,3,0,4,3
2022-06-03T02:27:53,3,0,4,3
2022-06-03T02:38:30,3,0,4,3
2022-06-03T02:48:53,3,0,4,3
2022-06-03T02:59:17,3,0,4,3
2022-06-03T03:09:39,3,0,4,3
2022-06-03T03:20:01,3,0,4,3
2022-06-03T03:30:23,3,0,4,3
2022-06-03T03:40:45,3,0,4,3
2022-06-03T03:51:08,3,0,4,3
2022-06-03T04:04:07,3,0,4,3
2022-06-03T04:26:03,3,0,4,3
2022-06-03T04:36:48,3,0,4,3
2022-06-03T04:47:12,3,0,4,3
2022-06-03T04:57:36,3,0,4,3
2022-06-03T05:08:01,3,0,4,3
2022-06-03T05:18:26,3,0,4,3
2022-06-03T05:28:50,3,0,4,3
2022-06-03T05:39:14,3,0,4,3
2022-06-03T05:49:38,3,0,4,3
2022-06-03T06:00:03,3,0,4,3
2022-06-03T06:10:27,3,0,4,3
2022-06-03T06:20:50,3,0,4,3
2022-06-03T06:31:14,3,0,4,3
2022-06-03T06:41:37,3,0,4,3
2022-06-03T06:51:58,3,0,4,3
2022-06-03T07:02:20,3,0,4,3
2022-06-03T07:12:43,3,0,4,3
2022-06-03T07:23:05,3,0,4,3
2022-06-03T07:33:27,3,0,4,3
2022-06-03T07:43:49,3,0,4,3
2022-06-03T07:54:11,3,0,4,3
2022-06-03T08:04:33,3,0,4,3
2022-06-03T08:14:55,3,0,4,3
2022-06-03T08:25:18,3,0,4,3
2022-06-03T08:35:40,3,0,4,3
2022-06-03T08:46:02,3,0,4,3
2022-06-03T08:56:25,3,0,4,3
2022-06-03T09:06:53,3,0,4,3
2022-06-03T09:17:18,3,0,4,3
2022-06-03T09:27:53,3,0,4,3
2022-06-03T09:38:17,3,0,4,3
2022-06-03T09:48:40,3,0,4,3
2022-06-03T09:59:04,3,0,4,3
2022-06-03T10:09:28,3,0,4,3
2022-06-03T10:19:52,3,0,4,3
2022-06-03T10:30:16,3,0,4,3
2022-06-03T10:40:40,3,0,4,3
2022-06-03T10:51:05,3,0,4,3
2022-06-03T11:01:31,3,0,4,3
2022-06-03T11:12:09,3,0,4,3
2022-06-03T11:22:35,3,0,4,3
2022-06-03T11:32:59,3,0,4,3
2022-06-03T11:43:23,3,0,4,3
2022-06-03T11:53:48,3,0,4,3
2022-06-03T12:04:13,3,0,4,3
2022-06-03T12:14:37,3,0,4,3
2022-06-03T12:25:01,3,0,4,3
2022-06-03T12:35:26,3,0,4,3
2022-06-03T12:45:51,3,0,4,3
2022-06-03T12:56:15,3,0,4,3
2022-06-03T13:06:39,3,0,4,3
2022-06-03T13:17:16,3,0,4,3
2022-06-03T13:27:40,3,0,4,3
2022-06-03T13:38:05,3,0,4,3
2022-06-03T13:48:37,3,0,4,3
2022-06-03T13:59:02,3,0,4,3
2022-06-03T14:09:28,3,0,4,3
2022-06-03T14:20:28,3,0,4,3
2022-06-03T14:30:56,3,0,4,3
2022-06-03T14:41:34,3,0,4,3
2022-06-03T14:52:01,3,0,4,3
2022-06-03T15:02:27,3,0,4,3
2022-06-03T15:12:52,3,0,4,3
2022-06-03T15:23:17,3,0,4,3
2022-06-03T15:33:41,3,0,4,3
2022-06-03T15:44:06,3,0,4,3
2022-06-03T15:54:31,3,0,4,3
2022-06-03T16:04:55,3,0,4,3
2022-06-03T16:15:20,3,0,4,3
2022-06-03T16:25:44,3,0,4,3
2022-06-03T16:36:08,3,0,4,3
2022-06-03T16:46:44,3,0,4,3
2022-06-03T16:57:08,3,0,4,3
2022-06-03T17:07:33,3,0,4,3
2022-06-03T17:17:56,3,0,4,3
2022-06-03T17:28:20,3,0,4,3
2022-06-03T17:38:48,3,0,4,3
2022-06-03T17:49:11,3,0,4,3
2022-06-03T17:59:34,3,0,4,3
2022-06-03T18:10:08,3,0,4,3
2022-06-03T18:20:31,3,0,4,3
2022-06-03T18:30:55,3,0,4,3
2022-06-03T18:41:18,3,0,4,3
2022-06-03T18:51:40,3,0,4,3
2022-06-03T19:02:03,3,0,4,3
2022-06-03T19:12:26,3,0,4,3
2022-06-03T19:22:49,3,0,4,3
2022-06-03T19:33:12,3,0,4,3
2022-06-03T19:43:34,3,0,4,3
2022-06-03T19:53:56,3,0,4,3
2022-06-03T20:04:32,3,0,4,3
2022-06-03T20:14:55,3,0,4,3
2022-06-03T20:25:18,3,0,4,3
2022-06-03T20:35:41,3,0,4,3
2022-06-03T20:46:03,3,0,4,3
2022-06-03T20:56:26,3,0,4,3
2022-06-03T21:06:49,3,0,4,3
2022-06-03T21:17:11,3,0,4,3
2022-06-03T21:27:34,3,0,4,3
2022-06-03T21:37:57,3,0,4,3
2022-06-03T21:48:29,3,0,4,3
2022-06-03T21:58:52,3,0,4,3
2022-06-03T22:09:14,3,0,4,3
2022-06-03T22:19:40,3,0,4,3
2022-06-03T22:30:07,3,0,4,3
2022-06-03T22:40:37,3,0,4,3
2022-06-03T22:51:03,3,0,4,3
2022-06-03T23:01:33,3,0,4,3
2022-06-03T23:12:16,3,0,4,3
2022-06-03T23:22:47,3,0,4,3
2022-06-03T23:33:16,3,0,4,3
2022-06-03T23:43:42,3,0,4,3
2022-06-03T23:54:12,3,0,4,3
2022-06-04T00:04:41,3,0,4,3
2022-06-04T00:15:07,3,0,4,3
2022-06-04T00:25:38,3,0,4,3
2022-06-04T00:36:08,3,0,4,3
2022-06-04T00:46:51,3,0,4,3
2022-06-04T00:57:22,3,0,4,3
2022-06-04T01:07:51,3,0,4,3
2022-06-04T01:18:22,3,0,4,3
2022-06-04T01:28:53,3,0,4,3
2022-06-04T01:39:24,3,0,4,3
2022-06-04T01:49:55,3,0,4,3
2022-06-04T02:00:22,3,0,4,3
2022-06-04T02:10:49,3,0,4,3
2022-06-04T02:21:14,3,0,4,3
2022-06-04T02:31:36,3,0,4,3
2022-06-04T02:41:58,3,0,4,3
2022-06-04T02:52:20,3,0,4,3
2022-06-04T03:02:42,3,0,4,3
2022-06-04T03:13:04,3,0,4,3
2022-06-04T03:23:25,3,0,4,3
2022-06-04T03:33:47,3,0,4,3
2022-06-04T03:44:13,3,0,4,3
2022-06-04T03:54:37,3,0,4,3
2022-06-04T04:05:12,3,0,4,3
2022-06-04T04:26:09,3,0,4,3
2022-06-04T04:36:36,3,0,4,3
2022-06-04T04:47:00,3,0,4,3
2022-06-04T04:57:24,3,0,4,3
2022-06-04T05:07:49,3,0,4,3
2022-06-04T05:18:14,3,0,4,3
2022-06-04T05:28:38,3,0,4,3
2022-06-04T05:39:03,3,0,4,3
2022-06-04T05:49:28,3,0,4,3
2022-06-04T05:59:52,3,0,4,3
2022-06-04T06:10:16,3,0,4,3
2022-06-04T06:20:39,3,0,4,3
2022-06-04T06:31:03,3,0,4,3
2022-06-04T06:41:28,3,0,4,3
2022-06-04T06:51:52,3,0,4,3
2022-06-04T07:02:16,3,0,4,3
2022-06-04T07:12:40,3,0,4,3
2022-06-04T07:23:04,3,0,4,3
2022-06-04T07:33:30,3,0,4,3
2022-06-04T07:43:55,3,0,4,3
2022-06-04T07:54:20,3,0,4,3
2022-06-04T08:04:44,3,0,4,3
2022-06-04T08:15:08,3,0,4,3
2022-06-04T08:25:32,3,0,4,3
2022-06-04T08:36:04,3,0,4,3
2022-06-04T08:46:27,3,0,4,3
2022-06-04T08:56:51,3,0,4,3
2022-06-04T09:07:14,3,0,4,3
2022-06-04T09:17:38,3,0,4,3
2022-06-04T09:28:01,3,0,4,3
2022-06-04T09:38:24,3,0,4,3
2022-06-04T09:48:46,3,0,4,3
2022-06-04T09:59:09,3,0,4,3
2022-06-04T10:09:31,3,0,4,3
2022-06-04T10:19:54,3,0,4,3
2022-06-04T10:30:17,3,0,4,3
2022-06-04T10:40:39,3,0,4,3
2022-06-04T10:51:02,3,0,4,3
2022-06-04T11:01:24,3,0,4,3
2022-06-04T11:11:47,3,0,4,3
2022-06-04T11:22:12,3,0,4,3
2022-06-04T11:32:46,3,0,4,3
2022-06-04T11:43:08,3,0,4,3
2022-06-04T11:53:30,3,0,4,3
2022-06-04T12:03:52,3,0,4,3
2022-06-04T12:14:14,3,0,4,3
2022-06-04T12:24:37,3,0,4,3
2022-06-04T12:35:01,3,0,4,3
2022-06-04T12:45:24,3,0,4,3
2022-06-04T12:55:46,3,0,4,3
2022-06-04T13:06:20,3,0,4,3
2022-06-04T13:16:43,3,0,4,3
2022-06-04T13:27:05,3,0,4,3
2022-06-04T13:37:27,3,0,4,3
2022-06-04T13:47:50,3,0,4,3
2022-06-04T13:58:12,3,0,4,3
2022-06-04T14:08:35,3,0,4,3
2022-06-04T14:18:57,3,0,4,3
2022-06-04T14:29:20,3,0,4,3
2022-06-04T14:39:55,3,0,4,3
2022-06-04T14:50:18,3,0,4,3
2022-06-04T15:00:40,3,0,4,3
2022-06-04T15:11:03,3,0,4,3
2022-06-04T15:21:25,3,0,4,3
2022-06-04T15:31:47,3,0,4,3
2022-06-04T15:42:09,3,0,4,3
2022-06-04T15:52:32,3,0,4,3
2022-06-04T16:02:54,3,0,4,3
2022-06-04T16:13:16,3,0,4,3
2022-06-04T16:23:38,3,0,4,3
2022-06-04T16:34:01,3,0,4,3
2022-06-04T16:44:24,3,0,4,3
2022-06-04T16:54:57,3,0,4,3
2022-06-04T17:05:20,3,0,4,3
2022-06-04T17:15:43,3,0,4,3
2022-06-04T17:26:05,3,0,4,3
2022-06-04T17:36:27,3,0,4,3
2022-06-04T17:46:49,3,0,4,3
2022-06-04T17:57:12,3,0,4,3
2022-06-04T18:07:34,3,0,4,3
2022-06-04T18:17:57,3,0,4,3
2022-06-04T18:28:20,3,0,4,3
2022-06-04T18:38:43,3,0,4,3
2022-06-04T18:49:05,3,0,4,3
2022-06-04T18:59:28,3,0,4,3
2022-06-04T19:10:01,3,0,4,3
2022-06-04T19:20:23,3,0,4,3
2022-06-04T19:30:45,3,0,4,3
2022-06-04T19:41:07,3,0,4,3
2022-06-04T19:51:28,3,0,4,3
2022-06-04T20:01:51,3,0,4,3
2022-06-04T20:12:13,3,0,4,3
2022-06-04T20:22:35,3,0,4,3
2022-06-04T20:32:57,3,0,4,3
2022-06-04T20:43:20,3,0,4,3
2022-06-04T20:53:42,3,0,4,3
2022-06-04T21:04:17,3,0,4,3
2022-06-04T21:14:39,3,0,4,3
2022-06-04T21:25:02,3,0,4,3
2022-06-04T21:35:24,3,0,4,3
2022-06-04T21:45:46,3,0,4,3
2022-06-04T21:56:08,3,0,4,3
2022-06-04T22:06:31,3,0,4,3
2022-06-04T22:16:53,3,0,4,3
2022-06-04T22:27:15,3,0,4,3
2022-06-04T22:37:38,3,0,4,3
2022-06-04T22:48:00,3,0,4,3
2022-06-04T22:58:35,3,0,4,3
2022-06-04T23:08:58,3,0,4,3
2022-06-04T23:19:20,3,0,4,3
2022-06-04T23:29:43,3,0,4,3
2022-06-04T23:40:06,3,0,4,3
2022-06-04T23:50:28,3,0,4,3
2022-06-05T00:00:50,3,0,4,3
2022-06-05T00:11:14,3,0,4,3
2022-06-05T00:21:39,3,0,4,3
2022-06-05T00:32:02,3,0,4,3
2022-06-05T00:42:27,3,0,4,3
2022-06-05T00:53:01,3,0,4,3
2022-06-05T01:03:24,3,0,4,3
2022-06-05T01:13:47,3,0,4,3
2022-06-05T01:24:10,3,0,4,3
2022-06-05T01:34:34,3,0,4,3
2022-06-05T01:44:58,3,0,4,3
2022-06-05T01:55:21,3,0,4,3
2022-06-05T02:05:52,3,0,4,3
2022-06-05T02:16:16,3,0,4,3
2022-06-05T02:26:39,3,0,4,3
2022-06-05T02:37:03,3,0,4,3
2022-06-05T02:47:26,3,0,4,3
2022-06-05T02:57:49,3,0,4,3
2022-06-05T03:08:11,3,0,4,3
2022-06-05T03:18:34,3,0,4,3
2022-06-05T03:29:07,3,0,4,3
2022-06-05T03:39:31,3,0,4,3
2022-06-05T03:49:55,3,0,4,3
2022-06-05T04:00:19,3,0,4,3
2022-06-05T04:10:44,3,0,4,3
2022-06-05T04:25:51,3,0,4,3
2022-06-05T04:37:41,3,0,4,3
2022-06-05T04:48:06,3,0,4,3
2022-06-05T04:58:31,3,0,4,3
2022-06-05T05:09:00,3,0,4,3
2022-06-05T05:19:25,3,0,4,3
2022-06-05T05:29:49,3,0,4,3
2022-06-05T05:40:14,3,0,4,3
2022-06-05T05:50:38,3,0,4,3
2022-06-05T06:01:01,3,0,4,3
2022-06-05T06:11:24,3,0,4,3
2022-06-05T06:21:47,3,0,4,3
2022-06-05T06:32:10,3,0,4,3
2022-06-05T06:42:32,3,0,4,3
2022-06-05T06:52:54,3,0,4,3
2022-06-05T07:03:16,3,0,4,3
2022-06-05T07:13:39,3,0,4,3
2022-06-05T07:24:04,3,0,4,3
2022-06-05T07:34:26,3,0,4,3
2022-06-05T07:44:49,3,0,4,3
2022-06-05T07:55:13,3,0,4,3
2022-06-05T08:05:35,3,0,4,3
2022-06-05T08:15:58,3,0,4,3
2022-06-05T08:26:21,3,0,4,3
2022-06-05T08:36:44,3,0,4,3
2022-06-05T08:47:06,3,0,4,3
2022-06-05T08:57:28,3,0,4,3
2022-06-05T09:07:51,3,0,4,3
2022-06-05T09:18:13,3,0,4,3
2022-06-05T09:28:35,3,0,4,3
2022-06-05T09:38:57,3,0,4,3
2022-06-05T09:49:19,3,0,4,3
2022-06-05T09:59:42,3,0,4,3
2022-06-05T10:10:06,3,0,4,3
2022-06-05T10:20:48,3,0,4,3
2022-06-05T10:31:11,3,0,4,3
2022-06-05T10:41:33,3,0,4,3
2022-06-05T10:51:56,3,0,4,3
2022-06-05T11:02:19,3,0,4,3
2022-06-05T11:12:42,3,0,4,3
2022-06-05T11:23:05,3,0,4,3
2022-06-05T11:33:28,3,0,4,3
2022-06-05T11:43:50,3,0,4,3
2022-06-05T11:54:12,3,0,4,3
2022-06-05T12:04:34,3,0,4,3
2022-06-05T12:14:57,3,0,4,3
2022-06-05T12:25:19,3,0,4,3
2022-06-05T12:35:42,3,0,4,3
2022-06-05T12:46:04,3,0,4,3
2022-06-05T12:56:28,3,0,4,3
2022-06-05T13:06:51,3,0,4,3
2022-06-05T13:17:24,3,0,4,3
2022-06-05T13:27:46,3,0,4,3
2022-06-05T13:38:08,3,0,4,3
2022-06-05T13:48:31,3,0,4,3
2022-06-05T13:58:53,3,0,4,3
2022-06-05T14:09:15,3,0,4,3
2022-06-05T14:19:37,3,0,4,3
2022-06-05T14:30:00,3,0,4,3
2022-06-05T14:40:23,3,0,4,3
2022-06-05T14:50:46,3,0,4,3
2022-06-05T15:01:35,3,0,4,3
2022-06-05T15:11:57,3,0,4,3
2022-06-05T15:22:19,3,0,4,3
2022-06-05T15:32:44,3,0,4,3
2022-06-05T15:43:07,3,0,4,3
2022-06-05T15:53:29,3,0,4,3
2022-06-05T16:03:52,3,0,4,3
2022-06-05T16:14:14,3,0,4,3
2022-06-05T16:24:37,3,0,4,3
2022-06-05T16:35:00,3,0,4,3
2022-06-05T16:45:22,3,0,4,3
2022-06-05T16:55:44,3,0,4,3
2022-06-05T17:06:17,3,0,4,3
2022-06-05T17:16:40,3,0,4,3
2022-06-05T17:27:03,3,0,4,3
2022-06-05T17:37:25,3,0,4,3
2022-06-05T17:47:48,3,0,4,3
2022-06-05T17:58:10,3,0,4,3
2022-06-05T18:08:33,3,0,4,3
2022-06-05T18:18:56,3,0,4,3
2022-06-05T18:29:20,3,0,4,3
2022-06-05T18:39:43,3,0,4,3
2022-06-05T18:50:05,3,0,4,3
2022-06-05T19:00:28,3,0,4,3
2022-06-05T19:10:51,3,0,4,3
2022-06-05T19:21:32,3,0,4,3
2022-06-05T19:31:54,3,0,4,3
2022-06-05T19:42:16,3,0,4,3
2022-06-05T19:52:39,3,0,4,3
2022-06-05T20:03:02,3,0,4,3
2022-06-05T20:13:24,3,0,4,3
2022-06-05T20:23:47,3,0,4,3
2022-06-05T20:34:10,3,0,4,3
2022-06-05T20:44:32,3,0,4,3
2022-06-05T20:54:55,3,0,4,3
2022-06-05T21:05:17,3,0,4,3
2022-06-05T21:15:40,3,0,4,3
2022-06-05T21:26:21,3,0,4,3
2022-06-05T21:36:44,3,0,4,3
2022-06-05T21:47:06,3,0,4,3
2022-06-05T21:57:29,3,0,4,3
2022-06-05T22:07:51,3,0,4,3
2022-06-05T22:18:14,3,0,4,3
2022-06-05T22:28:36,3,0,4,3
2022-06-05T22:38:59,3,0,4,3
2022-06-05T22:49:22,3,0,4,3
2022-06-05T22:59:46,3,0,4,3
2022-06-05T23:10:10,3,0,4,3
2022-06-05T23:20:33,3,0,4,3
2022-06-05T23:30:57,3,0,4,3
2022-06-05T23:41:30,3,0,4,3
2022-06-05T23:51:53,3,0,4,3
2022-06-06T00:02:16,3,0,4,3
2022-06-06T00:12:40,3,0,4,3
2022-06-06T00:23:06,3,0,4,3
2022-06-06T00:33:30,3,0,4,3
2022-06-06T00:43:56,3,0,4,3
2022-06-06T00:54:19,3,0,4,3
2022-06-06T01:04:43,3,0,4,3
2022-06-06T01:15:15,3,0,4,3
2022-06-06T01:25:40,3,0,4,3
2022-06-06T01:36:05,3,0,4,3
2022-06-06T01:46:28,3,0,4,3
2022-06-06T01:56:52,3,0,4,3
2022-06-06T02:07:26,3,0,4,3
2022-06-06T02:18:01,3,0,4,3
2022-06-06T02:28:30,3,0,4,3
2022-06-06T02:38:58,3,0,4,3
2022-06-06T02:49:27,3,0,4,3
2022-06-06T02:59:53,3,0,4,3
2022-06-06T03:10:18,3,0,4,3
2022-06-06T03:20:45,3,0,4,3
2022-06-06T03:31:16,3,0,4,3
2022-06-06T03:41:44,3,0,4,3
2022-06-06T03:52:15,3,0,4,3
2022-06-06T04:02:46,3,0,4,3
2022-06-06T04:26:07,3,0,4,3
2022-06-06T04:36:34,3,0,4,3
2022-06-06T04:47:02,3,0,4,3
2022-06-06T04:57:35,3,0,4,3
2022-06-06T05:08:12,3,0,4,3
2022-06-06T05:18:45,3,0,4,3
2022-06-06T05:29:20,3,0,4,3
2022-06-06T05:39:53,3,0,4,3
2022-06-06T05:50:26,3,0,4,3
2022-06-06T06:01:02,3,0,4,3
2022-06-06T06:11:34,3,0,4,3
2022-06-06T06:22:01,3,0,4,3
2022-06-06T06:32:27,3,0,4,3
2022-06-06T06:42:52,3,0,4,3
2022-06-06T06:53:16,3,0,4,3
2022-06-06T07:03:39,3,0,4,3
2022-06-06T07:14:02,3,0,4,3
2022-06-06T07:24:25,3,0,4,3
2022-06-06T07:34:48,3,0,4,3
2022-06-06T07:45:12,3,0,4,3
2022-06-06T07:55:35,3,0,4,3
2022-06-06T08:05:58,3,0,4,3
2022-06-06T08:16:21,3,0,4,3
2022-06-06T08:26:45,3,0,4,3
2022-06-06T08:37:09,3,0,4,3
2022-06-06T08:47:32,3,0,4,3
2022-06-06T08:57:56,3,0,4,3
2022-06-06T09:08:20,3,0,4,3
2022-06-06T09:18:44,3,0,4,3
2022-06-06T09:29:09,3,0,4,3
2022-06-06T09:39:44,3,0,4,3
2022-06-06T09:50:09,3,0,4,3
2022-06-06T10:00:33,3,0,4,3
2022-06-06T10:10:58,3,0,4,3
2022-06-06T10:21:23,3,0,4,3
2022-06-06T10:31:48,3,0,4,3
2022-06-06T10:42:12,3,0,4,3
2022-06-06T10:52:38,3,0,4,3
2022-06-06T11:03:03,3,0,4,3
2022-06-06T11:13:27,3,0,4,3
2022-06-06T11:23:51,3,0,4,3
2022-06-06T11:34:27,3,0,4,3
2022-06-06T11:44:51,3,0,4,3
2022-06-06T11:55:17,3,0,4,3
2022-06-06T12:05:41,3,0,4,3
2022-06-06T12:16:05,3,0,4,3
2022-06-06T12:26:29,3,0,4,3
2022-06-06T12:36:53,3,0,4,3
2022-06-06T12:47:16,3,0,4,3
2022-06-06T12:57:51,3,0,4,3
2022-06-06T13:08:15,3,0,4,3
2022-06-06T13:18:39,3,0,4,3
2022-06-06T13:29:03,3,0,4,3
2022-06-06T13:39:28,3,0,4,3
2022-06-06T13:49:52,3,0,4,3
2022-06-06T14:00:17,3,0,4,3
2022-06-06T14:10:42,3,0,4,3
2022-06-06T14:21:06,3,0,4,3
2022-06-06T14:31:31,3,0,4,3
2022-06-06T14:41:55,3,0,4,3
2022-06-06T14:52:31,3,0,4,3
2022-06-06T15:02:56,3,0,4,3
2022-06-06T15:13:22,3,0,4,3
2022-06-06T15:23:46,3,0,4,3
2022-06-06T15:34:11,3,0,4,3
2022-06-06T15:44:35,3,0,4,3
2022-06-06T15:54:59,3,0,4,3
2022-06-06T16:05:36,3,0,4,3
2022-06-06T16:16:00,3,0,4,3
2022-06-06T16:26:24,3,0,4,3
2022-06-06T16:36:48,3,0,4,3
2022-06-06T16:47:11,3,0,4,3
2022-06-06T16:57:35,3,0,4,3
2022-06-06T17:07:58,3,0,4,3
2022-06-06T17:18:22,3,0,4,3
2022-06-06T17:28:45,3,0,4,3
2022-06-06T17:39:08,3,0,4,3
2022-06-06T17:49:31,3,0,4,3
2022-06-06T17:59:55,3,0,4,3
2022-06-06T18:10:30,3,0,4,3
2022-06-06T18:20:53,3,0,4,3
2022-06-06T18:31:16,3,0,4,3
2022-06-06T18:41:39,3,0,4,3
2022-06-06T18:52:02,3,0,4,3
2022-06-06T19:02:25,3,0,4,3
2022-06-06T19:12:48,3,0,4,3
2022-06-06T19:23:11,3,0,4,3
2022-06-06T19:33:39,3,0,4,3
2022-06-06T19:44:06,3,0,4,3
2022-06-06T19:54:43,3,0,4,3
2022-06-06T20:05:10,3,0,4,3
2022-06-06T20:15:39,3,0,4,3
2022-06-06T20:26:09,3,0,4,3
2022-06-06T20:36:37,3,0,4,3
2022-06-06T20:47:08,3,0,4,3
2022-06-06T20:57:40,3,0,4,3
2022-06-06T21:08:13,3,0,4,3
2022-06-06T21:18:47,3,0,4,3
2022-06-06T21:29:21,3,0,4,3
2022-06-06T21:39:54,3,0,4,3
2022-06-06T21:50:28,3,0,4,3
2022-06-06T22:01:03,3,0,4,3
2022-06-06T22:11:46,3,0,4,3
2022-06-06T22:22:12,3,0,4,3
2022-06-06T22:32:37,3,0,4,3
2022-06-06T22:43:02,3,0,4,3
2022-06-06T22:53:24,3,0,4,3
2022-06-06T23:03:47,3,0,4,3
2022-06-06T23:14:10,3,0,4,3
2022-06-06T23:24:33,3,0,4,3
2022-06-06T23:34:57,3,0,4,3
2022-06-06T23:45:19,3,0,4,3
2022-06-06T23:55:41,3,0,4,3
2022-06-07T00:06:05,3,0,4,3
2022-06-07T00:16:29,3,0,4,3
2022-06-07T00:26:54,3,0,4,3
2022-06-07T00:37:30,3,0,4,3
2022-06-07T00:47:55,3,0,4,3
2022-06-07T00:58:21,3,0,4,3
2022-06-07T01:08:46,3,0,4,3
2022-06-07T01:19:10,3,0,4,3
2022-06-07T01:29:33,3,0,4,3
2022-06-07T01:39:58,3,0,4,3
2022-06-07T01:50:22,3,0,4,3
2022-06-07T02:00:46,3,0,4,3
2022-06-07T02:11:10,3,0,4,3
2022-06-07T02:21:33,3,0,4,3
2022-06-07T02:31:57,3,0,4,3
2022-06-07T02:42:19,3,0,4,3
2022-06-07T02:52:41,3,0,4,3
2022-06-07T03:03:02,3,0,4,3
2022-06-07T03:13:25,3,0,4,3
2022-06-07T03:23:47,3,0,4,3
2022-06-07T03:34:09,3,0,4,3
2022-06-07T03:44:32,3,0,4,3
2022-06-07T03:54:56,3,0,4,3
2022-06-07T04:05:21,3,0,4,3
2022-06-07T04:28:34,3,0,4,3
2022-06-07T04:39:16,3,0,4,3
2022-06-07T04:49:42,3,0,4,3
2022-06-07T05:00:06,3,0,4,3
2022-06-07T05:10:33,3,0,4,3
2022-06-07T05:20:58,3,0,4,3
2022-06-07T05:31:22,3,0,4,3
2022-06-07T05:41:45,3,0,4,3
2022-06-07T05:52:09,3,0,4,3
2022-06-07T06:02:35,3,0,4,3
2022-06-07T06:12:59,3,0,4,3
2022-06-07T06:23:23,3,0,4,3
2022-06-07T06:33:48,3,0,4,3
2022-06-07T06:44:13,3,0,4,3
2022-06-07T06:54:38,3,0,4,3
2022-06-07T07:05:03,3,0,4,3
2022-06-07T07:15:26,3,0,4,3
2022-06-07T07:25:53,3,0,4,3
2022-06-07T07:36:19,3,0,4,3
2022-06-07T07:46:43,3,0,4,3
2022-06-07T07:57:08,3,0,4,3
2022-06-07T08:07:32,3,0,4,3
2022-06-07T08:17:56,3,0,4,3
2022-06-07T08:28:21,3,0,4,3
2022-06-07T08:38:45,3,0,4,3
2022-06-07T08:49:09,3,0,4,3
2022-06-07T08:59:33,3,0,4,3
2022-06-07T09:09:58,3,0,4,3
2022-06-07T09:20:23,3,0,4,3
2022-06-07T09:30:47,3,0,4,3
2022-06-07T09:41:11,3,0,4,3
2022-06-07T09:51:36,3,0,4,3
2022-06-07T10:02:01,3,0,4,3
2022-06-07T10:12:43,3,0,4,3
2022-06-07T10:23:09,3,0,4,3
2022-06-07T10:33:34,3,0,4,3
2022-06-07T10:43:59,3,0,4,3
2022-06-07T10:54:24,3,0,4,3
2022-06-07T11:04:49,3,0,4,3
2022-06-07T11:15:14,3,0,4,3
2022-06-07T11:25:39,3,0,4,3
2022-06-07T11:36:03,3,0,4,3
2022-06-07T11:46:28,3,0,4,3
2022-06-07T11:56:53,3,0,4,3
2022-06-07T12:07:18,3,0,4,3
2022-06-07T12:17:53,3,0,4,3
2022-06-07T12:28:17,3,0,4,3
2022-06-07T12:38:41,3,0,4,3
2022-06-07T12:49:05,3,0,4,3
2022-06-07T12:59:29,3,0,4,3
2022-06-07T13:09:53,3,0,4,3
2022-06-07T13:20:20,3,0,4,3
2022-06-07T13:30:49,3,0,4,3
2022-06-07T13:41:18,3,0,4,3
2022-06-07T13:51:58,3,0,4,3
2022-06-07T14:02:28,3,0,4,3
2022-06-07T14:12:56,3,0,4,3
2022-06-07T14:23:25,3,0,4,3
2022-06-07T14:33:53,3,0,4,3
2022-06-07T14:44:25,3,0,4,3
2022-06-07T14:54:57,3,0,4,3
2022-06-07T15:05:41,3,0,4,3
2022-06-07T15:16:10,3,0,5,3
2022-06-07T15:26:43,3,0,5,3
2022-06-07T15:37:17,3,0,5,3
2022-06-07T15:47:48,3,0,5,3
2022-06-07T15:58:16,3,0,5,3
2022-06-07T16:08:54,3,0,4,3
2022-06-07T16:19:23,3,0,4,3
2022-06-07T16:29:52,3,0,4,3
2022-06-07T16:40:21,3,0,4,3
2022-06-07T16:50:48,3,0,4,3
2022-06-07T17:01:15,3,0,4,3
2022-06-07T17:11:41,3,0,4,3
2022-06-07T17:22:05,3,0,4,3
2022-06-07T17:32:28,3,0,4,3
2022-06-07T17:42:51,3,0,4,3
2022-06-07T17:53:14,3,0,4,3
2022-06-07T18:03:38,3,0,4,3
2022-06-07T18:14:01,3,0,4,3
2022-06-07T18:24:35,3,0,4,3
2022-06-07T18:34:58,3,0,4,3
2022-06-07T18:45:21,3,0,4,3
2022-06-07T18:55:44,3,0,4,3
2022-06-07T19:06:07,3,0,4,3
2022-06-07T19:16:29,3,0,4,3
2022-06-07T19:26:53,3,0,4,3
2022-06-07T19:37:16,3,0,4,3
2022-06-07T19:47:38,3,0,4,3
2022-06-07T19:58:01,3,0,4,3
2022-06-07T20:08:25,3,0,4,3
2022-06-07T20:18:48,3,0,4,3
2022-06-07T20:29:11,3,0,4,3
2022-06-07T20:39:33,3,0,4,3
2022-06-07T20:50:06,3,0,4,3
2022-06-07T21:00:29,3,0,4,3
2022-06-07T21:10:52,3,0,4,3
2022-06-07T21:21:14,3,0,4,3
2022-06-07T21:31:37,3,0,4,3
2022-06-07T21:42:00,3,0,4,3
2022-06-07T21:52:23,3,0,4,3
2022-06-07T22:02:46,3,0,4,3
2022-06-07T22:13:09,3,0,4,3
2022-06-07T22:23:31,3,0,4,3
2022-06-07T22:33:54,3,0,4,3
2022-06-07T22:44:18,3,0,4,3
2022-06-07T22:54:42,3,0,4,3
2022-06-07T23:05:06,3,0,4,3
2022-06-07T23:15:42,3,0,4,3
2022-06-07T23:26:04,3,0,4,3
2022-06-07T23:36:27,3,0,4,3
2022-06-07T23:46:50,3,0,4,3
2022-06-07T23:57:12,3,0,4,3
2022-06-08T00:07:36,3,0,4,3
2022-06-08T00:18:05,3,0,4,3
2022-06-08T00:28:28,3,0,4,3
2022-06-08T00:38:53,3,0,4,3
2022-06-08T00:49:17,3,0,4,3
2022-06-08T00:59:43,3,0,4,3
2022-06-08T01:10:08,3,0,4,3
2022-06-08T01:20:33,3,0,4,3
2022-06-08T01:30:58,3,0,4,3
2022-06-08T01:41:22,3,0,4,3
2022-06-08T01:51:46,3,0,4,3
2022-06-08T02:02:10,3,0,4,3
2022-06-08T02:12:33,3,0,4,3
2022-06-08T02:22:57,3,0,4,3
2022-06-08T02:33:30,3,0,4,3
2022-06-08T02:43:54,3,0,4,3
2022-06-08T02:54:18,3,0,4,3
2022-06-08T03:04:42,3,0,4,3
2022-06-08T03:15:05,3,0,4,3
2022-06-08T03:25:27,3,0,4,3
2022-06-08T03:35:50,3,0,4,3
2022-06-08T03:46:13,3,0,4,3
2022-06-08T03:56:37,3,0,4,3
2022-06-08T04:09:28,3,0,4,3
2022-06-08T04:28:29,3,0,4,3
2022-06-08T04:39:05,3,0,4,3
2022-06-08T04:49:30,3,0,4,3
2022-06-08T04:59:55,3,0,4,3
2022-06-08T05:10:21,3,0,4,3
2022-06-08T05:20:47,3,0,4,3
2022-06-08T05:31:11,3,0,4,3
2022-06-08T05:41:36,3,0,4,3
2022-06-08T05:52:01,3,0,4,3
2022-06-08T06:02:26,3,0,4,3
2022-06-08T06:12:56,3,0,4,3
2022-06-08T06:23:24,3,0,4,3
2022-06-08T06:33:52,3,0,4,3
2022-06-08T06:44:21,3,0,4,3
2022-06-08T06:54:51,3,0,4,3
2022-06-08T07:05:24,3,0,4,3
2022-06-08T07:15:54,3,0,4,3
2022-06-08T07:26:22,3,0,4,3
2022-06-08T07:36:51,3,0,4,3
2022-06-08T07:47:21,3,0,4,3
2022-06-08T07:57:49,3,0,4,3
2022-06-08T08:08:16,3,0,4,3
2022-06-08T08:18:47,3,0,4,3
2022-06-08T08:29:19,3,0,4,3
2022-06-08T08:39:50,3,0,4,3
2022-06-08T08:50:21,3,0,4,3
2022-06-08T09:00:52,3,0,4,3
2022-06-08T09:11:23,3,0,4,3
2022-06-08T09:21:54,3,0,4,3
2022-06-08T09:32:25,3,0,4,3
2022-06-08T09:42:54,3,0,4,3
2022-06-08T09:53:23,3,0,4,3
2022-06-08T10:03:53,3,0,4,3
2022-06-08T10:14:26,3,0,4,3
2022-06-08T10:24:52,3,0,4,3
2022-06-08T10:35:16,3,0,4,3
2022-06-08T10:45:41,3,0,4,3
2022-06-08T10:56:05,3,0,4,3
2022-06-08T11:06:30,3,0,4,3
2022-06-08T11:16:55,3,0,4,3
2022-06-08T11:27:21,3,0,4,3
2022-06-08T11:37:46,3,0,4,3
2022-06-08T11:48:11,3,0,4,3
2022-06-08T11:58:35,3,0,4,3
2022-06-08T12:09:00,3,0,4,3
2022-06-08T12:19:36,3,0,4,3
2022-06-08T12:30:00,3,0,4,3
2022-06-08T12:40:24,3,0,4,3
2022-06-08T12:50:49,3,0,4,3
2022-06-08T13:01:14,3,0,4,3
2022-06-08T13:11:39,3,0,4,3
2022-06-08T13:22:03,3,0,4,3
2022-06-08T13:32:28,3,0,4,3
2022-06-08T13:42:53,3,0,4,3
2022-06-08T13:53:18,3,0,4,3
2022-06-08T14:03:44,3,0,4,3
2022-06-08T14:14:21,3,0,4,3
2022-06-08T14:24:46,3,0,4,3
2022-06-08T14:35:11,3,0,4,3
2022-06-08T14:45:36,3,0,4,3
2022-06-08T14:56:01,3,0,4,3
2022-06-08T15:06:25,3,0,4,3
2022-06-08T15:16:49,3,0,4,3
2022-06-08T15:27:25,3,0,4,3
2022-06-08T15:37:50,3,0,4,3
2022-06-08T15:48:14,3,0,4,3
2022-06-08T15:58:39,3,0,4,3
2022-06-08T16:09:03,3,0,4,3
2022-06-08T16:19:27,3,0,4,3
2022-06-08T16:29:51,3,0,4,3
2022-06-08T16:40:16,3,0,4,3
2022-06-08T16:50:41,3,0,4,3
2022-06-08T17:01:05,3,0,4,3
2022-06-08T17:11:41,3,0,4,3
2022-06-08T17:22:04,3,0,4,3
2022-06-08T17:32:28,3,0,4,3
2022-06-08T17:42:52,3,0,4,3
2022-06-08T17:53:15,3,0,4,3
2022-06-08T18:03:38,3,0,4,3
2022-06-08T18:14:02,3,0,4,3
2022-06-08T18:24:25,3,0,4,3
2022-06-08T18:34:48,3,0,4,3
2022-06-08T18:45:12,3,0,4,3
2022-06-08T18:55:36,3,0,4,3
2022-06-08T19:05:59,3,0,4,3
2022-06-08T19:16:22,3,0,4,3
2022-06-08T19:26:46,3,0,4,3
2022-06-08T19:37:19,3,0,4,3
2022-06-08T19:47:42,3,0,4,3
2022-06-08T19:58:05,3,0,4,3
2022-06-08T20:08:29,3,0,4,3
2022-06-08T20:18:52,3,0,4,3
2022-06-08T20:29:15,3,0,4,3
2022-06-08T20:39:38,3,0,4,3
2022-06-08T20:50:01,3,0,4,3
2022-06-08T21:00:25,3,0,4,3
2022-06-08T21:10:49,3,0,4,3
2022-06-08T21:21:12,3,0,4,3
2022-06-08T21:31:36,3,0,4,3
2022-06-08T21:41:59,3,0,4,3
2022-06-08T21:52:31,3,0,4,3
2022-06-08T22:02:55,3,0,4,3
2022-06-08T22:13:18,3,0,4,3
2022-06-08T22:23:41,3,0,4,3
2022-06-08T22:34:05,3,0,4,3
2022-06-08T22:44:29,3,0,4,3
2022-06-08T22:54:53,3,0,4,3
2022-06-08T23:05:17,3,0,4,3
2022-06-08T23:15:40,3,0,4,3
2022-06-08T23:26:04,3,0,4,3
2022-06-08T23:36:27,3,0,4,3
2022-06-08T23:46:51,3,0,4,3
2022-06-08T23:57:14,3,0,4,3
2022-06-09T00:07:38,3,0,4,3
2022-06-09T00:18:06,3,0,4,3
2022-06-09T00:28:40,3,0,4,3
2022-06-09T00:39:04,3,0,4,3
2022-06-09T00:49:28,3,0,4,3
2022-06-09T00:59:53,3,0,4,3
2022-06-09T01:10:17,3,0,4,3
2022-06-09T01:20:41,3,0,4,3
2022-06-09T01:31:06,3,0,4,3
2022-06-09T01:41:30,3,0,4,3
2022-06-09T01:51:55,3,0,4,3
2022-06-09T02:02:19,3,0,4,3
2022-06-09T02:12:43,3,0,4,3
2022-06-09T02:23:06,3,0,4,3
2022-06-09T02:33:29,3,0,4,3
2022-06-09T02:43:53,3,0,4,3
2022-06-09T02:54:16,3,0,4,3
2022-06-09T03:04:38,3,0,4,3
2022-06-09T03:15:01,3,0,4,3
2022-06-09T03:25:23,3,0,4,3
2022-06-09T03:35:46,3,0,4,3
2022-06-09T03:46:10,3,0,4,3
2022-06-09T03:56:34,3,0,4,3
2022-06-09T04:06:57,3,0,4,3
2022-06-09T04:33:49,3,0,4,3
2022-06-09T04:44:17,3,0,4,3
2022-06-09T04:54:44,3,0,4,3
2022-06-09T05:05:10,3,0,4,3
2022-06-09T05:15:36,3,0,4,3
2022-06-09T05:26:00,3,0,4,3
2022-06-09T05:36:24,3,0,4,3
2022-06-09T05:46:48,3,0,4,3
2022-06-09T05:57:13,3,0,4,3
2022-06-09T06:07:37,3,0,4,3
2022-06-09T06:18:02,3,0,4,3
2022-06-09T06:28:27,3,0,4,3
2022-06-09T06:38:52,3,0,4,3
2022-06-09T06:49:16,3,0,4,3
2022-06-09T06:59:40,3,0,4,3
2022-06-09T07:10:06,3,0,4,3
2022-06-09T07:20:31,3,0,4,3
2022-06-09T07:30:56,3,0,4,3
2022-06-09T07:41:24,3,0,4,3
2022-06-09T07:51:50,3,0,4,3
2022-06-09T08:02:18,3,0,4,3
2022-06-09T08:12:43,3,0,4,3
2022-06-09T08:23:08,3,0,4,3
2022-06-09T08:33:32,3,0,4,3
2022-06-09T08:43:56,3,0,4,3
2022-06-09T08:54:20,3,0,4,3
2022-06-09T09:04:44,3,0,4,3
2022-06-09T09:15:08,3,0,4,3
2022-06-09T09:25:33,3,0,4,3
2022-06-09T09:35:57,3,0,4,3
2022-06-09T09:46:22,3,0,4,3
2022-06-09T09:56:46,3,0,4,3
2022-06-09T10:07:12,3,0,4,3
2022-06-09T10:17:37,3,0,4,3
2022-06-09T10:28:02,3,0,4,3
2022-06-09T10:38:37,3,0,4,3
2022-06-09T10:49:02,3,0,4,3
2022-06-09T10:59:26,3,0,4,3
2022-06-09T11:09:51,3,0,4,3
2022-06-09T11:20:16,3,0,4,3
2022-06-09T11:30:41,3,0,4,3
2022-06-09T11:41:05,3,0,4,3
2022-06-09T11:51:29,3,0,4,3
2022-06-09T12:01:53,3,0,4,3
2022-06-09T12:12:18,3,0,4,3
2022-06-09T12:22:42,3,0,4,3
2022-06-09T12:33:18,3,0,4,3
2022-06-09T12:43:49,3,0,4,3
2022-06-09T12:54:24,3,0,4,3
2022-06-09T13:04:59,3,0,4,3
2022-06-09T13:15:38,3,0,4,3
2022-06-09T13:26:15,3,0,4,3
2022-06-09T13:36:50,3,0,4,3
2022-06-09T13:47:40,3,0,4,3
2022-06-09T13:58:18,3,0,4,3
2022-06-09T14:08:55,3,0,4,3
2022-06-09T14:19:30,3,0,4,3
2022-06-09T14:30:03,3,0,4,3
2022-06-09T14:40:35,3,0,4,3
2022-06-09T14:51:07,3,0,4,3
2022-06-09T15:01:40,3,0,4,3
2022-06-09T15:12:13,3,0,4,3
2022-06-09T15:22:56,3,0,4,3
2022-06-09T15:33:25,3,0,4,3
2022-06-09T15:43:54,3,0,4,3
2022-06-09T15:54:22,3,0,4,3
2022-06-09T16:04:48,3,0,4,3
2022-06-09T16:15:22,3,0,4,3
2022-06-09T16:25:47,3,0,4,3
2022-06-09T16:36:12,3,0,4,3
2022-06-09T16:46:40,3,0,4,3
2022-06-09T16:57:06,3,0,4,3
2022-06-09T17:07:31,3,0,4,3
2022-06-09T17:17:57,3,0,4,3
2022-06-09T17:28:23,3,0,4,3
2022-06-09T17:38:54,3,0,4,3
2022-06-09T17:49:32,3,0,4,3
2022-06-09T18:00:02,3,0,4,3
2022-06-09T18:10:31,3,0,4,3
2022-06-09T18:21:00,3,0,4,3
2022-06-09T18:31:27,3,0,4,3
2022-06-09T18:41:56,3,0,4,3
2022-06-09T18:52:25,3,0,4,3
2022-06-09T19:02:56,3,0,4,3
2022-06-09T19:13:28,3,0,4,3
2022-06-09T19:24:05,3,0,4,3
2022-06-09T19:34:47,3,0,4,3
2022-06-09T19:45:35,3,0,4,3
2022-06-09T19:56:05,3,0,4,3
2022-06-09T20:06:35,3,0,4,3
2022-06-09T20:17:05,3,0,4,3
2022-06-09T20:27:34,3,0,4,3
2022-06-09T20:38:04,3,0,4,3
2022-06-09T20:48:33,3,0,4,3
2022-06-09T20:59:00,3,0,4,3
2022-06-09T21:09:27,3,0,4,3
2022-06-09T21:19:52,3,0,4,3
2022-06-09T21:30:16,3,0,4,3
2022-06-09T21:40:40,3,0,4,3
2022-06-09T21:51:04,3,0,4,3
2022-06-09T22:01:29,3,0,4,3
2022-06-09T22:11:53,3,0,4,3
2022-06-09T22:22:17,3,0,4,3
2022-06-09T22:32:52,3,0,4,3
2022-06-09T22:43:17,3,0,4,3
2022-06-09T22:53:41,3,0,4,3
2022-06-09T23:04:05,3,0,4,3
2022-06-09T23:14:30,3,0,4,3
2022-06-09T23:24:54,3,0,4,3
2022-06-09T23:35:19,3,0,4,3
2022-06-09T23:45:44,3,0,4,3
2022-06-09T23:56:08,3,0,4,3
2022-06-10T00:06:33,3,0,4,3
2022-06-10T00:17:02,3,0,4,3
2022-06-10T00:27:27,3,0,4,3
2022-06-10T00:37:53,3,0,4,3
2022-06-10T00:48:19,3,0,4,3
2022-06-10T00:58:57,3,0,4,3
2022-06-10T01:09:23,3,0,4,3
2022-06-10T01:19:50,3,0,4,3
2022-06-10T01:30:17,3,0,4,3
2022-06-10T01:40:43,3,0,4,3
2022-06-10T01:51:09,3,0,4,3
2022-06-10T02:01:34,3,0,4,3
2022-06-10T02:11:59,3,0,4,3
2022-06-10T02:22:36,3,0,4,3
2022-06-10T02:33:02,3,0,4,3
2022-06-10T02:43:28,3,0,4,3
2022-06-10T02:53:54,3,0,4,3
2022-06-10T03:04:18,3,0,4,3
2022-06-10T03:14:43,3,0,4,3
2022-06-10T03:25:07,3,0,4,3
2022-06-10T03:35:32,3,0,4,3
2022-06-10T03:45:57,3,0,4,3
2022-06-10T03:56:22,3,0,4,3
2022-06-10T04:06:48,3,0,4,3
2022-06-10T04:32:59,3,0,4,3
2022-06-10T04:43:43,3,0,4,3
2022-06-10T04:54:11,3,0,4,3
2022-06-10T05:04:38,3,0,4,3
2022-06-10T05:15:05,3,0,4,3
2022-06-10T05:25:31,3,0,4,3
2022-06-10T05:35:57,3,0,4,3
2022-06-10T05:46:22,3,0,4,3
2022-06-10T05:56:48,3,0,4,3
2022-06-10T06:07:13,3,0,4,3
2022-06-10T06:17:42,3,0,4,3
2022-06-10T06:28:07,3,0,4,3
2022-06-10T06:38:32,3,0,4,3
2022-06-10T06:48:56,3,0,4,3
2022-06-10T06:59:20,3,0,4,3
2022-06-10T07:09:45,3,0,4,3
2022-06-10T07:20:09,3,0,4,3
2022-06-10T07:30:33,3,0,4,3
2022-06-10T07:40:58,3,0,4,3
2022-06-10T07:51:22,3,0,4,3
2022-06-10T08:01:47,3,0,4,3
2022-06-10T08:12:11,3,0,4,3
2022-06-10T08:22:36,3,0,4,3
2022-06-10T08:33:02,3,0,4,3
2022-06-10T08:43:27,3,0,4,3
2022-06-10T08:53:52,3,0,4,3
2022-06-10T09:04:18,3,0,4,3
2022-06-10T09:15:02,3,0,4,3
2022-06-10T09:25:27,3,0,4,3
2022-06-10T09:35:54,3,0,4,3
2022-06-10T09:46:21,3,0,4,3
2022-06-10T09:56:49,3,0,4,3
2022-06-10T10:07:19,3,0,4,3
2022-06-10T10:17:49,3,0,4,3
2022-06-10T10:28:20,3,0,4,3
2022-06-10T10:38:53,3,0,4,3
2022-06-10T10:49:25,3,0,4,3
2022-06-10T10:59:54,3,0,4,3
2022-06-10T11:10:43,3,0,4,3
2022-06-10T11:21:22,3,0,4,3
2022-06-10T11:32:02,3,0,4,3
2022-06-10T11:42:44,3,0,4,3
2022-06-10T11:53:27,3,0,4,3
2022-06-10T12:04:03,3,0,4,3
2022-06-10T12:14:33,3,0,4,3
2022-06-10T12:25:04,3,0,4,3
2022-06-10T12:35:46,3,0,4,3
2022-06-10T12:46:15,3,0,4,3
2022-06-10T12:56:45,3,0,4,3
2022-06-10T13:07:12,3,0,4,3
2022-06-10T13:17:39,3,0,4,3
2022-06-10T13:28:05,3,0,4,3
2022-06-10T13:38:32,3,0,4,3
2022-06-10T13:49:09,3,0,4,3
2022-06-10T13:59:35,3,0,4,3
2022-06-10T14:10:01,3,0,4,3
2022-06-10T14:20:27,3,0,4,3
2022-06-10T14:30:54,3,0,4,3
2022-06-10T14:41:20,3,0,4,3
2022-06-10T14:51:47,3,0,4,3
2022-06-10T15:02:17,3,0,4,3
2022-06-10T15:12:42,3,0,4,3
2022-06-10T15:23:08,3,0,4,3
2022-06-10T15:33:44,3,0,4,3
2022-06-10T15:44:10,3,0,4,3
2022-06-10T15:54:36,3,0,4,3
2022-06-10T16:05:02,3,0,4,3
2022-06-10T16:15:27,3,0,4,3
2022-06-10T16:25:53,3,0,4,3
2022-06-10T16:36:19,3,0,4,3
2022-06-10T16:47:03,3,0,4,3
2022-06-10T16:57:28,3,0,4,3
2022-06-10T17:07:54,3,0,4,3
2022-06-10T17:18:20,3,0,4,3
2022-06-10T17:28:45,3,0,4,3
2022-06-10T17:39:10,3,0,4,3
2022-06-10T17:49:36,3,0,4,3
2022-06-10T18:00:01,3,0,4,3
2022-06-10T18:10:25,3,0,4,3
2022-06-10T18:20:50,3,0,4,3
2022-06-10T18:31:26,3,0,4,3
2022-06-10T18:41:51,3,0,4,3
2022-06-10T18:52:15,3,0,4,3
2022-06-10T19:02:39,3,0,4,3
2022-06-10T19:13:04,3,0,4,3
2022-06-10T19:23:28,3,0,4,3
2022-06-10T19:33:54,3,0,4,3
2022-06-10T19:44:18,3,0,4,3
2022-06-10T19:54:43,3,0,4,3
2022-06-10T20:05:07,3,0,4,3
2022-06-10T20:15:32,3,0,4,3
2022-06-10T20:26:15,3,0,4,3
2022-06-10T20:36:40,3,0,4,3
2022-06-10T20:47:04,3,0,4,3
2022-06-10T20:57:28,3,0,4,3
2022-06-10T21:07:53,3,0,4,3
2022-06-10T21:18:18,3,0,4,3
2022-06-10T21:28:42,3,0,4,3
2022-06-10T21:39:07,3,0,4,3
2022-06-10T21:49:32,3,0,4,3
2022-06-10T21:59:56,3,0,4,3
2022-06-10T22:10:21,3,0,4,3
2022-06-10T22:20:46,3,0,4,3
2022-06-10T22:31:11,3,0,4,3
2022-06-10T22:41:47,3,0,4,3
2022-06-10T22:52:13,3,0,4,3
2022-06-10T23:02:38,3,0,4,3
2022-06-10T23:13:03,3,0,4,3
2022-06-10T23:23:30,3,0,4,3
2022-06-10T23:33:55,3,0,4,3
2022-06-10T23:44:19,3,0,4,3
2022-06-10T23:54:44,3,0,4,3
2022-06-11T00:05:10,3,0,4,3
2022-06-11T00:15:37,3,0,4,3
2022-06-11T00:26:04,3,0,4,3
2022-06-11T00:36:31,3,0,4,3
2022-06-11T00:46:57,3,0,4,3
2022-06-11T00:57:24,3,0,4,3
2022-06-11T01:08:04,3,0,4,3
2022-06-11T01:18:31,3,0,4,3
2022-06-11T01:28:58,3,0,4,3
2022-06-11T01:39:26,3,0,4,3
2022-06-11T01:49:52,3,0,4,3
2022-06-11T02:00:18,3,0,4,3
2022-06-11T02:10:43,3,0,4,3
2022-06-11T02:21:07,3,0,4,3
2022-06-11T02:31:32,3,0,4,3
2022-06-11T02:41:56,3,0,4,3
2022-06-11T02:52:22,3,0,4,3
2022-06-11T03:02:47,3,0,4,3
2022-06-11T03:13:12,3,0,4,3
2022-06-11T03:23:36,3,0,4,3
2022-06-11T03:34:01,3,0,4,3
2022-06-11T03:44:26,3,0,4,3
2022-06-11T03:54:51,3,0,4,3
2022-06-11T04:05:17,3,0,4,3
2022-06-11T04:29:04,3,0,4,3
2022-06-11T04:39:33,3,0,4,3
2022-06-11T04:50:01,3,0,4,3
2022-06-11T05:00:27,3,0,4,3
2022-06-11T05:10:52,3,0,4,3
2022-06-11T05:21:17,3,0,4,3
2022-06-11T05:31:41,3,0,4,3
2022-06-11T05:42:07,3,0,4,3
2022-06-11T05:52:51,3,0,4,3
2022-06-11T06:03:18,3,0,4,3
2022-06-11T06:13:45,3,0,4,3
2022-06-11T06:24:11,3,0,4,3
2022-06-11T06:34:38,3,0,4,3
2022-06-11T06:45:04,3,0,4,3
2022-06-11T06:55:30,3,0,4,3
2022-06-11T07:05:56,3,0,4,3
2022-06-11T07:16:23,3,0,4,3
2022-06-11T07:26:49,3,0,4,3
2022-06-11T07:37:16,3,0,4,3
2022-06-11T07:47:43,3,0,4,3
2022-06-11T07:58:10,3,0,4,3
2022-06-11T08:08:37,3,0,4,3
2022-06-11T08:19:03,3,0,4,3
2022-06-11T08:29:30,3,0,4,3
2022-06-11T08:39:56,3,0,4,3
2022-06-11T08:50:22,3,0,4,3
2022-06-11T09:00:49,3,0,4,3
2022-06-11T09:11:15,3,0,4,3
2022-06-11T09:21:42,3,0,4,3
2022-06-11T09:32:08,3,0,4,3
2022-06-11T09:42:35,3,0,4,3
2022-06-11T09:53:02,3,0,4,3
2022-06-11T10:03:28,3,0,4,3
2022-06-11T10:13:56,3,0,4,3
2022-06-11T10:24:22,3,0,4,3
2022-06-11T10:34:57,3,0,4,3
2022-06-11T10:45:22,3,0,4,3
2022-06-11T10:55:48,3,0,4,3
2022-06-11T11:06:15,3,0,4,3
2022-06-11T11:16:41,3,0,4,3
2022-06-11T11:27:07,3,0,4,3
2022-06-11T11:37:32,3,0,4,3
2022-06-11T11:47:56,3,0,4,3
2022-06-11T11:58:21,3,0,4,3
2022-06-11T12:08:47,3,0,4,3
2022-06-11T12:19:12,3,0,4,3
2022-06-11T12:29:37,3,0,4,3
2022-06-11T12:40:13,3,0,4,3
2022-06-11T12:50:38,3,0,4,3
2022-06-11T13:01:03,3,0,4,3
2022-06-11T13:11:27,3,0,4,3
2022-06-11T13:21:52,3,0,4,3
2022-06-11T13:32:16,3,0,4,3
2022-06-11T13:42:41,3,0,4,3
2022-06-11T13:53:06,3,0,4,3
2022-06-11T14:03:30,3,0,4,3
2022-06-11T14:13:55,3,0,4,3
2022-06-11T14:24:20,3,0,4,3
2022-06-11T14:34:44,3,0,4,3
2022-06-11T14:45:17,3,0,4,3
2022-06-11T14:55:41,3,0,4,3
2022-06-11T15:06:05,3,0,4,3
2022-06-11T15:16:30,3,0,4,3
2022-06-11T15:26:54,3,0,4,3
2022-06-11T15:37:19,3,0,4,3
2022-06-11T15:47:42,3,0,4,3
2022-06-11T15:58:07,3,0,4,3
2022-06-11T16:08:31,3,0,4,3
2022-06-11T16:18:56,3,0,4,3
2022-06-11T16:29:30,3,0,4,3
2022-06-11T16:39:54,3,0,4,3
2022-06-11T16:50:18,3,0,4,3
2022-06-11T17:00:42,3,0,4,3
2022-06-11T17:11:07,3,0,4,3
2022-06-11T17:21:32,3,0,4,3
2022-06-11T17:31:56,3,0,4,3
2022-06-11T17:42:31,3,0,4,3
2022-06-11T17:52:55,3,0,4,3
2022-06-11T18:03:19,3,0,4,3
2022-06-11T18:13:43,3,0,4,3
2022-06-11T18:24:08,3,0,4,3
2022-06-11T18:34:32,3,0,4,3
2022-06-11T18:44:56,3,0,4,3
2022-06-11T18:55:20,3,0,4,3
2022-06-11T19:05:44,3,0,4,3
2022-06-11T19:16:20,3,0,4,3
2022-06-11T19:26:44,3,0,4,3
2022-06-11T19:37:09,3,0,4,3
2022-06-11T19:47:33,3,0,4,3
2022-06-11T19:57:57,3,0,4,3
2022-06-11T20:08:21,3,0,4,3
2022-06-11T20:18:45,3,0,4,3
2022-06-11T20:29:09,3,0,4,3
2022-06-11T20:39:33,3,0,4,3
2022-06-11T20:50:07,3,0,4,3
2022-06-11T21:00:32,3,0,4,3
2022-06-11T21:10:55,3,0,4,3
2022-06-11T21:21:20,3,0,4,3
2022-06-11T21:31:44,3,0,4,3
2022-06-11T21:42:08,3,0,4,3
2022-06-11T21:52:32,3,0,4,3
2022-06-11T22:02:58,3,0,4,3
2022-06-11T22:13:28,3,0,4,3
2022-06-11T22:24:01,3,0,4,3
2022-06-11T22:34:29,3,0,4,3
2022-06-11T22:45:08,3,0,4,3
2022-06-11T22:55:36,3,0,4,3
2022-06-11T23:06:07,3,0,4,3
2022-06-11T23:16:41,3,0,4,3
2022-06-11T23:27:12,3,0,4,3
2022-06-11T23:37:43,3,0,4,3
2022-06-11T23:48:16,3,0,4,3
2022-06-11T23:58:46,3,0,4,3
2022-06-12T00:09:19,3,0,4,3
2022-06-12T00:19:55,3,0,4,3
2022-06-12T00:30:26,3,0,4,3
2022-06-12T00:41:10,3,0,4,3
2022-06-12T00:51:42,3,0,4,3
2022-06-12T01:02:14,3,0,4,3
2022-06-12T01:12:47,3,0,4,3
2022-06-12T01:23:16,3,0,4,3
2022-06-12T01:33:45,3,0,4,3
2022-06-12T01:44:13,3,0,4,3
2022-06-12T01:54:38,3,0,4,3
2022-06-12T02:05:18,3,0,4,3
2022-06-12T02:15:43,3,0,4,3
2022-06-12T02:26:08,3,0,4,3
2022-06-12T02:36:34,3,0,4,3
2022-06-12T02:46:59,3,0,4,3
2022-06-12T02:57:33,3,0,4,3
2022-06-12T03:07:57,3,0,4,3
2022-06-12T03:18:22,3,0,4,3
2022-06-12T03:28:46,3,0,4,3
2022-06-12T03:39:11,3,0,4,3
2022-06-12T03:49:37,3,0,4,3
2022-06-12T04:00:02,3,0,4,3
2022-06-12T04:19:36,3,0,4,3
2022-06-12T04:30:26,3,0,4,3
2022-06-12T04:40:54,3,0,4,3
2022-06-12T04:51:21,3,0,4,3
2022-06-12T05:01:47,3,0,4,3
2022-06-12T05:12:14,3,0,4,3
2022-06-12T05:22:41,3,0,4,3
2022-06-12T05:33:06,3,0,4,3
2022-06-12T05:43:32,3,0,4,3
2022-06-12T05:54:02,3,0,4,3
2022-06-12T06:04:27,3,0,4,3
2022-06-12T06:14:52,3,0,4,3
2022-06-12T06:25:18,3,0,4,3
2022-06-12T06:35:43,3,0,4,3
2022-06-12T06:46:07,3,0,4,3
2022-06-12T06:56:46,3,0,4,3
2022-06-12T07:07:11,3,0,4,3
2022-06-12T07:17:35,3,0,4,3
2022-06-12T07:28:00,3,0,4,3
2022-06-12T07:38:24,3,0,4,3
2022-06-12T07:48:48,3,0,4,3
2022-06-12T07:59:13,3,0,4,3
2022-06-12T08:09:37,3,0,4,3
2022-06-12T08:20:01,3,0,4,3
2022-06-12T08:30:38,3,0,4,3
2022-06-12T08:41:03,3,0,4,3
2022-06-12T08:51:27,3,0,4,3
2022-06-12T09:01:53,3,0,4,3
2022-06-12T09:12:18,3,0,4,3
2022-06-12T09:22:42,3,0,4,3
2022-06-12T09:33:09,3,0,4,3
2022-06-12T09:43:35,3,0,4,3
2022-06-12T09:54:00,3,0,4,3
2022-06-12T10:04:27,3,0,4,3
2022-06-12T10:15:03,3,0,4,3
2022-06-12T10:25:28,3,0,4,3
2022-06-12T10:35:55,3,0,4,3
2022-06-12T10:46:22,3,0,4,3
2022-06-12T10:56:47,3,0,4,3
2022-06-12T11:07:14,3,0,4,3
2022-06-12T11:17:40,3,0,4,3
2022-06-12T11:28:04,3,0,4,3
2022-06-12T11:38:40,3,0,4,3
2022-06-12T11:49:05,3,0,4,3
2022-06-12T11:59:29,3,0,4,3
2022-06-12T12:09:54,3,0,4,3
2022-06-12T12:20:18,3,0,4,3
2022-06-12T12:30:43,3,0,4,3
2022-06-12T12:41:08,3,0,4,3
2022-06-12T12:51:51,3,0,4,3
2022-06-12T13:02:16,3,0,4,3
2022-06-12T13:12:40,3,0,4,3
2022-06-12T13:23:05,3,0,4,3
2022-06-12T13:33:29,3,0,4,3
2022-06-12T13:43:54,3,0,4,3
2022-06-12T13:54:18,3,0,4,3
2022-06-12T14:04:43,3,0,4,3
2022-06-12T14:15:18,3,0,4,3
2022-06-12T14:25:42,3,0,4,3
2022-06-12T14:36:07,3,0,4,3
2022-06-12T14:46:31,3,0,4,3
2022-06-12T14:56:55,3,0,4,3
2022-06-12T15:07:20,3,0,4,3
2022-06-12T15:17:55,3,0,4,3
2022-06-12T15:28:20,3,0,4,3
2022-06-12T15:38:44,3,0,4,3
2022-06-12T15:49:09,3,0,4,3
2022-06-12T15:59:33,3,0,4,3
2022-06-12T16:09:58,3,0,4,3
2022-06-12T16:20:44,3,0,4,3
2022-06-12T16:31:09,3,0,4,3
2022-06-12T16:41:34,3,0,4,3
2022-06-12T16:51:58,3,0,4,3
2022-06-12T17:02:41,3,0,4,3
2022-06-12T17:13:06,3,0,4,3
2022-06-12T17:23:30,3,0,4,3
2022-06-12T17:33:55,3,0,4,3
2022-06-12T17:44:20,3,0,4,3
2022-06-12T17:54:45,3,0,4,3
2022-06-12T18:05:09,3,0,4,3
2022-06-12T18:15:44,3,0,4,3
2022-06-12T18:26:09,3,0,4,3
2022-06-12T18:36:34,3,0,4,3
2022-06-12T18:46:58,3,0,4,3
2022-06-12T18:57:22,3,0,4,3
2022-06-12T19:07:47,3,0,4,3
2022-06-12T19:18:12,3,0,4,3
2022-06-12T19:28:36,3,0,4,3
2022-06-12T19:39:12,3,0,4,3
2022-06-12T19:49:36,3,0,4,3
2022-06-12T20:00:00,3,0,4,3
2022-06-12T20:10:25,3,0,4,3
2022-06-12T20:20:50,3,0,4,3
2022-06-12T20:31:25,3,0,4,3
2022-06-12T20:41:50,3,0,4,3
2022-06-12T20:52:15,3,0,4,3
2022-06-12T21:02:39,3,0,4,3
2022-06-12T21:13:04,3,0,4,3
2022-06-12T21:23:40,3,0,4,3
2022-06-12T21:34:05,3,0,4,3
2022-06-12T21:44:30,3,0,4,3
2022-06-12T21:54:54,3,0,4,3
2022-06-12T22:05:18,3,0,4,3
2022-06-12T22:15:55,3,0,4,3
2022-06-12T22:26:20,3,0,4,3
2022-06-12T22:36:46,3,0,4,3
2022-06-12T22:47:10,3,0,4,3
2022-06-12T22:57:35,3,0,4,3
2022-06-12T23:08:03,3,0,4,3
2022-06-12T23:18:30,3,0,4,3
2022-06-12T23:29:07,3,0,4,3
2022-06-12T23:39:35,3,0,4,3
2022-06-12T23:50:06,3,0,4,3
2022-06-13T00:00:34,3,0,4,3
2022-06-13T00:11:04,3,0,4,3
2022-06-13T00:21:41,3,0,4,3
2022-06-13T00:32:26,3,0,4,3
2022-06-13T00:42:56,3,0,4,3
2022-06-13T00:53:28,3,0,4,3
2022-06-13T01:03:59,3,0,4,3
2022-06-13T01:14:39,3,0,4,3
2022-06-13T01:25:10,3,0,4,3
2022-06-13T01:35:48,3,0,4,3
2022-06-13T01:46:25,3,0,4,3
2022-06-13T01:57:03,3,0,4,3
2022-06-13T02:08:10,3,0,4,3
2022-06-13T02:18:46,3,0,4,3
2022-06-13T02:29:19,3,0,4,3
2022-06-13T02:39:53,3,0,4,3
2022-06-13T02:50:27,3,0,4,3
2022-06-13T03:00:55,3,0,4,3
2022-06-13T03:11:22,3,0,4,3
2022-06-13T03:21:49,3,0,4,3
2022-06-13T03:32:14,3,0,4,3
2022-06-13T03:42:39,3,0,4,3
2022-06-13T03:53:30,3,0,4,3
2022-06-13T04:05:44,3,0,4,3
2022-06-13T04:26:00,3,0,4,3
2022-06-13T04:36:29,3,0,4,3
2022-06-13T04:46:56,3,0,4,3
2022-06-13T04:57:23,3,0,4,3
2022-06-13T05:07:51,3,0,4,3
2022-06-13T05:18:17,3,0,4,3
2022-06-13T05:28:44,3,0,4,3
2022-06-13T05:39:10,3,0,4,3
2022-06-13T05:49:36,3,0,4,3
2022-06-13T06:00:02,3,0,4,3
2022-06-13T06:10:28,3,0,4,3
2022-06-13T06:20:55,3,0,4,3
2022-06-13T06:31:22,3,0,4,3
2022-06-13T06:41:47,3,0,4,3
2022-06-13T06:52:13,3,0,4,3
2022-06-13T07:02:41,3,0,4,3
2022-06-13T07:13:07,3,0,4,3
2022-06-13T07:23:32,3,0,4,3
2022-06-13T07:33:56,3,0,4,3
2022-06-13T07:44:22,3,0,4,3
2022-06-13T07:54:47,3,0,4,3
2022-06-13T08:05:23,3,0,4,3
2022-06-13T08:15:49,3,0,4,3
2022-06-13T08:26:15,3,0,4,3
2022-06-13T08:36:42,3,0,4,3
2022-06-13T08:47:08,3,0,4,3
2022-06-13T08:57:35,3,0,4,3
2022-06-13T09:08:02,3,0,4,3
2022-06-13T09:18:29,3,0,4,3
2022-06-13T09:29:08,3,0,4,3
2022-06-13T09:39:36,3,0,4,3
2022-06-13T09:50:06,3,0,4,3
2022-06-13T10:00:35,3,0,4,3
2022-06-13T10:11:04,3,0,4,3
2022-06-13T10:21:31,3,0,4,3
2022-06-13T10:32:09,3,0,4,3
2022-06-13T10:42:37,3,0,4,3
2022-06-13T10:53:04,3,0,4,3
2022-06-13T11:03:32,3,0,4,3
2022-06-13T11:14:02,3,0,4,3
2022-06-13T11:24:30,3,0,4,3
2022-06-13T11:35:08,3,0,4,3
2022-06-13T11:45:36,3,0,4,3
2022-06-13T11:56:04,3,0,4,3
2022-06-13T12:06:34,3,0,4,3
2022-06-13T12:17:01,3,0,4,3
2022-06-13T12:27:39,3,0,4,3
2022-06-13T12:38:06,3,0,4,3
2022-06-13T12:48:36,3,0,4,3
2022-06-13T12:59:03,3,0,4,3
2022-06-13T13:09:31,3,0,4,3
2022-06-13T13:20:11,3,0,4,3
2022-06-13T13:30:38,3,0,4,3
2022-06-13T13:41:06,3,0,4,3
2022-06-13T13:51:37,3,0,4,3
2022-06-13T14:02:09,3,0,4,3
2022-06-13T14:12:39,3,0,4,3
2022-06-13T14:23:22,3,0,4,3
2022-06-13T14:33:55,3,0,4,3
2022-06-13T14:44:29,3,0,4,3
2022-06-13T14:55:03,3,0,4,3
2022-06-13T15:05:35,3,0,4,3
2022-06-13T15:16:07,3,0,4,3
2022-06-13T15:26:51,3,0,4,3
2022-06-13T15:37:30,3,0,4,3
2022-06-13T15:48:04,3,0,4,3
2022-06-13T15:58:40,3,0,4,3
2022-06-13T16:09:10,3,0,4,3
2022-06-13T16:19:41,3,0,4,3
2022-06-13T16:30:27,3,0,4,3
2022-06-13T16:41:00,3,0,4,3
2022-06-13T16:51:34,3,0,4,3
2022-06-13T17:02:08,3,0,4,3
2022-06-13T17:12:41,3,0,4,3
2022-06-13T17:23:25,3,0,4,3
2022-06-13T17:33:59,3,0,4,3
2022-06-13T17:44:32,3,0,4,3
2022-06-13T17:55:04,3,0,4,3
2022-06-13T18:05:33,3,0,4,3
2022-06-13T18:16:14,3,0,4,3
2022-06-13T18:26:41,3,0,4,3
2022-06-13T18:37:09,3,0,4,3
2022-06-13T18:47:35,3,0,4,3
2022-06-13T18:58:13,3,0,4,3
2022-06-13T19:08:40,3,0,4,3
2022-06-13T19:19:06,3,0,4,3
2022-06-13T19:29:35,3,0,4,3
2022-06-13T19:40:01,3,0,4,3
2022-06-13T19:50:39,3,0,4,3
2022-06-13T20:01:04,3,0,4,3
2022-06-13T20:11:30,3,0,4,3
2022-06-13T20:21:56,3,0,4,3
2022-06-13T20:32:24,3,0,4,3
2022-06-13T20:42:50,3,0,4,3
2022-06-13T20:53:28,3,0,4,3
2022-06-13T21:03:54,3,0,4,3
2022-06-13T21:14:23,3,0,4,3
2022-06-13T21:24:49,3,0,4,3
2022-06-13T21:35:27,3,0,4,3
2022-06-13T21:45:54,3,0,4,3
2022-06-13T21:56:21,3,0,4,3
2022-06-13T22:06:48,3,0,4,3
2022-06-13T22:17:14,3,0,4,3
2022-06-13T22:27:53,3,0,4,3
2022-06-13T22:38:20,3,0,4,3
2022-06-13T22:48:45,3,0,4,3
2022-06-13T22:59:11,3,0,4,3
2022-06-13T23:09:41,3,0,4,3
2022-06-13T23:20:07,3,0,4,3
2022-06-13T23:30:44,3,0,4,3
2022-06-13T23:41:11,3,0,4,3
2022-06-13T23:51:36,3,0,4,3
2022-06-14T00:02:05,3,0,4,3
2022-06-14T00:12:33,3,0,4,3
2022-06-14T00:23:06,3,0,4,3
2022-06-14T00:33:45,3,0,4,3
2022-06-14T00:44:12,3,0,4,3
2022-06-14T00:54:40,3,0,4,3
2022-06-14T01:05:10,3,0,4,3
2022-06-14T01:15:38,3,0,4,3
2022-06-14T01:26:06,3,0,4,3
2022-06-14T01:36:47,3,0,4,3
2022-06-14T01:47:14,3,0,4,3
2022-06-14T01:57:42,3,0,4,3
2022-06-14T02:08:09,3,0,4,3
2022-06-14T02:18:35,3,0,4,3
2022-06-14T02:29:00,3,0,4,3
2022-06-14T02:39:25,3,0,4,3
2022-06-14T02:49:52,3,0,4,3
2022-06-14T03:00:17,3,0,4,3
2022-06-14T03:10:42,3,0,4,3
2022-06-14T03:21:06,3,0,4,3
2022-06-14T03:31:31,3,0,4,3
2022-06-14T03:42:08,3,0,4,3
2022-06-14T03:52:33,3,0,4,3
2022-06-14T04:02:59,3,0,4,3
2022-06-14T04:25:36,3,0,4,3
2022-06-14T04:36:28,3,0,4,3
2022-06-14T04:46:59,3,0,4,3
2022-06-14T04:57:26,3,0,4,3
2022-06-14T05:07:55,3,0,4,3
2022-06-14T05:18:22,3,0,4,3
2022-06-14T05:28:49,3,0,4,3
2022-06-14T05:39:18,3,0,4,3
2022-06-14T05:49:44,3,0,4,3
2022-06-14T06:00:11,3,0,4,3
2022-06-14T06:10:37,3,0,4,3
2022-06-14T06:21:04,3,0,4,3
2022-06-14T06:31:40,3,0,4,3
2022-06-14T06:42:07,3,0,4,3
2022-06-14T06:52:33,3,0,4,3
2022-06-14T07:03:03,3,0,4,3
2022-06-14T07:13:30,3,0,4,3
2022-06-14T07:23:57,3,0,4,3
2022-06-14T07:34:24,3,0,4,3
2022-06-14T07:44:52,3,0,4,3
2022-06-14T07:55:30,3,0,4,3
2022-06-14T08:05:57,3,0,4,3
2022-06-14T08:16:25,3,0,4,3
2022-06-14T08:26:52,3,0,4,3
2022-06-14T08:37:20,3,0,4,3
2022-06-14T08:47:48,3,0,4,3
2022-06-14T08:58:26,3,0,4,3
2022-06-14T09:08:55,3,0,4,3
2022-06-14T09:19:26,3,0,4,3
2022-06-14T09:29:56,3,0,4,3
2022-06-14T09:40:26,3,0,4,3
2022-06-14T09:51:07,3,0,4,3
2022-06-14T10:01:37,3,0,4,3
2022-06-14T10:12:07,3,0,4,3
2022-06-14T10:22:38,3,0,4,3
2022-06-14T10:33:07,3,0,4,3
2022-06-14T10:43:49,3,0,4,3
2022-06-14T10:54:18,3,0,4,3
2022-06-14T11:04:46,3,0,4,3
2022-06-14T11:15:15,3,0,4,3
2022-06-14T11:25:57,3,0,4,3
2022-06-14T11:36:26,3,0,4,3
2022-06-14T11:46:55,3,0,4,3
2022-06-14T11:57:25,3,0,4,3
2022-06-14T12:08:06,3,0,4,3
2022-06-14T12:18:35,3,0,4,3
2022-06-14T12:29:04,3,0,4,3
2022-06-14T12:39:44,3,0,4,3
2022-06-14T12:50:12,3,0,4,3
2022-06-14T13:00:41,3,0,4,3
2022-06-14T13:11:10,3,0,4,3
2022-06-14T13:21:50,3,0,4,3
2022-06-14T13:32:19,3,0,4,3
2022-06-14T13:42:47,3,0,4,3
2022-06-14T13:53:15,3,0,4,3
2022-06-14T14:03:56,3,0,4,3
2022-06-14T14:14:24,3,0,4,3
2022-06-14T14:24:53,3,0,4,3
2022-06-14T14:35:22,3,0,4,3
2022-06-14T14:46:03,3,0,4,3
2022-06-14T14:56:32,3,0,4,3
2022-06-14T15:07:01,3,0,4,3
2022-06-14T15:17:41,3,0,4,3
2022-06-14T15:28:09,3,0,4,3
2022-06-14T15:38:39,3,0,4,3
2022-06-14T15:49:07,3,0,4,3
2022-06-14T15:59:46,3,0,4,3
2022-06-14T16:10:14,3,0,4,3
2022-06-14T16:20:41,3,0,4,3
2022-06-14T16:31:08,3,0,4,3
2022-06-14T16:41:46,3,0,4,3
2022-06-14T16:52:13,3,0,4,3
2022-06-14T17:02:40,3,0,4,3
2022-06-14T17:13:08,3,0,4,3
2022-06-14T17:23:46,3,0,4,3
2022-06-14T17:34:13,3,0,4,3
2022-06-14T17:44:40,3,0,4,3
2022-06-14T17:55:06,3,0,4,3
2022-06-14T18:05:33,3,0,4,3
2022-06-14T18:16:13,3,0,4,3
2022-06-14T18:26:40,3,0,4,3
2022-06-14T18:37:09,3,0,4,3
2022-06-14T18:47:36,3,0,4,3
2022-06-14T18:58:16,3,0,4,3
2022-06-14T19:08:43,3,0,4,3
2022-06-14T19:19:11,3,0,4,3
2022-06-14T19:29:38,3,0,4,3
2022-06-14T19:40:16,3,0,4,3
2022-06-14T19:50:42,3,0,4,3
2022-06-14T20:01:09,3,0,4,3
2022-06-14T20:11:36,3,0,4,3
2022-06-14T20:22:16,3,0,4,3
2022-06-14T20:32:43,3,0,4,3
2022-06-14T20:43:08,3,0,4,3
2022-06-14T20:53:35,3,0,4,3
2022-06-14T21:04:14,3,0,4,3
2022-06-14T21:14:40,3,0,4,3
2022-06-14T21:25:07,3,0,4,3
2022-06-14T21:35:46,3,0,4,3
2022-06-14T21:46:13,3,0,4,3
2022-06-14T21:56:39,3,0,4,3
2022-06-14T22:07:06,3,0,4,3
2022-06-14T22:17:32,3,0,4,3
2022-06-14T22:28:10,3,0,4,3
2022-06-14T22:38:37,3,0,4,3
2022-06-14T22:49:04,3,0,4,3
2022-06-14T22:59:30,3,0,4,3
2022-06-14T23:10:11,3,0,4,3
2022-06-14T23:20:37,3,0,4,3
2022-06-14T23:31:04,3,0,4,3
2022-06-14T23:41:30,3,0,4,3
2022-06-14T23:52:08,3,0,4,3
2022-06-15T00:02:36,3,0,4,3
2022-06-15T00:13:09,3,0,4,3
2022-06-15T00:23:39,3,0,4,3
2022-06-15T00:34:08,3,0,4,3
2022-06-15T00:44:49,3,0,4,3
2022-06-15T00:55:17,3,0,4,3
2022-06-15T01:05:47,3,0,4,3
2022-06-15T01:16:17,3,0,4,3
2022-06-15T01:26:45,3,0,4,3
2022-06-15T01:37:14,3,0,4,3
2022-06-15T01:47:54,3,0,4,3
2022-06-15T01:58:23,3,0,4,3
2022-06-15T02:08:51,3,0,4,3
2022-06-15T02:19:18,3,0,4,3
2022-06-15T02:29:44,3,0,4,3
2022-06-15T02:40:10,3,0,4,3
2022-06-15T02:50:49,3,0,4,3
2022-06-15T03:01:15,3,0,4,3
2022-06-15T03:11:47,3,0,4,3
2022-06-15T03:22:17,3,0,4,3
2022-06-15T03:32:47,3,0,4,3
2022-06-15T03:43:17,3,0,4,3
2022-06-15T03:53:49,3,0,4,3
2022-06-15T04:04:25,3,0,4,3
2022-06-15T04:24:31,3,0,4,3
2022-06-15T04:35:34,3,0,4,3
2022-06-15T04:46:13,3,0,4,3
2022-06-15T04:56:47,3,0,4,3
2022-06-15T05:07:18,3,0,4,3
2022-06-15T05:17:48,3,0,4,3
2022-06-15T05:28:29,3,0,4,3
2022-06-15T05:39:06,3,0,4,3
2022-06-15T05:49:44,3,0,4,3
2022-06-15T06:00:19,3,0,4,3
2022-06-15T06:10:56,3,0,4,3
2022-06-15T06:21:30,3,0,4,3
2022-06-15T06:32:04,3,0,4,3
2022-06-15T06:42:51,3,0,4,3
2022-06-15T06:53:25,3,0,4,3
2022-06-15T07:03:57,3,0,4,3
2022-06-15T07:14:27,3,0,4,3
2022-06-15T07:24:57,3,0,4,3
2022-06-15T07:35:25,3,0,4,3
2022-06-15T07:45:53,3,0,4,3
2022-06-15T07:56:21,3,0,4,3
2022-06-15T08:07:01,3,0,4,3
2022-06-15T08:17:33,3,0,4,3
2022-06-15T08:28:02,3,0,4,3
2022-06-15T08:38:31,3,0,4,3
2022-06-15T08:49:02,3,0,4,3
2022-06-15T08:59:30,3,0,4,3
2022-06-15T09:10:13,3,0,4,3
2022-06-15T09:20:43,3,0,4,3
2022-06-15T09:31:12,3,0,4,3
2022-06-15T09:41:41,3,0,4,3
2022-06-15T09:52:22,3,0,4,3
2022-06-15T10:02:50,3,0,4,3
2022-06-15T10:13:19,3,0,4,3
2022-06-15T10:23:47,3,0,4,3
2022-06-15T10:34:16,3,0,4,3
2022-06-15T10:44:45,3,0,4,3
2022-06-15T10:55:25,3,0,4,3
2022-06-15T11:05:55,3,0,4,3
2022-06-15T11:16:24,3,0,4,3
2022-06-15T11:26:53,3,0,4,3
2022-06-15T11:37:36,3,0,4,3
2022-06-15T11:48:06,3,0,4,3
2022-06-15T11:58:34,3,0,4,3
2022-06-15T12:09:03,3,0,4,3
2022-06-15T12:19:43,3,0,4,3
2022-06-15T12:30:11,3,0,4,3
2022-06-15T12:40:38,3,0,4,3
2022-06-15T12:51:06,3,0,4,3
2022-06-15T13:01:34,3,0,4,3
2022-06-15T13:12:15,3,0,4,3
2022-06-15T13:22:44,3,0,4,3
2022-06-15T13:33:14,3,0,4,3
2022-06-15T13:43:44,3,0,4,3
2022-06-15T13:54:27,3,0,4,3
2022-06-15T14:04:57,3,0,4,3
2022-06-15T14:15:26,3,0,4,3
2022-06-15T14:25:58,3,0,4,3
2022-06-15T14:36:29,3,0,4,3
2022-06-15T14:47:01,3,0,4,3
2022-06-15T14:57:40,3,0,4,3
2022-06-15T15:08:09,3,0,4,3
2022-06-15T15:18:37,3,0,4,3
2022-06-15T15:29:05,3,0,4,3
2022-06-15T15:39:32,3,0,4,3
2022-06-15T15:50:11,3,0,4,3
2022-06-15T16:00:38,3,0,4,3
2022-06-15T16:11:05,3,0,4,3
2022-06-15T16:21:33,3,0,4,3
2022-06-15T16:32:00,3,0,4,3
2022-06-15T16:42:27,3,0,4,3
2022-06-15T16:53:06,3,0,4,3
2022-06-15T17:03:33,3,0,4,3
2022-06-15T17:14:01,3,0,4,3
2022-06-15T17:24:27,3,0,4,3
2022-06-15T17:34:53,3,0,4,3
2022-06-15T17:45:20,3,0,4,3
2022-06-15T17:55:58,3,0,4,3
2022-06-15T18:06:25,3,0,4,3
2022-06-15T18:16:51,3,0,4,3
2022-06-15T18:27:21,3,0,4,3
2022-06-15T18:37:47,3,0,4,3
2022-06-15T18:48:12,3,0,4,3
2022-06-15T18:58:52,3,0,4,3
2022-06-15T19:09:23,3,0,4,3
2022-06-15T19:19:52,3,0,4,3
2022-06-15T19:30:23,3,0,4,3
2022-06-15T19:40:55,3,0,4,3
2022-06-15T19:51:27,3,0,4,3
2022-06-15T20:02:12,3,0,4,3
2022-06-15T20:12:49,3,0,4,3
2022-06-15T20:23:21,3,0,4,3
2022-06-15T20:33:53,3,0,4,3
2022-06-15T20:44:28,3,0,4,3
2022-06-15T20:54:58,3,0,4,3
2022-06-15T21:05:44,3,0,4,3
2022-06-15T21:16:19,3,0,4,3
2022-06-15T21:26:53,3,0,4,3
2022-06-15T21:37:40,3,0,4,3
2022-06-15T21:48:13,3,0,4,3
2022-06-15T21:58:47,3,0,4,3
2022-06-15T22:09:21,3,0,4,3
2022-06-15T22:19:55,3,0,4,3
2022-06-15T22:30:42,3,0,4,3
2022-06-15T22:41:13,3,0,4,3
2022-06-15T22:51:43,3,0,4,3
2022-06-15T23:02:11,3,0,4,3
2022-06-15T23:12:39,3,0,4,3
2022-06-15T23:23:19,3,0,4,3
2022-06-15T23:33:46,3,0,4,3
2022-06-15T23:44:12,3,0,4,3
2022-06-15T23:54:37,3,0,4,3
2022-06-16T00:05:04,3,0,4,3
2022-06-16T00:15:32,3,0,4,3
2022-06-16T00:26:13,3,0,4,3
2022-06-16T00:36:41,3,0,4,3
2022-06-16T00:47:09,3,0,4,3
2022-06-16T00:57:37,3,0,4,3
2022-06-16T01:08:04,3,0,4,3
2022-06-16T01:18:31,3,0,4,3
2022-06-16T01:28:57,3,0,4,3
2022-06-16T01:39:23,3,0,4,3
2022-06-16T01:49:50,3,0,4,3
2022-06-16T02:00:31,3,0,4,3
2022-06-16T02:10:58,3,0,4,3
2022-06-16T02:21:25,3,0,4,3
2022-06-16T02:31:51,3,0,4,3
2022-06-16T02:42:18,3,0,4,3
2022-06-16T02:52:43,3,0,4,3
2022-06-16T03:03:08,3,0,4,3
2022-06-16T03:13:32,3,0,4,3
2022-06-16T03:23:57,3,0,4,3
2022-06-16T03:34:22,3,0,4,3
2022-06-16T03:44:46,3,0,4,3
2022-06-16T03:55:10,3,0,4,3
2022-06-16T04:05:35,3,0,4,3
2022-06-16T04:26:28,3,0,4,3
2022-06-16T04:36:56,3,0,4,3
2022-06-16T04:47:24,3,0,4,3
2022-06-16T04:57:54,3,0,4,3
2022-06-16T05:08:24,3,0,4,3
2022-06-16T05:18:52,3,0,4,3
2022-06-16T05:29:20,3,0,4,3
2022-06-16T05:39:47,3,0,4,3
2022-06-16T05:50:15,3,0,4,3
2022-06-16T06:00:45,3,0,4,3
2022-06-16T06:11:12,3,0,4,3
2022-06-16T06:21:40,3,0,4,3
2022-06-16T06:32:06,3,0,4,3
2022-06-16T06:42:34,3,0,4,3
2022-06-16T06:53:01,3,0,4,3
2022-06-16T07:03:30,3,0,4,3
2022-06-16T07:14:00,3,0,4,3
2022-06-16T07:24:27,3,0,4,3
2022-06-16T07:35:06,3,0,4,3
2022-06-16T07:45:33,3,0,4,3
2022-06-16T07:56:00,3,0,4,3
2022-06-16T08:06:28,3,0,4,3
2022-06-16T08:16:54,3,0,4,3
2022-06-16T08:27:21,3,0,4,3
2022-06-16T08:37:47,3,0,4,3
2022-06-16T08:48:14,3,0,4,3
2022-06-16T08:58:40,3,0,4,3
2022-06-16T09:09:07,3,0,4,3
2022-06-16T09:19:34,3,0,4,3
2022-06-16T09:30:14,3,0,4,3
2022-06-16T09:40:41,3,0,4,3
2022-06-16T09:51:08,3,0,4,3
2022-06-16T10:01:35,3,0,4,3
2022-06-16T10:12:02,3,0,4,3
2022-06-16T10:22:29,3,0,4,3
2022-06-16T10:32:56,3,0,4,3
2022-06-16T10:43:22,3,0,4,3
2022-06-16T10:54:02,3,0,4,3
2022-06-16T11:04:29,3,0,4,3
2022-06-16T11:14:56,3,0,4,3
2022-06-16T11:25:23,3,0,4,3
2022-06-16T11:35:50,3,0,4,3
2022-06-16T11:46:17,3,0,4,3
2022-06-16T11:56:43,3,0,4,3
2022-06-16T12:07:21,3,0,4,3
2022-06-16T12:17:49,3,0,4,3
2022-06-16T12:28:17,3,0,4,3
2022-06-16T12:38:47,3,0,4,3
2022-06-16T12:49:19,3,0,4,3
2022-06-16T12:59:51,3,0,4,3
2022-06-16T13:10:23,3,0,4,3
2022-06-16T13:21:08,3,0,4,3
2022-06-16T13:31:45,3,0,4,3
2022-06-16T13:42:24,3,0,4,3
2022-06-16T13:53:04,3,0,4,3
2022-06-16T14:03:44,3,0,4,3
2022-06-16T14:14:36,3,0,4,3
2022-06-16T14:25:19,3,0,4,3
2022-06-16T14:35:58,3,0,4,3
2022-06-16T14:46:33,3,0,4,3
2022-06-16T14:57:08,3,0,4,3
2022-06-16T15:07:39,3,0,4,3
2022-06-16T15:18:22,3,0,4,3
2022-06-16T15:28:50,3,0,4,3
2022-06-16T15:39:17,3,0,4,3
2022-06-16T15:49:44,3,0,4,3
2022-06-16T16:00:12,3,0,4,3
2022-06-16T16:10:50,3,0,4,3
2022-06-16T16:21:16,3,0,4,3
2022-06-16T16:31:43,3,0,4,3
2022-06-16T16:42:09,3,0,4,3
2022-06-16T16:52:36,3,0,4,3
2022-06-16T17:03:02,3,0,4,3
2022-06-16T17:13:28,3,0,4,3
2022-06-16T17:23:54,3,0,4,3
2022-06-16T17:34:20,3,0,4,3
2022-06-16T17:44:57,3,0,4,3
2022-06-16T17:55:22,3,0,4,3
2022-06-16T18:05:48,3,0,4,3
2022-06-16T18:16:14,3,0,4,3
2022-06-16T18:26:39,3,0,4,3
2022-06-16T18:37:05,3,0,4,3
2022-06-16T18:47:31,3,0,4,3
2022-06-16T18:58:07,3,0,4,3
2022-06-16T19:08:33,3,0,4,3
2022-06-16T19:18:58,3,0,4,3
2022-06-16T19:29:25,3,0,4,3
2022-06-16T19:39:51,3,0,4,3
2022-06-16T19:50:16,3,0,4,3
2022-06-16T20:00:42,3,0,4,3
2022-06-16T20:11:08,3,0,4,3
2022-06-16T20:21:33,3,0,4,3
2022-06-16T20:31:58,3,0,4,3
2022-06-16T20:42:35,3,0,4,3
2022-06-16T20:53:01,3,0,4,3
2022-06-16T21:03:26,3,0,4,3
2022-06-16T21:13:52,3,0,4,3
2022-06-16T21:24:17,3,0,4,3
2022-06-16T21:34:43,3,0,4,3
2022-06-16T21:45:08,3,0,4,3
2022-06-16T21:55:46,3,0,4,3
2022-06-16T22:06:12,3,0,4,3
2022-06-16T22:16:38,3,0,4,3
2022-06-16T22:27:04,3,0,4,3
2022-06-16T22:37:30,3,0,4,3
2022-06-16T22:48:07,3,0,4,3
2022-06-16T22:58:32,3,0,4,3
2022-06-16T23:08:58,3,0,4,3
2022-06-16T23:19:24,3,0,4,3
2022-06-16T23:29:51,3,0,4,3
2022-06-16T23:40:27,3,0,4,3
2022-06-16T23:51:03,3,0,4,3
2022-06-17T00:01:42,3,0,4,3
2022-06-17T00:12:23,3,0,4,3
2022-06-17T00:23:17,3,0,4,3
2022-06-17T00:34:18,3,0,4,3
2022-06-17T00:45:06,3,0,4,3
2022-06-17T00:55:51,3,0,4,3
2022-06-17T01:06:31,3,0,4,3
2022-06-17T01:17:09,3,0,4,3
2022-06-17T01:27:45,3,0,4,3
2022-06-17T01:38:19,3,0,4,3
2022-06-17T01:48:54,3,0,4,3
2022-06-17T01:59:24,3,0,4,3
2022-06-17T02:10:06,3,0,4,3
2022-06-17T02:20:35,3,0,4,3
2022-06-17T02:31:00,3,0,4,3
2022-06-17T02:41:25,3,0,4,3
2022-06-17T02:51:50,3,0,4,3
2022-06-17T03:02:14,3,0,4,3
2022-06-17T03:12:39,3,0,4,3
2022-06-17T03:23:04,3,0,4,3
2022-06-17T03:33:28,3,0,4,3
2022-06-17T03:43:54,3,0,4,3
2022-06-17T03:54:21,3,0,4,3
2022-06-17T04:04:47,3,0,4,3
2022-06-17T04:22:34,3,0,4,3
2022-06-17T04:33:03,3,0,4,3
2022-06-17T04:47:15,3,0,4,3
2022-06-17T05:02:37,3,0,4,3
2022-06-17T05:22:15,3,0,4,3
2022-06-17T05:42:30,3,0,4,3
2022-06-17T06:00:45,3,0,4,3
2022-06-17T06:11:10,3,0,4,3
2022-06-17T06:21:36,3,0,4,3
2022-06-17T06:32:17,3,0,4,3
2022-06-17T06:42:47,3,0,4,3
2022-06-17T06:53:15,3,0,4,3
2022-06-17T07:03:43,3,0,4,3
2022-06-17T07:14:13,3,0,4,3
2022-06-17T07:24:41,3,0,4,3
2022-06-17T07:35:09,3,0,4,3
2022-06-17T07:45:36,3,0,4,3
2022-06-17T07:56:04,3,0,4,3
2022-06-17T08:06:32,3,0,4,3
2022-06-17T08:16:59,3,0,4,3
2022-06-17T08:27:28,3,0,4,3
2022-06-17T08:37:56,3,0,4,3
2022-06-17T08:48:23,3,0,4,3
2022-06-17T08:59:00,3,0,4,3
2022-06-17T09:09:28,3,0,4,3
2022-06-17T09:19:56,3,0,4,3
2022-06-17T09:30:24,3,0,4,3
2022-06-17T09:40:53,3,0,4,3
2022-06-17T09:51:23,3,0,4,3
2022-06-17T10:01:52,3,0,4,3
2022-06-17T10:12:21,3,0,4,3
2022-06-17T10:22:50,3,0,4,3
2022-06-17T10:33:18,3,0,4,3
2022-06-17T10:43:45,3,0,4,3
2022-06-17T10:54:13,3,0,4,3
2022-06-17T11:04:55,3,0,4,3
2022-06-17T11:15:23,3,0,4,3
2022-06-17T11:25:50,3,0,4,3
2022-06-17T11:36:18,3,0,4,3
2022-06-17T11:46:46,3,0,4,3
2022-06-17T11:57:23,3,0,4,3
2022-06-17T12:07:51,3,0,4,3
2022-06-17T12:18:19,3,0,4,3
2022-06-17T12:28:47,3,0,4,3
2022-06-17T12:39:14,3,0,4,3
2022-06-17T12:49:42,3,0,4,3
2022-06-17T13:00:09,3,0,4,3
2022-06-17T13:10:37,3,0,4,3
2022-06-17T13:21:15,3,0,4,3
2022-06-17T13:31:43,3,0,4,3
2022-06-17T13:42:11,3,0,4,3
2022-06-17T13:52:39,3,0,4,3
2022-06-17T14:03:07,3,0,4,3
2022-06-17T14:13:34,3,0,4,3
2022-06-17T14:24:02,3,0,4,3
2022-06-17T14:34:30,3,0,4,3
2022-06-17T14:44:58,3,0,4,3
2022-06-17T14:55:42,3,0,4,3
2022-06-17T15:06:10,3,0,4,3
2022-06-17T15:16:38,3,0,4,3
2022-06-17T15:27:05,3,0,4,3
2022-06-17T15:37:33,3,0,4,3
2022-06-17T15:48:01,3,0,4,3
2022-06-17T15:58:29,3,0,4,3
2022-06-17T16:08:56,3,0,4,3
2022-06-17T16:19:23,3,0,4,3
2022-06-17T16:30:02,3,0,4,3
2022-06-17T16:40:29,3,0,4,3
2022-06-17T16:50:56,3,0,4,3
2022-06-17T17:01:24,3,0,4,3
2022-06-17T17:11:52,3,0,4,3
2022-06-17T17:22:19,3,0,4,3
2022-06-17T17:32:45,3,0,4,3
2022-06-17T17:43:12,3,0,4,3
2022-06-17T17:53:50,3,0,4,3
2022-06-17T18:04:17,3,0,4,3
2022-06-17T18:14:44,3,0,4,3
2022-06-17T18:25:10,3,0,4,3
2022-06-17T18:35:37,3,0,4,3
2022-06-17T18:46:04,3,0,4,3
2022-06-17T18:56:30,3,0,4,3
2022-06-17T19:06:56,3,0,4,3
2022-06-17T19:17:23,3,0,4,3
2022-06-17T19:27:50,3,0,4,3
2022-06-17T19:38:27,3,0,4,3
2022-06-17T19:48:54,3,0,4,3
2022-06-17T19:59:21,3,0,4,3
2022-06-17T20:09:48,3,0,4,3
2022-06-17T20:20:14,3,0,4,3
2022-06-17T20:30:41,3,0,4,3
2022-06-17T20:41:07,3,0,4,3
2022-06-17T20:51:33,3,0,4,3
2022-06-17T21:01:59,3,0,4,3
2022-06-17T21:12:26,3,0,4,3
2022-06-17T21:23:04,3,0,4,3
2022-06-17T21:33:30,3,0,4,3
2022-06-17T21:43:56,3,0,4,3
2022-06-17T21:54:24,3,0,4,3
2022-06-17T22:04:50,3,0,4,3
2022-06-17T22:15:16,3,0,4,3
2022-06-17T22:25:42,3,0,4,3
2022-06-17T22:36:09,3,0,4,3
2022-06-17T22:46:47,3,0,4,3
2022-06-17T22:57:13,3,0,4,3
2022-06-17T23:07:40,3,0,4,3
2022-06-17T23:18:07,3,0,4,3
2022-06-17T23:28:35,3,0,4,3
2022-06-17T23:39:04,3,0,4,3
2022-06-17T23:49:30,3,0,4,3
2022-06-17T23:59:56,3,0,4,3
2022-06-18T00:10:24,3,0,4,3
2022-06-18T00:20:54,3,0,4,3
2022-06-18T00:31:22,3,0,4,3
2022-06-18T00:41:51,3,0,4,3
2022-06-18T00:52:20,3,0,4,3
2022-06-18T01:02:48,3,0,4,3
2022-06-18T01:13:20,3,0,4,3
2022-06-18T01:23:55,3,0,4,3
2022-06-18T01:34:29,3,0,4,3
2022-06-18T01:45:04,3,0,4,3
2022-06-18T01:55:48,3,0,4,3
2022-06-18T02:06:18,3,0,4,3
2022-06-18T02:16:59,3,0,4,3
2022-06-18T02:27:37,3,0,4,3
2022-06-18T02:38:14,3,0,4,3
2022-06-18T02:48:51,3,0,4,3
2022-06-18T02:59:28,3,0,4,3
2022-06-18T03:10:04,3,0,4,3
2022-06-18T03:20:42,3,0,4,3
2022-06-18T03:31:16,3,0,4,3
2022-06-18T03:41:53,3,0,4,3
2022-06-18T03:52:32,3,0,4,3
2022-06-18T04:05:31,3,0,4,3
2022-06-18T04:24:03,3,0,4,3
2022-06-18T04:34:34,3,0,4,3
2022-06-18T04:45:05,3,0,4,3
2022-06-18T04:55:33,3,0,4,3
2022-06-18T05:06:02,3,0,4,3
2022-06-18T05:16:31,3,0,4,3
2022-06-18T05:26:59,3,0,4,3
2022-06-18T05:37:27,3,0,4,3
2022-06-18T05:47:56,3,0,4,3
2022-06-18T05:58:27,3,0,4,3
2022-06-18T06:08:55,3,0,4,3
2022-06-18T06:19:23,3,0,4,3
2022-06-18T06:29:51,3,0,4,3
2022-06-18T06:40:18,3,0,4,3
2022-06-18T06:50:46,3,0,4,3
2022-06-18T07:01:23,3,0,4,3
2022-06-18T07:11:51,3,0,4,3
2022-06-18T07:22:19,3,0,4,3
2022-06-18T07:32:47,3,0,4,3
2022-06-18T07:43:16,3,0,4,3
2022-06-18T07:53:43,3,0,4,3
2022-06-18T08:04:12,3,0,4,3
2022-06-18T08:14:40,3,0,4,3
2022-06-18T08:25:08,3,0,4,3
2022-06-18T08:35:35,3,0,4,3
2022-06-18T08:46:02,3,0,4,3
2022-06-18T08:56:42,3,0,4,3
2022-06-18T09:07:10,3,0,4,3
2022-06-18T09:17:37,3,0,4,3
2022-06-18T09:28:04,3,0,4,3
2022-06-18T09:38:32,3,0,4,3
2022-06-18T09:48:59,3,0,4,3
2022-06-18T09:59:27,3,0,4,3
2022-06-18T10:09:53,3,0,4,3
2022-06-18T10:20:19,3,0,4,3
2022-06-18T10:30:55,3,0,4,3
2022-06-18T10:41:22,3,0,4,3
2022-06-18T10:52:02,3,0,4,3
2022-06-18T11:02:28,3,0,4,3
2022-06-18T11:12:54,3,0,4,3
2022-06-18T11:23:20,3,0,4,3
2022-06-18T11:33:47,3,0,4,3
2022-06-18T11:44:12,3,0,4,3
2022-06-18T11:54:38,3,0,4,3
2022-06-18T12:05:04,3,0,4,3
2022-06-18T12:15:30,3,0,4,3
2022-06-18T12:26:08,3,0,4,3
2022-06-18T12:36:34,3,0,4,3
2022-06-18T12:47:00,3,0,4,3
2022-06-18T12:57:26,3,0,4,3
2022-06-18T13:07:52,3,0,4,3
2022-06-18T13:18:18,3,0,4,3
2022-06-18T13:28:43,3,0,4,3
2022-06-18T13:39:09,3,0,4,3
2022-06-18T13:49:35,3,0,4,3
2022-06-18T14:00:02,3,0,4,3
2022-06-18T14:10:45,3,0,4,3
2022-06-18T14:21:11,3,0,4,3
2022-06-18T14:31:37,3,0,4,3
2022-06-18T14:42:02,3,0,4,3
2022-06-18T14:52:28,3,0,4,3
2022-06-18T15:02:53,3,0,4,3
2022-06-18T15:13:19,3,0,4,3
2022-06-18T15:23:45,3,0,4,3
2022-06-18T15:34:10,3,0,4,3
2022-06-18T15:44:36,3,0,4,3
2022-06-18T15:55:02,3,0,4,3
2022-06-18T16:05:29,3,0,4,3
2022-06-18T16:16:04,3,0,4,3
2022-06-18T16:26:30,3,0,4,3
2022-06-18T16:36:56,3,0,4,3
2022-06-18T16:47:21,3,0,4,3
2022-06-18T16:57:47,3,0,4,3
2022-06-18T17:08:13,3,0,4,3
2022-06-18T17:18:39,3,0,4,3
2022-06-18T17:29:04,3,0,4,3
2022-06-18T17:39:30,3,0,4,3
2022-06-18T17:49:56,3,0,4,3
2022-06-18T18:00:22,3,0,4,3
2022-06-18T18:10:48,3,0,4,3
2022-06-18T18:21:24,3,0,4,3
2022-06-18T18:31:50,3,0,4,3
2022-06-18T18:42:16,3,0,4,3
2022-06-18T18:52:42,3,0,4,3
2022-06-18T19:03:08,3,0,4,3
2022-06-18T19:13:34,3,0,4,3
2022-06-18T19:24:03,3,0,4,3
2022-06-18T19:34:34,3,0,4,3
2022-06-18T19:45:07,3,0,4,3
2022-06-18T19:55:38,3,0,4,3
2022-06-18T20:06:12,3,0,4,3
2022-06-18T20:16:47,3,0,4,3
2022-06-18T20:27:21,3,0,4,3
2022-06-18T20:37:53,3,0,4,3
2022-06-18T20:48:36,3,0,4,3
2022-06-18T20:59:09,3,0,4,3
2022-06-18T21:09:37,3,0,4,3
2022-06-18T21:20:08,3,0,4,3
2022-06-18T21:30:41,3,0,4,3
2022-06-18T21:41:13,3,0,4,3
2022-06-18T21:51:47,3,0,4,3
2022-06-18T22:02:19,3,0,4,3
2022-06-18T22:12:51,3,0,4,3
2022-06-18T22:23:24,3,0,4,3
2022-06-18T22:33:59,3,0,4,3
2022-06-18T22:44:42,3,0,4,3
2022-06-18T22:55:12,3,0,4,3
2022-06-18T23:05:42,3,0,4,3
2022-06-18T23:16:11,3,0,4,3
2022-06-18T23:26:37,3,0,4,3
2022-06-18T23:37:03,3,0,4,3
2022-06-18T23:47:29,3,0,4,3
2022-06-18T23:57:55,3,0,4,3
2022-06-19T00:08:22,3,0,4,3
2022-06-19T02:26:01,3,0,4,3
2022-06-19T02:36:33,3,0,4,3
2022-06-19T02:47:01,3,0,4,3
2022-06-19T06:53:50,3,0,4,3
2022-06-19T07:04:22,3,0,4,3
2022-06-19T07:14:50,3,0,4,3
2022-06-19T07:25:18,3,0,4,3
2022-06-19T07:35:55,3,0,4,3
2022-06-19T07:46:23,3,0,4,3
2022-06-19T07:56:51,3,0,4,3
2022-06-19T08:07:19,3,0,4,3
2022-06-19T08:17:45,3,0,4,3
2022-06-19T08:28:11,3,0,4,3
2022-06-19T08:38:37,3,0,4,3
2022-06-19T08:49:03,3,0,4,3
2022-06-19T08:59:29,3,0,4,3
2022-06-19T09:09:55,3,0,4,3
2022-06-19T09:20:21,3,0,4,3
2022-06-19T09:30:47,3,0,4,3
2022-06-19T09:41:14,3,0,4,3
2022-06-19T09:51:40,3,0,4,3
2022-06-19T10:02:07,3,0,4,3
2022-06-19T10:12:33,3,0,4,3
2022-06-19T10:23:00,3,0,4,3
2022-06-19T10:33:36,3,0,4,3
2022-06-19T10:44:03,3,0,4,3
2022-06-19T10:54:32,3,0,4,3
2022-06-19T11:05:00,3,0,4,3
2022-06-19T11:15:27,3,0,4,3
2022-06-19T11:25:54,3,0,4,3
2022-06-19T11:36:20,3,0,4,3
2022-06-19T11:46:46,3,0,4,3
2022-06-19T11:57:12,3,0,4,3
2022-06-19T12:07:39,3,0,4,3
2022-06-19T12:18:16,3,0,4,3
2022-06-19T12:28:42,3,0,4,3
2022-06-19T12:39:08,3,0,4,3
2022-06-19T12:49:34,3,0,4,3
2022-06-19T13:00:00,3,0,4,3
2022-06-19T13:10:29,3,0,4,3
2022-06-19T13:20:59,3,0,4,3
2022-06-19T13:31:31,3,0,4,3
2022-06-19T13:42:03,3,0,4,3
2022-06-19T13:52:34,3,0,4,3
2022-06-19T14:03:05,3,0,4,3
2022-06-19T14:13:39,3,0,4,3
2022-06-19T14:24:15,3,0,4,3
2022-06-19T14:35:04,3,0,4,3
2022-06-19T14:45:44,3,0,4,3
2022-06-19T14:56:24,3,0,4,3
2022-06-19T15:07:04,3,0,4,3
2022-06-19T15:17:45,3,0,4,3
2022-06-19T15:28:20,3,0,4,3
2022-06-19T15:38:55,3,0,4,3
2022-06-19T15:49:26,3,0,4,3
2022-06-19T15:59:54,3,0,4,3
2022-06-19T16:10:23,3,0,4,3
2022-06-19T16:20:50,3,0,4,3
2022-06-19T16:31:27,3,0,4,3
2022-06-19T16:41:54,3,0,4,3
2022-06-19T16:52:20,3,0,4,3
2022-06-19T17:02:46,3,0,4,3
2022-06-19T17:13:13,3,0,4,3
2022-06-19T17:23:38,3,0,4,3
2022-06-19T17:34:04,3,0,4,3
2022-06-19T17:44:30,3,0,4,3
2022-06-19T17:54:56,3,0,4,3
2022-06-19T18:05:22,3,0,4,3
2022-06-19T18:15:48,3,0,4,3
2022-06-19T18:26:14,3,0,4,3
2022-06-19T18:36:41,3,0,4,3
2022-06-19T18:47:18,3,0,4,3
2022-06-19T18:57:44,3,0,4,3
2022-06-19T19:08:11,3,0,4,3
2022-06-19T19:18:37,3,0,4,3
2022-06-19T19:29:03,3,0,4,3
2022-06-19T19:39:29,3,0,4,3
2022-06-19T19:49:56,3,0,4,3
2022-06-19T20:00:22,3,0,4,3
2022-06-19T20:10:49,3,0,4,3
2022-06-19T20:21:15,3,0,4,3
2022-06-19T20:31:41,3,0,4,3
2022-06-19T20:42:07,3,0,4,3
2022-06-19T20:52:44,3,0,4,3
2022-06-19T21:03:11,3,0,4,3
2022-06-19T21:13:37,3,0,4,3
2022-06-19T21:24:04,3,0,4,3
2022-06-19T21:34:30,3,0,4,3
2022-06-19T21:44:58,3,0,4,3
2022-06-19T21:55:25,3,0,4,3
2022-06-19T22:05:51,3,0,4,3
2022-06-19T22:16:18,3,0,4,3
2022-06-19T22:26:44,3,0,4,3
2022-06-19T22:37:11,3,0,4,3
2022-06-19T22:47:49,3,0,4,3
2022-06-19T22:58:15,3,0,4,3
2022-06-19T23:08:42,3,0,4,3
2022-06-19T23:19:09,3,0,4,3
2022-06-19T23:29:35,3,0,4,3
2022-06-19T23:40:02,3,0,4,3
2022-06-19T23:50:28,3,0,4,3
2022-06-20T00:00:55,3,0,4,3
2022-06-20T00:11:22,3,0,4,3
2022-06-20T00:21:59,3,0,4,3
2022-06-20T00:32:27,3,0,4,3
2022-06-20T00:43:13,3,0,4,3
2022-06-20T00:53:41,3,0,4,3
2022-06-20T01:04:08,3,0,4,3
2022-06-20T01:14:39,3,0,4,3
2022-06-20T01:25:09,3,0,4,3
2022-06-20T01:35:38,3,0,4,3
2022-06-20T01:46:06,3,0,4,3
2022-06-20T01:56:33,3,0,4,3
2022-06-20T02:07:09,3,0,4,3
2022-06-20T02:17:37,3,0,4,3
2022-06-20T02:28:04,3,0,4,3
2022-06-20T02:38:31,3,0,4,3
2022-06-20T02:48:58,3,0,4,3
2022-06-20T02:59:24,3,0,4,3
2022-06-20T03:09:51,3,0,4,3
2022-06-20T03:20:17,3,0,4,3
2022-06-20T03:30:44,3,0,4,3
2022-06-20T03:41:11,3,0,4,3
2022-06-20T03:51:40,3,0,4,3
2022-06-20T04:02:21,3,0,4,3
2022-06-20T04:27:12,3,0,4,3
2022-06-20T04:37:44,3,0,4,3
2022-06-20T04:48:15,3,0,4,3
2022-06-20T04:58:43,3,0,4,3
2022-06-20T05:09:15,3,0,4,3
2022-06-20T05:19:44,3,0,4,3
2022-06-20T05:30:15,3,0,4,3
2022-06-20T05:40:44,3,0,4,3
2022-06-20T05:51:11,3,0,4,3
2022-06-20T06:01:42,3,0,4,3
2022-06-20T06:12:09,3,0,4,3
2022-06-20T06:22:38,3,0,4,3
2022-06-20T06:33:05,3,0,4,3
2022-06-20T06:43:32,3,0,4,3
2022-06-20T06:53:58,3,0,4,3
2022-06-20T07:04:27,3,0,4,3
2022-06-20T07:14:53,3,0,4,3
2022-06-20T07:25:18,3,0,4,3
2022-06-20T07:35:44,3,0,4,3
2022-06-20T07:46:10,3,0,4,3
2022-06-20T07:56:36,3,0,4,3
2022-06-20T08:07:02,3,0,4,3
2022-06-20T08:17:27,3,0,4,3
2022-06-20T08:28:04,3,0,4,3
2022-06-20T08:38:31,3,0,4,3
2022-06-20T08:48:57,3,0,4,3
2022-06-20T08:59:24,3,0,4,3
2022-06-20T09:09:52,3,0,4,3
2022-06-20T09:20:21,3,0,4,3
2022-06-20T09:30:53,3,0,4,3
2022-06-20T09:41:27,3,0,4,3
2022-06-20T09:52:03,3,0,4,3
2022-06-20T10:02:36,3,0,4,3
2022-06-20T10:13:07,3,0,4,3
2022-06-20T10:23:48,3,0,4,3
2022-06-20T10:34:37,3,0,4,3
2022-06-20T10:45:16,3,0,4,3
2022-06-20T10:55:57,3,0,4,3
2022-06-20T11:06:33,3,0,4,3
2022-06-20T11:17:09,3,0,4,3
2022-06-20T11:27:45,3,0,4,3
2022-06-20T11:38:19,3,0,4,3
2022-06-20T11:48:49,3,0,4,3
2022-06-20T11:59:17,3,0,4,3
2022-06-20T12:09:56,3,0,4,3
2022-06-20T12:20:23,3,0,4,3
2022-06-20T12:30:49,3,0,4,3
2022-06-20T12:41:15,3,0,4,3
2022-06-20T12:51:42,3,0,4,3
2022-06-20T13:02:08,3,0,4,3
2022-06-20T13:12:34,3,0,4,3
2022-06-20T13:23:00,3,0,4,3
2022-06-20T13:33:27,3,0,4,3
2022-06-20T13:43:53,3,0,4,3
2022-06-20T13:54:28,3,0,4,3
2022-06-20T14:04:54,3,0,4,3
2022-06-20T14:15:20,3,0,4,3
2022-06-20T14:25:47,3,0,4,3
2022-06-20T14:36:13,3,0,4,3
2022-06-20T14:46:38,3,0,4,3
2022-06-20T14:57:04,3,0,4,3
2022-06-20T15:07:30,3,0,4,3
2022-06-20T15:17:56,3,0,4,3
2022-06-20T15:28:22,3,0,4,3
2022-06-20T15:38:49,3,0,4,3
2022-06-20T15:49:27,3,0,4,3
2022-06-20T15:59:53,3,0,4,3
2022-06-20T16:10:20,3,0,4,3
2022-06-20T16:20:46,3,0,4,3
2022-06-20T16:31:12,3,0,4,3
2022-06-20T16:41:38,3,0,4,3
2022-06-20T16:52:11,3,0,4,3
2022-06-20T17:02:37,3,0,4,3
2022-06-20T17:13:04,3,0,4,3
2022-06-20T17:23:33,3,0,4,3
2022-06-20T17:33:59,3,0,4,3
2022-06-20T17:44:25,3,0,4,3
2022-06-20T17:54:51,3,0,4,3
2022-06-20T18:05:27,3,0,4,3
2022-06-20T18:15:54,3,0,4,3
2022-06-20T18:26:20,3,0,4,3
2022-06-20T18:36:46,3,0,4,3
2022-06-20T18:47:12,3,0,4,3
2022-06-20T18:57:38,3,0,4,3
2022-06-20T19:08:04,3,0,4,3
2022-06-20T19:18:30,3,0,4,3
2022-06-20T19:28:56,3,0,4,3
2022-06-20T19:39:22,3,0,4,3
2022-06-20T19:49:58,3,0,4,3
2022-06-20T20:00:23,3,0,4,3
2022-06-20T20:10:49,3,0,4,3
2022-06-20T20:21:15,3,0,4,3
2022-06-20T20:31:41,3,0,4,3
2022-06-20T20:42:08,3,0,4,3
2022-06-20T20:52:34,3,0,4,3
2022-06-20T21:03:00,3,0,4,3
2022-06-20T21:13:26,3,0,4,3
2022-06-20T21:24:03,3,0,4,3
2022-06-20T21:34:29,3,0,4,3
2022-06-20T21:44:57,3,0,4,3
2022-06-20T21:55:23,3,0,4,3
2022-06-20T22:05:49,3,0,4,3
2022-06-20T22:16:15,3,0,4,3
2022-06-20T22:26:41,3,0,4,3
2022-06-20T22:37:09,3,0,4,3
2022-06-20T22:47:35,3,0,4,3
2022-06-20T22:58:02,3,0,4,3
2022-06-20T23:08:49,3,0,4,3
2022-06-20T23:19:16,3,0,4,3
2022-06-20T23:29:42,3,0,4,3
2022-06-20T23:40:08,3,0,4,3
2022-06-20T23:50:34,3,0,4,3
2022-06-21T00:00:59,3,0,4,3
2022-06-21T00:11:27,3,0,4,3
2022-06-21T00:21:55,3,0,4,3
2022-06-21T00:32:34,3,0,4,3
2022-06-21T00:43:01,3,0,4,3
2022-06-21T00:53:28,3,0,4,3
2022-06-21T01:03:56,3,0,4,3
2022-06-21T01:14:24,3,0,4,3
2022-06-21T01:24:51,3,0,4,3
2022-06-21T01:35:18,3,0,4,3
2022-06-21T01:45:44,3,0,4,3
2022-06-21T01:56:13,3,0,4,3
2022-06-21T02:06:57,3,0,4,3
2022-06-21T02:17:25,3,0,4,3
2022-06-21T02:27:57,3,0,4,3
2022-06-21T02:38:31,3,0,4,3
2022-06-21T02:49:05,3,0,4,3
2022-06-21T02:59:35,3,0,4,3
2022-06-21T03:10:08,3,0,4,3
2022-06-21T03:20:41,3,0,4,3
2022-06-21T03:31:22,3,0,4,3
2022-06-21T03:41:58,3,0,4,3
2022-06-21T03:52:38,3,0,4,3
2022-06-21T04:03:16,3,0,4,3
2022-06-21T04:13:54,3,0,4,3
2022-06-21T04:35:04,3,0,4,3
2022-06-21T04:45:41,3,0,4,3
2022-06-21T04:56:16,3,0,4,3
2022-06-21T05:06:51,3,0,4,3
2022-06-21T05:17:24,3,0,4,3
2022-06-21T05:27:55,3,0,4,3
2022-06-21T05:38:26,3,0,4,3
2022-06-21T05:48:53,3,0,4,3
2022-06-21T05:59:20,3,0,4,3
2022-06-21T06:09:51,3,0,4,3
2022-06-21T06:20:20,3,0,4,3
2022-06-21T06:30:48,3,0,4,3
2022-06-21T06:41:14,3,0,4,3
2022-06-21T06:51:40,3,0,4,3
2022-06-21T07:02:09,3,0,4,3
2022-06-21T07:12:35,3,0,4,3
2022-06-21T07:23:01,3,0,4,3
2022-06-21T07:33:28,3,0,4,3
2022-06-21T07:43:55,3,0,4,3
2022-06-21T07:54:22,3,0,4,3
2022-06-21T08:04:49,3,0,4,3
2022-06-21T08:15:16,3,0,4,3
2022-06-21T08:25:53,3,0,4,3
2022-06-21T08:36:21,3,0,4,3
2022-06-21T08:46:49,3,0,4,3
2022-06-21T08:57:17,3,0,4,3
2022-06-21T09:07:44,3,0,4,3
2022-06-21T09:18:12,3,0,4,3
2022-06-21T09:28:41,3,0,4,3
2022-06-21T09:39:09,3,0,4,3
2022-06-21T09:49:39,3,0,4,3
2022-06-21T10:00:08,3,0,4,3
2022-06-21T10:10:48,3,0,4,3
2022-06-21T10:21:16,3,0,4,3
2022-06-21T10:31:44,3,0,4,3
2022-06-21T10:42:13,3,0,4,3
2022-06-21T10:52:41,3,0,4,3
2022-06-21T11:03:10,3,0,4,3
2022-06-21T11:13:38,3,0,4,3
2022-06-21T11:24:07,3,0,4,3
2022-06-21T11:34:45,3,0,4,3
2022-06-21T11:45:14,3,0,4,3
2022-06-21T11:55:42,3,0,4,3
2022-06-21T12:06:11,3,0,4,3
2022-06-21T12:16:39,3,0,4,3
2022-06-21T12:27:09,3,0,4,3
2022-06-21T12:37:38,3,0,4,3
2022-06-21T12:48:06,3,0,4,3
2022-06-21T12:58:46,3,0,4,3
2022-06-21T13:09:14,3,0,4,3
2022-06-21T13:19:44,3,0,4,3
2022-06-21T13:30:14,3,0,4,3
2022-06-21T13:40:45,3,0,4,3
2022-06-21T13:51:15,3,0,4,3
2022-06-21T14:01:44,3,0,4,3
2022-06-21T14:12:14,3,0,4,3
2022-06-21T14:22:44,3,0,4,3
2022-06-21T14:33:13,3,0,4,3
2022-06-21T14:43:54,3,0,4,3
2022-06-21T14:54:23,3,0,4,3
2022-06-21T15:04:52,3,0,4,3
2022-06-21T15:15:21,3,0,4,3
2022-06-21T15:25:50,3,0,4,3
2022-06-21T15:36:19,3,0,4,3
2022-06-21T15:46:48,3,0,4,3
2022-06-21T15:57:16,3,0,4,3
2022-06-21T16:07:55,3,0,4,3
2022-06-21T16:18:24,3,0,4,3
2022-06-21T16:28:52,3,0,4,3
2022-06-21T16:39:20,3,0,4,3
2022-06-21T16:49:48,3,0,4,3
2022-06-21T17:00:16,3,0,4,3
2022-06-21T17:10:45,3,0,4,3
2022-06-21T17:21:24,3,0,4,3
2022-06-21T17:31:51,3,0,4,3
2022-06-21T17:42:19,3,0,4,3
2022-06-21T17:52:47,3,0,4,3
2022-06-21T18:03:14,3,0,4,3
2022-06-21T18:13:42,2,1,4,3
2022-06-21T18:24:09,2,1,4,3
2022-06-21T18:34:36,2,1,4,3
2022-06-21T18:45:03,2,1,4,3
2022-06-21T18:55:43,2,1,4,3
2022-06-21T19:06:10,2,1,4,3
2022-06-21T19:16:38,2,1,4,3
2022-06-21T19:27:06,2,1,4,3
2022-06-21T19:37:33,2,1,4,3
2022-06-21T19:48:01,2,1,4,3
2022-06-21T19:58:28,2,1,4,3
2022-06-21T20:08:58,2,1,4,3
2022-06-21T20:19:37,2,1,4,3
2022-06-21T20:30:05,2,1,4,3
2022-06-21T20:40:32,2,1,4,3
2022-06-21T20:51:00,2,1,4,3
2022-06-21T21:01:27,2,1,4,3
2022-06-21T21:11:55,2,1,4,3
2022-06-21T21:22:23,2,1,4,3
2022-06-21T21:32:50,2,1,4,3
2022-06-21T21:43:31,2,1,4,3
2022-06-21T21:53:59,2,1,4,3
2022-06-21T22:04:27,2,1,4,3
2022-06-21T22:14:56,2,1,4,3
2022-06-21T22:25:24,2,1,4,3
2022-06-21T22:35:53,3,0,3,3
2022-06-21T22:46:21,3,0,3,3
2022-06-21T22:56:48,3,0,3,3
2022-06-21T23:07:29,3,0,3,3
2022-06-21T23:17:57,3,0,3,3
2022-06-21T23:28:25,3,0,3,3
2022-06-21T23:38:52,3,0,3,3
2022-06-21T23:49:19,3,0,3,3
2022-06-21T23:59:46,3,0,3,3
2022-06-22T00:10:14,3,0,3,3
2022-06-22T00:20:44,3,0,3,3
2022-06-22T00:31:13,3,0,3,3
2022-06-22T00:41:54,3,0,3,3
2022-06-22T00:52:24,3,0,3,3
2022-06-22T01:02:54,3,0,3,3
2022-06-22T01:13:24,3,0,3,3
2022-06-22T01:23:54,3,0,3,3
2022-06-22T01:34:23,3,0,3,3
2022-06-22T01:44:52,3,0,3,3
2022-06-22T01:55:21,3,0,3,3
2022-06-22T02:05:49,3,0,3,3
2022-06-22T02:16:18,3,0,3,3
2022-06-22T02:26:45,3,0,3,3
2022-06-22T02:37:14,3,0,3,3
2022-06-22T02:47:52,3,0,3,3
2022-06-22T02:58:22,3,0,3,3
2022-06-22T03:08:50,3,0,3,3
2022-06-22T03:19:18,3,0,3,3
2022-06-22T03:29:45,3,0,3,3
2022-06-22T03:40:13,3,0,3,3
2022-06-22T03:50:41,3,0,3,3
2022-06-22T04:01:10,3,0,3,3
2022-06-22T04:11:39,3,0,3,3
2022-06-22T04:31:47,3,0,3,3
2022-06-22T04:42:18,3,0,3,3
2022-06-22T04:52:47,3,0,3,3
2022-06-22T05:03:16,3,0,3,3
2022-06-22T05:13:45,3,0,3,3
2022-06-22T05:24:14,3,0,3,3
2022-06-22T05:36:10,3,0,3,3
2022-06-22T05:47:07,3,0,3,3
2022-06-22T05:57:36,3,0,3,3
2022-06-22T06:08:06,3,0,3,3
2022-06-22T06:18:35,3,0,3,3
2022-06-22T06:29:03,3,0,3,3
2022-06-22T06:39:32,3,0,3,3
2022-06-22T06:49:59,3,0,3,3
2022-06-22T07:00:29,3,0,3,3
2022-06-22T07:10:57,3,0,3,3
2022-06-22T07:21:24,3,0,3,3
2022-06-22T07:31:52,3,0,3,3
2022-06-22T07:42:18,3,0,3,3
2022-06-22T07:52:45,3,0,3,3
2022-06-22T08:03:22,3,0,3,3
2022-06-22T08:13:51,3,0,3,3
2022-06-22T08:24:19,3,0,3,3
2022-06-22T08:34:46,3,0,3,3
2022-06-22T08:45:14,3,0,3,3
2022-06-22T08:55:41,3,0,3,3
2022-06-22T09:06:09,3,0,3,3
2022-06-22T09:16:37,3,0,3,3
2022-06-22T09:27:06,3,0,3,3
2022-06-22T09:37:36,3,0,3,3
2022-06-22T09:48:05,3,0,3,3
2022-06-22T09:58:45,3,0,3,3
2022-06-22T10:09:14,3,0,3,3
2022-06-22T10:19:43,3,0,3,3
2022-06-22T10:30:12,3,0,3,3
2022-06-22T10:40:43,3,0,3,3
2022-06-22T10:51:13,3,0,3,3
2022-06-22T11:01:42,3,0,3,3
2022-06-22T11:12:11,3,0,3,3
2022-06-22T11:22:52,3,0,3,3
2022-06-22T11:33:20,3,0,3,3
2022-06-22T11:43:49,3,0,3,3
2022-06-22T11:54:18,3,0,3,3
2022-06-22T12:04:47,3,0,3,3
2022-06-22T12:15:18,3,0,3,3
2022-06-22T12:25:47,3,0,3,3
2022-06-22T12:36:16,3,0,3,3
2022-06-22T12:46:47,3,0,3,3
2022-06-22T12:57:27,3,0,3,3
2022-06-22T13:07:56,3,0,3,3
2022-06-22T13:18:25,3,0,3,3
2022-06-22T13:28:59,3,0,3,3
2022-06-22T13:39:29,3,0,3,3
2022-06-22T13:50:00,3,0,3,3
2022-06-22T14:00:30,3,0,3,3
2022-06-22T14:11:03,3,0,3,3
2022-06-22T14:21:33,3,0,3,3
2022-06-22T14:32:15,3,0,3,3
2022-06-22T14:42:46,3,0,3,3
2022-06-22T14:53:18,3,0,3,3
2022-06-22T15:03:55,3,0,3,3
2022-06-22T15:14:28,3,0,3,3
2022-06-22T15:25:02,3,0,3,3
2022-06-22T15:35:36,3,0,3,3
2022-06-22T15:46:10,3,0,3,3
2022-06-22T15:56:58,3,0,3,3
2022-06-22T16:07:34,3,0,3,3
2022-06-22T16:18:08,3,0,3,3
2022-06-22T16:28:46,3,0,3,3
2022-06-22T16:39:30,3,0,3,3
2022-06-22T16:50:11,3,0,3,3
2022-06-22T17:00:52,3,0,3,3
2022-06-22T17:11:37,3,0,3,3
2022-06-22T17:22:13,3,0,3,3
2022-06-22T17:32:58,3,0,3,3
2022-06-22T17:43:31,3,0,3,3
2022-06-22T17:54:05,3,0,3,3
2022-06-22T18:04:36,3,0,3,3
2022-06-22T18:15:08,3,0,3,3
2022-06-22T18:25:37,3,0,3,3
2022-06-22T18:36:04,3,0,3,3
2022-06-22T18:46:34,3,0,3,3
2022-06-22T18:57:02,3,0,3,3
2022-06-22T19:07:41,3,0,3,3
2022-06-22T19:18:09,3,0,3,3
2022-06-22T19:28:37,3,0,3,3
2022-06-22T19:39:05,3,0,3,3
2022-06-22T19:49:33,3,0,3,3
2022-06-22T20:00:01,3,0,3,3
2022-06-22T20:10:28,3,0,3,3
2022-06-22T20:20:56,3,0,3,3
2022-06-22T20:31:23,3,0,3,3
2022-06-22T20:41:51,3,0,3,3
2022-06-22T20:52:32,3,0,3,3
2022-06-22T21:03:00,3,0,3,3
2022-06-22T21:13:28,3,0,3,3
2022-06-22T21:23:54,3,0,3,3
2022-06-22T21:34:22,3,0,3,3
2022-06-22T21:44:50,3,0,3,3
2022-06-22T21:55:19,3,0,3,3
2022-06-22T22:05:47,3,0,3,3
2022-06-22T22:16:16,3,0,3,3
2022-06-22T22:26:47,3,0,3,3
2022-06-22T22:37:14,3,0,3,3
2022-06-22T22:47:54,3,0,3,3
2022-06-22T22:58:21,3,0,3,3
2022-06-22T23:08:50,3,0,3,3
2022-06-22T23:19:19,3,0,3,3
2022-06-22T23:29:47,3,0,3,3
2022-06-22T23:40:15,3,0,3,3
2022-06-22T23:50:42,3,0,3,3
2022-06-23T00:01:10,3,0,3,3
2022-06-23T00:11:41,3,0,3,3
2022-06-23T00:22:21,3,0,3,3
2022-06-23T00:32:50,3,0,3,3
2022-06-23T00:43:19,3,0,3,3
2022-06-23T00:53:48,3,0,3,3
2022-06-23T01:04:19,3,0,3,3
2022-06-23T01:14:48,3,0,3,3
2022-06-23T01:25:17,3,0,3,3
2022-06-23T01:35:47,3,0,3,3
2022-06-23T01:46:15,3,0,3,3
2022-06-23T01:56:45,3,0,3,3
2022-06-23T02:07:14,3,0,3,3
2022-06-23T02:17:42,3,0,3,3
2022-06-23T02:28:08,3,0,3,3
2022-06-23T02:38:35,3,0,3,3
2022-06-23T02:49:01,3,0,3,3
2022-06-23T02:59:28,3,0,3,3
2022-06-23T03:09:57,3,0,3,3
2022-06-23T03:20:34,3,0,3,3
2022-06-23T03:31:00,3,0,3,3
2022-06-23T03:41:26,3,0,3,3
2022-06-23T03:54:30,3,0,3,3
2022-06-23T04:05:00,3,0,3,3
2022-06-23T04:15:27,3,0,3,3
2022-06-23T04:30:03,3,0,3,3
2022-06-23T04:40:55,3,0,3,3
2022-06-23T04:51:23,3,0,3,3
2022-06-23T05:01:53,3,0,3,3
2022-06-23T05:12:26,3,0,3,3
2022-06-23T05:22:59,3,0,3,3
2022-06-23T05:33:31,3,0,3,3
2022-06-23T05:44:04,3,0,3,3
2022-06-23T05:54:55,3,0,3,3
2022-06-23T06:05:25,3,0,3,3
2022-06-23T06:15:56,3,0,3,3
2022-06-23T06:26:26,3,0,3,3
2022-06-23T06:36:59,3,0,3,3
2022-06-23T06:47:29,3,0,3,3
2022-06-23T06:58:02,3,0,3,3
2022-06-23T07:08:35,3,0,3,3
2022-06-23T07:19:03,3,0,3,3
2022-06-23T07:29:32,3,0,3,3
2022-06-23T07:40:03,3,0,3,3
2022-06-23T07:50:38,3,0,3,3
2022-06-23T08:01:10,3,0,3,3
2022-06-23T08:11:43,3,0,3,3
2022-06-23T08:22:19,3,0,3,3
2022-06-23T08:32:54,3,0,3,3
2022-06-23T08:43:28,3,0,3,3
2022-06-23T08:54:16,3,0,3,3
2022-06-23T09:04:57,3,0,3,3
2022-06-23T09:15:32,3,0,3,3
2022-06-23T09:26:06,3,0,3,3
2022-06-23T09:36:46,3,0,3,3
2022-06-23T09:47:23,3,0,3,3
2022-06-23T09:58:05,3,0,3,3
2022-06-23T10:08:50,3,0,3,3
2022-06-23T10:19:24,3,0,3,3
2022-06-23T10:30:00,3,0,3,3
2022-06-23T10:40:33,3,0,3,3
2022-06-23T10:51:07,3,0,3,3
2022-06-23T11:01:53,3,0,3,3
2022-06-23T11:12:26,3,0,3,3
2022-06-23T11:22:59,3,0,3,3
2022-06-23T11:33:29,3,0,3,3
2022-06-23T11:43:58,3,0,3,3
2022-06-23T11:54:27,3,0,3,3
2022-06-23T12:04:57,3,0,3,3
2022-06-23T12:15:25,3,0,3,3
2022-06-23T12:25:54,3,0,3,3
2022-06-23T12:36:26,3,0,3,3
2022-06-23T12:47:06,3,0,3,3
2022-06-23T12:57:37,3,0,3,3
2022-06-23T13:08:10,3,0,3,3
2022-06-23T13:18:39,3,0,3,3
2022-06-23T13:29:09,3,0,3,3
2022-06-23T13:39:38,3,0,3,3
2022-06-23T13:50:08,3,0,3,3
2022-06-23T14:00:39,3,0,3,3
2022-06-23T14:11:08,3,0,3,3
2022-06-23T14:21:51,3,0,3,3
2022-06-23T14:32:21,3,0,3,3
2022-06-23T14:42:50,3,0,3,3
2022-06-23T14:53:19,3,0,3,3
2022-06-23T15:03:48,3,0,3,3
2022-06-23T15:14:17,3,0,3,3
2022-06-23T15:24:46,3,0,3,3
2022-06-23T15:35:16,3,0,3,3
2022-06-23T15:45:57,3,0,3,3
2022-06-23T15:56:26,3,0,3,3
2022-06-23T16:06:55,3,0,3,3
2022-06-23T16:17:24,3,0,3,3
2022-06-23T16:27:53,3,0,3,3
2022-06-23T16:38:23,3,0,3,3
2022-06-23T16:48:52,3,0,3,3
2022-06-23T16:59:22,3,0,3,3
2022-06-23T17:09:50,3,0,3,3
2022-06-23T17:20:29,3,0,3,3
2022-06-23T17:30:58,3,0,3,3
2022-06-23T17:41:26,3,0,3,3
2022-06-23T17:51:54,3,0,3,3
2022-06-23T18:02:22,3,0,3,3
2022-06-23T18:12:51,3,0,3,3
2022-06-23T18:23:19,3,0,3,3
2022-06-23T18:33:47,3,0,3,3
2022-06-23T18:44:15,3,0,3,3
2022-06-23T18:54:43,3,0,3,3
2022-06-23T19:05:11,3,0,3,3
2022-06-23T19:15:50,3,0,3,3
2022-06-23T19:26:18,3,0,3,3
2022-06-23T19:36:46,3,0,3,3
2022-06-23T19:47:13,3,0,3,3
2022-06-23T19:57:41,3,0,3,3
2022-06-23T20:08:09,3,0,3,3
2022-06-23T20:18:37,3,0,3,3
2022-06-23T20:29:04,3,0,3,3
2022-06-23T20:39:31,3,0,3,3
2022-06-23T20:49:59,3,0,3,3
2022-06-23T21:00:27,3,0,3,3
2022-06-23T21:10:57,3,0,3,3
2022-06-23T21:21:24,3,0,3,3
2022-06-23T21:32:02,3,0,3,3
2022-06-23T21:42:31,3,0,3,3
2022-06-23T21:53:00,3,0,3,3
2022-06-23T22:03:27,3,0,3,3
2022-06-23T22:13:56,3,0,3,3
2022-06-23T22:24:23,3,0,3,3
2022-06-23T22:34:51,3,0,3,3
2022-06-23T22:45:19,3,0,3,3
2022-06-23T22:55:47,3,0,3,3
2022-06-23T23:06:27,3,0,3,3
2022-06-23T23:16:56,3,0,3,3
2022-06-23T23:27:24,3,0,3,3
2022-06-23T23:37:52,3,0,3,3
2022-06-23T23:48:20,3,0,3,3
2022-06-23T23:58:47,3,0,3,3
2022-06-24T00:09:16,3,0,3,3
2022-06-24T00:19:49,3,0,3,3
2022-06-24T00:30:18,3,0,3,3
2022-06-24T00:40:48,3,0,3,3
2022-06-24T00:51:18,3,0,3,3
2022-06-24T01:01:50,3,0,3,3
2022-06-24T01:12:20,3,0,3,3
2022-06-24T01:22:51,3,0,3,3
2022-06-24T01:33:31,3,0,3,3
2022-06-24T01:44:00,3,0,3,3
2022-06-24T01:54:35,3,0,3,3
2022-06-24T02:05:09,3,0,3,3
2022-06-24T02:15:42,3,0,3,3
2022-06-24T02:26:16,3,0,3,3
2022-06-24T02:36:53,3,0,3,3
2022-06-24T02:47:27,3,0,3,3
2022-06-24T02:58:02,3,0,3,3
2022-06-24T03:08:47,3,0,3,3
2022-06-24T03:19:24,3,0,3,3
2022-06-24T03:30:03,3,0,3,3
2022-06-24T03:40:44,3,0,3,3
2022-06-24T03:51:21,3,0,3,3
2022-06-24T04:02:00,3,0,3,3
2022-06-24T04:12:36,3,0,3,3
2022-06-24T04:39:02,3,0,3,3
2022-06-24T04:49:37,3,0,3,3
2022-06-24T05:00:11,3,0,3,3
2022-06-24T05:10:44,3,0,3,3
2022-06-24T05:21:15,3,0,3,3
2022-06-24T05:31:45,3,0,3,3
2022-06-24T05:42:18,3,0,3,3
2022-06-24T05:52:48,3,0,3,3
2022-06-24T06:03:18,3,0,3,3
2022-06-24T06:13:49,3,0,3,3
2022-06-24T06:24:19,3,0,3,3
2022-06-24T06:34:48,3,0,3,3
2022-06-24T06:45:19,3,0,3,3
2022-06-24T06:55:47,3,0,3,3
2022-06-24T07:06:20,3,0,3,3
2022-06-24T07:16:49,3,0,3,3
2022-06-24T07:27:17,3,0,3,3
2022-06-24T07:37:45,3,0,3,3
2022-06-24T07:48:13,3,0,3,3
2022-06-24T07:58:41,3,0,3,3
2022-06-24T08:09:10,3,0,3,3
2022-06-24T08:19:38,3,0,3,3
2022-06-24T08:30:07,3,0,3,3
2022-06-24T08:40:35,3,0,3,3
2022-06-24T08:51:15,3,0,3,3
2022-06-24T09:01:44,3,0,3,3
2022-06-24T09:12:12,3,0,3,3
2022-06-24T09:22:40,3,0,3,3
2022-06-24T09:33:09,3,0,3,3
2022-06-24T09:43:42,3,0,3,3
2022-06-24T09:54:11,3,0,3,3
2022-06-24T10:04:40,3,0,3,3
2022-06-24T10:15:15,3,0,3,3
2022-06-24T10:25:54,3,0,3,3
2022-06-24T10:36:23,3,0,3,3
2022-06-24T10:46:52,3,0,3,3
2022-06-24T10:57:21,3,0,3,3
2022-06-24T11:07:52,3,0,3,3
2022-06-24T11:18:21,3,0,3,3
2022-06-24T11:28:50,3,0,3,3
2022-06-24T11:39:19,3,0,3,3
2022-06-24T11:49:50,3,0,3,3
2022-06-24T12:00:30,3,0,3,3
2022-06-24T12:10:59,3,0,3,3
2022-06-24T12:21:28,3,0,3,3
2022-06-24T12:31:57,3,0,3,3
2022-06-24T12:42:26,3,0,3,3
2022-06-24T12:52:54,3,0,3,3
2022-06-24T13:03:23,3,0,3,3
2022-06-24T13:13:52,3,0,3,3
2022-06-24T13:24:21,3,0,3,3
2022-06-24T13:35:03,3,0,3,3
2022-06-24T13:45:32,3,0,3,3
2022-06-24T13:56:01,3,0,3,3
2022-06-24T14:06:33,3,0,3,3
2022-06-24T14:17:02,3,0,3,3
2022-06-24T14:27:30,3,0,3,3
2022-06-24T14:38:05,3,0,3,3
2022-06-24T14:48:33,3,0,3,3
2022-06-24T14:59:14,3,0,3,3
2022-06-24T15:09:43,3,0,3,3
2022-06-24T15:20:12,3,0,3,3
2022-06-24T15:30:41,3,0,3,3
2022-06-24T15:41:10,3,0,3,3
2022-06-24T15:51:39,3,0,3,3
2022-06-24T16:02:09,3,0,3,3
2022-06-24T16:12:37,3,0,3,3
2022-06-24T16:23:06,3,0,3,3
2022-06-24T16:33:35,3,0,3,3
2022-06-24T16:44:03,3,0,3,3
2022-06-24T16:54:31,3,0,3,3
2022-06-24T17:05:11,3,0,3,3
2022-06-24T17:15:40,3,0,3,3
2022-06-24T17:26:08,3,0,3,3
2022-06-24T17:36:36,3,0,3,3
2022-06-24T17:47:03,3,0,3,3
2022-06-24T17:57:31,3,0,3,3
2022-06-24T18:07:59,3,0,3,3
2022-06-24T18:18:26,3,0,3,3
2022-06-24T18:28:54,3,0,3,3
2022-06-24T18:39:22,3,0,3,3
2022-06-24T18:49:49,3,0,3,3
2022-06-24T19:00:17,3,0,3,3
2022-06-24T19:10:45,3,0,3,3
2022-06-24T19:21:12,3,0,3,3
2022-06-24T19:31:40,3,0,3,3
2022-06-24T19:42:18,3,0,3,3
2022-06-24T19:52:46,3,0,3,3
2022-06-24T20:03:13,3,0,3,3
2022-06-24T20:13:41,3,0,3,3
2022-06-24T20:24:09,3,0,3,3
2022-06-24T20:34:36,3,0,3,3
2022-06-24T20:45:04,3,0,3,3
2022-06-24T20:55:31,3,0,3,3
2022-06-24T21:05:58,3,0,3,3
2022-06-24T21:16:25,3,0,3,3
2022-06-24T21:26:53,3,0,3,3
2022-06-24T21:37:31,3,0,3,3
2022-06-24T21:48:00,3,0,3,3
2022-06-24T21:58:28,3,0,3,3
2022-06-24T22:08:55,3,0,3,3
2022-06-24T22:19:23,3,0,3,3
2022-06-24T22:29:51,3,0,3,3
2022-06-24T22:40:22,3,0,3,3
2022-06-24T22:50:50,3,0,3,3
2022-06-24T23:01:18,3,0,3,3
2022-06-24T23:11:47,3,0,3,3
2022-06-24T23:22:15,3,0,3,3
2022-06-24T23:32:54,3,0,3,3
2022-06-24T23:43:22,3,0,3,3
2022-06-24T23:53:49,3,0,3,3
2022-06-25T00:04:18,3,0,3,3
2022-06-25T00:14:55,3,0,3,3
2022-06-25T00:25:25,3,0,3,3
2022-06-25T00:35:54,3,0,3,3
2022-06-25T00:46:24,3,0,3,3
2022-06-25T00:56:54,3,0,3,3
2022-06-25T01:07:26,3,0,3,3
2022-06-25T01:17:56,3,0,3,3
2022-06-25T01:28:25,3,0,3,3
2022-06-25T01:38:54,3,0,3,3
2022-06-25T01:49:24,3,0,3,3
2022-06-25T02:00:04,3,0,3,3
2022-06-25T02:10:33,3,0,3,3
2022-06-25T02:21:01,3,0,3,3
2022-06-25T02:31:30,3,0,3,3
2022-06-25T02:41:58,3,0,3,3
2022-06-25T02:52:25,3,0,3,3
2022-06-25T03:02:53,3,0,3,3
2022-06-25T03:13:20,3,0,3,3
2022-06-25T03:23:47,3,0,3,3
2022-06-25T03:34:14,3,0,3,3
2022-06-25T03:44:42,3,0,3,3
2022-06-25T03:55:11,3,0,3,3
2022-06-25T04:05:41,3,0,3,3
2022-06-25T04:23:25,3,0,3,3
2022-06-25T04:34:19,3,0,3,3
2022-06-25T04:44:51,3,0,3,3
2022-06-25T04:55:22,3,0,3,3
2022-06-25T05:05:51,3,0,3,3
2022-06-25T05:16:24,3,0,3,3
2022-06-25T05:26:55,3,0,3,3
2022-06-25T05:37:25,3,0,3,3
2022-06-25T05:47:55,3,0,3,3
2022-06-25T05:58:24,3,0,3,3
2022-06-25T06:08:54,3,0,3,3
2022-06-25T06:19:24,3,0,3,3
2022-06-25T06:29:54,3,0,3,3
2022-06-25T06:40:24,3,0,3,3
2022-06-25T06:51:04,3,0,3,3
2022-06-25T07:01:37,3,0,3,3
2022-06-25T07:12:07,3,0,3,3
2022-06-25T07:22:36,3,0,3,3
2022-06-25T07:33:06,3,0,3,3
2022-06-25T07:43:35,3,0,3,3
2022-06-25T07:54:05,3,0,3,3
2022-06-25T08:04:37,3,0,3,3
2022-06-25T08:15:15,3,0,3,3
2022-06-25T08:25:45,3,0,3,3
2022-06-25T08:36:14,3,0,3,3
2022-06-25T08:46:43,3,0,3,3
2022-06-25T08:57:12,3,0,3,3
2022-06-25T09:07:41,3,0,3,3
2022-06-25T09:18:09,3,0,3,3
2022-06-25T09:28:38,3,0,3,3
2022-06-25T09:39:18,3,0,3,3
2022-06-25T09:49:47,3,0,3,3
2022-06-25T10:00:14,3,0,3,3
2022-06-25T10:10:41,3,0,3,3
2022-06-25T10:21:08,3,0,3,3
2022-06-25T10:31:37,3,0,3,3
2022-06-25T10:42:04,3,0,3,3
2022-06-25T10:52:31,3,0,3,3
2022-06-25T11:03:08,3,0,3,3
2022-06-25T11:13:35,3,0,3,3
2022-06-25T11:24:02,3,0,3,3
2022-06-25T11:34:29,3,0,3,3
2022-06-25T11:44:57,3,0,3,3
2022-06-25T11:55:24,3,0,3,3
2022-06-25T12:06:02,3,0,3,3
2022-06-25T12:16:29,3,0,3,3
2022-06-25T12:26:56,3,0,3,3
2022-06-25T12:37:24,3,0,3,3
2022-06-25T12:47:51,3,0,3,3
2022-06-25T12:58:18,3,0,3,3
2022-06-25T13:08:45,3,0,3,3
2022-06-25T13:19:12,3,0,3,3
2022-06-25T13:29:40,3,0,3,3
2022-06-25T13:40:07,3,0,3,3
2022-06-25T13:50:34,3,0,3,3
2022-06-25T14:01:01,3,0,3,3
2022-06-25T14:11:28,3,0,3,3
2022-06-25T14:22:06,3,0,3,3
2022-06-25T14:32:33,3,0,3,3
2022-06-25T14:43:00,3,0,3,3
2022-06-25T14:53:27,3,0,3,3
2022-06-25T15:03:55,3,0,3,3
2022-06-25T15:14:22,3,0,3,3
2022-06-25T15:24:50,3,0,3,3
2022-06-25T15:35:17,3,0,3,3
2022-06-25T15:45:44,3,0,3,3
2022-06-25T15:56:11,3,0,3,3
2022-06-25T16:06:39,3,0,3,3
2022-06-25T16:17:06,3,0,3,3
2022-06-25T16:27:33,3,0,3,3
2022-06-25T16:38:01,3,0,3,3
2022-06-25T16:48:38,3,0,3,3
2022-06-25T16:59:05,3,0,3,3
2022-06-25T17:09:33,3,0,3,3
2022-06-25T17:20:00,3,0,3,3
2022-06-25T17:30:28,3,0,3,3
2022-06-25T17:40:55,3,0,3,3
2022-06-25T17:51:23,3,0,3,3
2022-06-25T18:01:50,3,0,3,3
2022-06-25T18:12:19,3,0,3,3
2022-06-25T18:22:46,3,0,3,3
2022-06-25T18:33:14,3,0,3,3
2022-06-25T18:43:41,3,0,3,3
2022-06-25T18:54:08,3,0,3,3
2022-06-25T19:04:36,3,0,3,3
2022-06-25T19:15:03,3,0,3,3
2022-06-25T19:25:30,3,0,3,3
2022-06-25T19:35:58,3,0,3,3
2022-06-25T19:46:25,3,0,3,3
2022-06-25T19:57:02,3,0,3,3
2022-06-25T20:07:30,3,0,3,3
2022-06-25T20:17:58,3,0,3,3
2022-06-25T20:28:25,3,0,3,3
2022-06-25T20:38:52,3,0,3,3
2022-06-25T20:49:19,3,0,3,3
2022-06-25T20:59:46,3,0,3,3
2022-06-25T21:10:13,3,0,3,3
2022-06-25T21:20:40,3,0,3,3
2022-06-25T21:31:07,3,0,3,3
2022-06-25T21:41:35,3,0,3,3
2022-06-25T21:52:03,3,0,3,3
2022-06-25T22:02:30,3,0,3,3
2022-06-25T22:12:58,3,0,3,3
2022-06-25T22:23:25,3,0,3,3
2022-06-25T22:33:53,3,0,3,3
2022-06-25T22:44:20,3,0,3,3
2022-06-25T22:54:48,3,0,3,3
2022-06-25T23:05:16,3,0,3,3
2022-06-25T23:15:44,3,0,3,3
2022-06-25T23:26:22,3,0,3,3
2022-06-25T23:36:49,3,0,3,3
2022-06-25T23:47:16,3,0,3,3
2022-06-25T23:57:43,3,0,3,3
2022-06-26T00:08:12,3,0,3,3
2022-06-26T00:18:41,3,0,3,3
2022-06-26T00:29:09,3,0,3,3
2022-06-26T00:39:37,3,0,3,3
2022-06-26T00:50:04,3,0,3,3
2022-06-26T01:00:31,3,0,3,3
2022-06-26T01:11:09,3,0,3,3
2022-06-26T01:21:37,3,0,3,3
2022-06-26T01:32:04,3,0,3,3
2022-06-26T01:42:31,3,0,3,3
2022-06-26T01:52:58,3,0,3,3
2022-06-26T02:03:25,3,0,3,3
2022-06-26T02:13:51,3,0,3,3
2022-06-26T02:24:19,3,0,3,3
2022-06-26T02:34:52,3,0,3,3
2022-06-26T02:45:23,3,0,3,3
2022-06-26T02:56:02,3,0,3,3
2022-06-26T03:06:42,3,0,3,3
2022-06-26T03:17:13,3,0,3,3
2022-06-26T03:27:43,3,0,3,3
2022-06-26T03:38:13,3,0,3,3
2022-06-26T03:48:44,3,0,3,3
2022-06-26T03:59:13,3,0,3,3
2022-06-26T04:09:44,3,0,3,3
2022-06-26T04:36:23,3,0,3,3
2022-06-26T04:46:54,3,0,3,3
2022-06-26T04:57:24,3,0,3,3
2022-06-26T05:07:57,3,0,3,3
2022-06-26T05:18:28,3,0,3,3
2022-06-26T05:28:57,3,0,3,3
2022-06-26T05:39:26,3,0,3,3
2022-06-26T05:49:56,3,0,3,3
2022-06-26T06:00:25,3,0,3,3
2022-06-26T06:10:56,3,0,3,3
2022-06-26T06:21:29,3,0,3,3
2022-06-26T06:31:59,3,0,3,3
2022-06-26T06:42:28,3,0,3,3
2022-06-26T06:52:57,3,0,3,3
2022-06-26T07:03:27,3,0,3,3
2022-06-26T07:13:56,3,0,3,3
2022-06-26T07:24:29,3,0,3,3
2022-06-26T07:35:00,3,0,3,3
2022-06-26T07:45:35,3,0,3,3
2022-06-26T07:56:11,3,0,3,3
2022-06-26T08:06:46,3,0,3,3
2022-06-26T08:17:23,3,0,3,3
2022-06-26T08:28:12,3,0,3,3
2022-06-26T08:38:47,3,0,3,3
2022-06-26T08:49:22,3,0,3,3
2022-06-26T08:59:58,3,0,3,3
2022-06-26T09:10:29,3,0,3,3
2022-06-26T09:21:03,3,0,3,3
2022-06-26T09:31:39,3,0,3,3
2022-06-26T09:42:14,3,0,3,3
2022-06-26T09:52:50,3,0,3,3
2022-06-26T10:03:26,3,0,3,3
2022-06-26T10:14:03,3,0,3,3
2022-06-26T10:24:40,3,0,3,3
2022-06-26T10:35:16,3,0,3,3
2022-06-26T10:45:51,3,0,3,3
2022-06-26T10:56:22,3,0,3,3
2022-06-26T11:07:05,3,0,3,3
2022-06-26T11:17:35,3,0,3,3
2022-06-26T11:28:03,3,0,3,3
2022-06-26T11:38:30,3,0,3,3
2022-06-26T11:48:57,3,0,3,3
2022-06-26T11:59:24,3,0,3,3
2022-06-26T12:09:51,3,0,3,3
2022-06-26T12:20:18,3,0,3,3
2022-06-26T12:30:45,3,0,3,3
2022-06-26T12:41:13,3,0,3,3
2022-06-26T12:51:40,3,0,3,3
2022-06-26T13:02:18,3,0,3,3
2022-06-26T13:12:44,3,0,3,3
2022-06-26T13:23:12,3,0,3,3
2022-06-26T13:33:39,3,0,3,3
2022-06-26T13:44:06,3,0,3,3
2022-06-26T13:54:33,3,0,3,3
2022-06-26T14:05:00,3,0,3,3
2022-06-26T14:15:28,3,0,3,3
2022-06-26T14:25:55,3,0,3,3
2022-06-26T14:36:21,3,0,3,3
2022-06-26T14:46:48,3,0,3,3
2022-06-26T14:57:15,3,0,3,3
2022-06-26T15:07:55,3,0,3,3
2022-06-26T15:18:22,3,0,3,3
2022-06-26T15:28:49,3,0,3,3
2022-06-26T15:39:17,3,0,3,3
2022-06-26T15:49:44,3,0,3,3
2022-06-26T16:00:11,3,0,3,3
2022-06-26T16:10:38,3,0,3,3
2022-06-26T16:21:06,3,0,3,3
2022-06-26T16:31:33,3,0,3,3
2022-06-26T16:42:01,3,0,3,3
2022-06-26T16:52:29,3,0,3,3
2022-06-26T17:02:56,3,0,3,3
2022-06-26T17:13:23,3,0,3,3
2022-06-26T17:24:01,3,0,3,3
2022-06-26T17:34:28,3,0,3,3
2022-06-26T17:44:56,3,0,3,3
2022-06-26T17:55:24,3,0,3,3
2022-06-26T18:05:51,3,0,3,3
2022-06-26T18:16:19,3,0,3,3
2022-06-26T18:26:46,3,0,3,3
2022-06-26T18:37:13,3,0,3,3
2022-06-26T18:47:41,3,0,3,3
2022-06-26T18:58:08,3,0,3,3
2022-06-26T19:08:36,3,0,3,3
2022-06-26T19:19:14,3,0,3,3
2022-06-26T19:29:41,3,0,3,3
2022-06-26T19:40:08,3,0,3,3
2022-06-26T19:50:35,3,0,3,3
2022-06-26T20:01:03,3,0,3,3
2022-06-26T20:11:30,3,0,3,3
2022-06-26T20:21:57,3,0,3,3
2022-06-26T20:32:24,3,0,3,3
2022-06-26T20:42:52,3,0,3,3
2022-06-26T20:53:19,3,0,3,3
2022-06-26T21:03:58,3,0,3,3
2022-06-26T21:14:25,3,0,3,3
2022-06-26T21:24:52,3,0,3,3
2022-06-26T21:35:21,3,0,3,3
2022-06-26T21:45:48,3,0,3,3
2022-06-26T21:56:16,3,0,3,3
2022-06-26T22:06:43,3,0,3,3
2022-06-26T22:17:11,3,0,3,3
2022-06-26T22:27:50,3,0,3,3
2022-06-26T22:38:18,3,0,3,3
2022-06-26T22:48:45,3,0,3,3
2022-06-26T22:59:13,3,0,3,3
2022-06-26T23:09:42,3,0,3,3
2022-06-26T23:20:10,3,0,3,3
2022-06-26T23:30:39,3,0,3,3
2022-06-26T23:41:07,3,0,3,3
2022-06-26T23:51:35,3,0,3,3
2022-06-27T00:02:03,3,0,3,3
2022-06-27T00:12:33,3,0,3,3
2022-06-27T00:23:15,3,0,3,3
2022-06-27T00:33:44,3,0,3,3
2022-06-27T00:44:13,3,0,3,3
2022-06-27T00:54:42,3,0,3,3
2022-06-27T01:05:10,3,0,3,3
2022-06-27T01:15:38,3,0,3,3
2022-06-27T01:26:14,3,0,3,3
2022-06-27T01:36:45,3,0,3,3
2022-06-27T01:47:15,3,0,3,3
2022-06-27T01:57:45,3,0,3,3
2022-06-27T02:08:30,3,0,3,3
2022-06-27T02:19:11,3,0,3,3
2022-06-27T02:29:41,3,0,3,3
2022-06-27T02:40:10,3,0,3,3
2022-06-27T02:50:38,3,0,3,3
2022-06-27T03:01:05,3,0,3,3
2022-06-27T03:11:33,3,0,3,3
2022-06-27T03:22:01,3,0,3,3
2022-06-27T03:32:30,3,0,3,3
2022-06-27T03:42:59,3,0,3,3
2022-06-27T03:53:29,3,0,3,3
2022-06-27T04:03:58,3,0,3,3
2022-06-27T04:23:30,3,0,3,3
2022-06-27T04:35:25,3,0,3,3
2022-06-27T04:46:17,3,0,3,3
2022-06-27T04:56:48,3,0,3,3
2022-06-27T05:07:20,3,0,3,3
2022-06-27T05:17:51,3,0,3,3
2022-06-27T05:28:22,3,0,3,3
2022-06-27T05:38:52,3,0,3,3
2022-06-27T05:49:22,3,0,3,3
2022-06-27T05:59:51,3,0,3,3
2022-06-27T06:10:21,3,0,3,3
2022-06-27T06:20:50,3,0,3,3
2022-06-27T06:31:20,3,0,3,3
2022-06-27T06:41:48,3,0,3,3
2022-06-27T06:52:15,3,0,3,3
2022-06-27T07:02:44,3,0,3,3
2022-06-27T07:13:12,3,0,3,3
2022-06-27T07:23:41,3,0,3,3
2022-06-27T07:34:10,3,0,3,3
2022-06-27T07:44:39,3,0,3,3
2022-06-27T07:55:08,3,0,3,3
2022-06-27T08:05:54,3,0,3,3
2022-06-27T08:16:23,3,0,3,3
2022-06-27T08:26:53,3,0,3,3
2022-06-27T08:37:22,3,0,3,3
2022-06-27T08:47:51,3,0,3,3
2022-06-27T08:58:20,3,0,3,3
2022-06-27T09:08:49,3,0,3,3
2022-06-27T09:19:20,3,0,3,3
2022-06-27T09:30:02,3,0,3,3
2022-06-27T09:40:34,3,0,3,3
2022-06-27T09:51:05,3,0,3,3
2022-06-27T10:01:37,3,0,3,3
2022-06-27T10:12:09,3,0,3,3
2022-06-27T10:22:40,3,0,3,3
2022-06-27T10:33:14,3,0,3,3
2022-06-27T10:44:00,3,0,3,3
2022-06-27T10:54:32,3,0,3,3
2022-06-27T11:05:03,3,0,3,3
2022-06-27T11:15:35,3,0,3,3
2022-06-27T11:26:05,3,0,3,3
2022-06-27T11:36:47,3,0,3,3
2022-06-27T11:47:18,3,0,3,3
2022-06-27T11:57:48,3,0,3,3
2022-06-27T12:08:19,3,0,3,3
2022-06-27T12:18:49,3,0,3,3
2022-06-27T12:29:31,3,0,3,3
2022-06-27T12:40:01,3,0,3,3
2022-06-27T12:50:31,3,0,3,3
2022-06-27T13:01:01,3,0,3,3
2022-06-27T13:11:31,3,0,3,3
2022-06-27T13:22:01,3,0,3,3
2022-06-27T13:32:31,3,0,3,3
2022-06-27T13:43:20,3,0,3,3
2022-06-27T13:53:50,3,0,3,3
2022-06-27T14:04:21,3,0,3,3
2022-06-27T14:14:50,3,0,3,3
2022-06-27T14:25:20,3,0,3,3
2022-06-27T14:35:50,3,0,3,3
2022-06-27T14:46:20,3,0,3,3
2022-06-27T14:57:02,3,0,3,3
2022-06-27T15:07:32,3,0,3,3
2022-06-27T15:18:01,3,0,3,3
2022-06-27T15:28:31,3,0,3,3
2022-06-27T15:39:01,3,0,3,3
2022-06-27T15:49:31,3,0,3,3
2022-06-27T16:00:00,3,0,3,3
2022-06-27T16:10:29,3,0,3,3
2022-06-27T16:21:08,3,0,3,3
2022-06-27T16:31:38,3,0,3,3
2022-06-27T16:42:07,3,0,3,3
2022-06-27T16:52:35,3,0,3,3
2022-06-27T17:03:05,3,0,3,3
2022-06-27T17:13:34,3,0,3,3
2022-06-27T17:24:02,3,0,3,3
2022-06-27T17:34:30,3,0,3,3
2022-06-27T17:45:08,3,0,3,3
2022-06-27T17:55:36,3,0,3,3
2022-06-27T18:06:04,3,0,3,3
2022-06-27T18:16:34,3,0,3,3
2022-06-27T18:27:05,3,0,3,3
2022-06-27T18:37:38,3,0,3,3
2022-06-27T18:48:11,3,0,3,3
2022-06-27T18:58:45,3,0,3,3
2022-06-27T19:09:18,3,0,3,3
2022-06-27T19:20:12,3,0,3,3
2022-06-27T19:30:46,3,0,3,3
2022-06-27T19:41:20,3,0,3,3
2022-06-27T19:51:56,3,0,3,3
2022-06-27T20:02:33,3,0,3,3
2022-06-27T20:13:10,3,0,3,3
2022-06-27T20:23:47,3,0,3,3
2022-06-27T20:34:24,3,0,3,3
2022-06-27T20:45:01,3,0,3,3
2022-06-27T20:55:33,3,0,3,3
2022-06-27T21:06:13,3,0,3,3
2022-06-27T21:16:43,3,0,3,3
2022-06-27T21:27:12,3,0,3,3
2022-06-27T21:37:40,3,0,3,3
2022-06-27T21:48:09,3,0,3,3
2022-06-27T21:58:36,3,0,3,3
2022-06-27T22:09:04,3,0,3,3
2022-06-27T22:19:32,3,0,3,3
2022-06-27T22:30:00,3,0,3,3
2022-06-27T22:40:28,3,0,3,3
2022-06-27T22:51:07,3,0,3,3
2022-06-27T23:01:35,3,0,3,3
2022-06-27T23:12:04,3,0,3,3
2022-06-27T23:22:32,3,0,3,3
2022-06-27T23:33:00,3,0,3,3
2022-06-27T23:43:27,3,0,3,3
2022-06-27T23:53:55,3,0,3,3
2022-06-28T00:04:23,3,0,3,3
2022-06-28T00:14:54,3,0,3,3
2022-06-28T00:25:45,3,0,3,3
2022-06-28T00:36:15,3,0,3,3
2022-06-28T00:46:46,3,0,3,3
2022-06-28T00:57:16,3,0,3,3
2022-06-28T01:07:45,3,0,3,3
2022-06-28T01:18:14,3,0,3,3
2022-06-28T01:28:44,3,0,3,3
2022-06-28T01:39:13,3,0,3,3
2022-06-28T01:49:54,3,0,3,3
2022-06-28T02:00:23,3,0,3,3
2022-06-28T02:10:52,3,0,3,3
2022-06-28T02:21:20,3,0,3,3
2022-06-28T02:31:48,3,0,3,3
2022-06-28T02:42:16,3,0,3,3
2022-06-28T02:52:43,3,0,3,3
2022-06-28T03:03:10,3,0,3,3
2022-06-28T03:13:37,3,0,3,3
2022-06-28T03:24:04,3,0,3,3
2022-06-28T03:34:32,3,0,3,3
2022-06-28T03:45:02,3,0,3,3
2022-06-28T03:55:42,3,0,3,3
2022-06-28T04:06:13,3,0,3,3
2022-06-28T04:16:42,3,0,3,3
2022-06-28T04:32:26,3,0,3,3
2022-06-28T04:43:29,3,0,3,3
2022-06-28T04:54:00,3,0,3,3
2022-06-28T05:04:31,3,0,3,3
2022-06-28T05:15:04,3,0,3,3
2022-06-28T05:25:34,3,0,3,3
2022-06-28T05:36:03,3,0,3,3
2022-06-28T05:46:32,3,0,3,3
2022-06-28T05:57:01,3,0,3,3
2022-06-28T06:07:31,3,0,3,3
2022-06-28T06:18:00,3,0,3,3
2022-06-28T06:28:30,3,0,3,3
2022-06-28T06:38:59,3,0,3,3
2022-06-28T06:49:28,3,0,3,3
2022-06-28T06:59:58,3,0,3,3
2022-06-28T07:10:27,3,0,3,3
2022-06-28T07:20:57,3,0,3,3
2022-06-28T07:31:27,3,0,3,3
2022-06-28T07:42:05,3,0,3,3
2022-06-28T07:52:35,3,0,3,3
2022-06-28T08:03:05,3,0,3,3
2022-06-28T08:13:34,3,0,3,3
2022-06-28T08:24:04,3,0,3,3
2022-06-28T08:34:33,3,0,3,3
2022-06-28T08:45:03,3,0,3,3
2022-06-28T08:55:33,3,0,3,3
2022-06-28T09:06:02,3,0,3,3
2022-06-28T09:16:33,3,0,3,3
2022-06-28T09:27:03,3,0,3,3
2022-06-28T09:37:34,3,0,3,3
2022-06-28T09:48:14,3,0,3,3
2022-06-28T09:58:45,3,0,3,3
2022-06-28T10:09:15,3,0,3,3
2022-06-28T10:19:47,3,0,3,3
2022-06-28T10:30:22,3,0,3,3
2022-06-28T10:40:57,3,0,3,3
2022-06-28T10:51:30,3,0,3,3
2022-06-28T11:02:16,3,0,3,3
2022-06-28T11:12:50,3,0,3,3
2022-06-28T11:23:26,3,0,3,3
2022-06-28T11:34:02,3,0,3,3
2022-06-28T11:44:37,3,0,3,3
2022-06-28T11:55:14,3,0,3,3
2022-06-28T12:05:55,3,0,3,3
2022-06-28T12:16:59,3,0,3,3
2022-06-28T12:27:40,3,0,3,3
2022-06-28T12:38:22,3,0,3,3
2022-06-28T12:49:08,3,0,3,3
2022-06-28T12:59:46,3,0,3,3
2022-06-28T13:10:20,3,0,3,3
2022-06-28T13:21:08,3,0,3,3
2022-06-28T13:31:44,3,0,3,3
2022-06-28T13:42:17,3,0,3,3
2022-06-28T13:52:51,3,0,3,3
2022-06-28T14:03:22,3,0,3,3
2022-06-28T14:13:52,3,0,3,3
2022-06-28T14:24:23,3,0,3,3
2022-06-28T14:35:06,3,0,3,3
2022-06-28T14:45:35,3,0,3,3
2022-06-28T14:56:05,3,0,3,3
2022-06-28T15:06:35,3,0,3,3
2022-06-28T15:17:04,3,0,3,3
2022-06-28T15:27:34,3,0,3,3
2022-06-28T15:38:04,3,0,3,3
2022-06-28T15:48:46,3,0,3,3
2022-06-28T15:59:15,3,0,3,3
2022-06-28T16:09:45,3,0,3,3
2022-06-28T16:20:14,3,0,3,3
2022-06-28T16:30:43,3,0,3,3
2022-06-28T16:41:13,3,0,3,3
2022-06-28T16:52:03,3,0,3,3
2022-06-28T17:02:32,3,0,3,3
2022-06-28T17:13:02,3,0,3,3
2022-06-28T17:23:31,3,0,3,3
2022-06-28T17:33:59,3,0,3,3
2022-06-28T17:44:27,3,0,3,3
2022-06-28T17:54:56,3,0,3,3
2022-06-28T18:05:24,3,0,3,3
2022-06-28T18:16:04,3,0,3,3
2022-06-28T18:26:32,3,0,3,3
2022-06-28T18:37:00,3,0,3,3
2022-06-28T18:47:29,3,0,3,3
2022-06-28T18:57:58,3,0,3,3
2022-06-28T19:08:26,3,0,3,3
2022-06-28T19:19:05,3,0,3,3
2022-06-28T19:29:34,3,0,3,3
2022-06-28T19:40:02,3,0,3,3
2022-06-28T19:50:31,3,0,3,3
2022-06-28T20:00:59,3,0,3,3
2022-06-28T20:11:28,3,0,3,3
2022-06-28T20:21:56,3,0,3,3
2022-06-28T20:32:25,3,0,3,3
2022-06-28T20:42:53,3,0,3,3
2022-06-28T20:53:32,3,0,3,3
2022-06-28T21:04:00,3,0,3,3
2022-06-28T21:14:27,3,0,3,3
2022-06-28T21:24:55,3,0,3,3
2022-06-28T21:35:25,3,0,3,3
2022-06-28T21:45:53,3,0,3,3
2022-06-28T21:56:21,3,0,3,3
2022-06-28T22:06:48,3,0,3,3
2022-06-28T22:17:16,3,0,3,3
2022-06-28T22:27:45,3,0,3,3
2022-06-28T22:38:24,3,0,3,3
2022-06-28T22:48:53,3,0,3,3
2022-06-28T22:59:21,3,0,3,3
2022-06-28T23:09:50,3,0,3,3
2022-06-28T23:20:18,3,0,3,3
2022-06-28T23:30:46,3,0,3,3
2022-06-28T23:41:14,3,0,3,3
2022-06-28T23:51:43,3,0,3,3
2022-06-29T00:02:11,3,0,3,3
2022-06-29T00:12:41,3,0,3,3
2022-06-29T00:23:22,3,0,3,3
2022-06-29T00:33:52,3,0,3,3
2022-06-29T00:44:22,3,0,3,3
2022-06-29T00:54:54,3,0,3,3
2022-06-29T01:05:25,3,0,3,3
2022-06-29T01:15:56,3,0,3,3
2022-06-29T01:26:27,3,0,3,3
2022-06-29T01:36:57,3,0,3,3
2022-06-29T01:47:26,3,0,3,3
2022-06-29T01:58:07,3,0,3,3
2022-06-29T02:08:36,3,0,3,3
2022-06-29T02:19:06,3,0,3,3
2022-06-29T02:29:34,3,0,3,3
2022-06-29T02:40:02,3,0,3,3
2022-06-29T02:50:30,3,0,3,3
2022-06-29T03:00:57,3,0,3,3
2022-06-29T03:11:25,3,0,3,3
2022-06-29T03:22:04,3,0,3,3
2022-06-29T03:32:31,3,0,3,3
2022-06-29T03:43:00,3,0,3,3
2022-06-29T03:53:29,3,0,3,3
2022-06-29T04:03:59,3,0,3,3
2022-06-29T04:26:50,3,0,3,3
2022-06-29T04:37:44,3,0,3,3
2022-06-29T04:48:16,3,0,3,3
2022-06-29T04:58:54,3,0,3,3
2022-06-29T05:09:25,3,0,3,3
2022-06-29T05:19:56,3,0,3,3
2022-06-29T05:30:26,3,0,3,3
2022-06-29T05:42:42,3,0,3,3
2022-06-29T05:53:13,3,0,3,3
2022-06-29T06:03:43,3,0,3,3
2022-06-29T06:14:14,3,0,3,3
2022-06-29T06:24:44,3,0,3,3
2022-06-29T06:35:13,3,0,3,3
2022-06-29T06:45:44,3,0,3,3
2022-06-29T06:56:15,3,0,3,3
2022-06-29T07:06:55,3,0,3,3
2022-06-29T07:17:24,3,0,3,3
2022-06-29T07:27:55,3,0,3,3
2022-06-29T07:38:25,3,0,3,3
2022-06-29T07:48:55,3,0,3,3
2022-06-29T07:59:26,3,0,3,3
2022-06-29T08:09:57,3,0,3,3
2022-06-29T08:20:28,3,0,3,3
2022-06-29T08:30:59,3,0,3,3
2022-06-29T08:41:29,3,0,3,3
2022-06-29T08:51:59,3,0,3,3
2022-06-29T09:02:28,3,0,3,3
2022-06-29T09:12:58,3,0,3,3
2022-06-29T09:23:28,3,0,3,3
2022-06-29T09:33:58,3,0,3,3
2022-06-29T09:44:38,3,0,3,3
2022-06-29T09:55:09,3,0,3,3
2022-06-29T10:05:40,3,0,3,3
2022-06-29T10:16:11,3,0,3,3
2022-06-29T10:26:41,3,0,3,3
2022-06-29T10:37:11,3,0,3,3
2022-06-29T10:47:41,3,0,3,3
2022-06-29T10:58:11,3,0,3,3
2022-06-29T11:08:55,3,0,3,3
2022-06-29T11:19:25,3,0,3,3
2022-06-29T11:29:55,3,0,3,3
2022-06-29T11:40:25,3,0,3,3
2022-06-29T11:50:56,3,0,3,3
2022-06-29T12:01:27,3,0,3,3
2022-06-29T12:11:59,3,0,3,3
2022-06-29T12:22:28,3,0,3,3
2022-06-29T12:33:10,3,0,3,3
2022-06-29T12:43:39,3,0,3,3
2022-06-29T12:54:08,3,0,3,3
2022-06-29T13:04:37,3,0,3,3
2022-06-29T13:15:07,3,0,3,3
2022-06-29T13:25:37,3,0,3,3
2022-06-29T13:36:07,3,0,3,3
2022-06-29T13:46:37,3,0,3,3
2022-06-29T13:57:08,3,0,3,3
2022-06-29T14:07:38,3,0,3,3
2022-06-29T14:18:19,3,0,3,3
2022-06-29T14:28:49,3,0,3,3
2022-06-29T14:39:19,3,0,3,3
2022-06-29T14:49:50,3,0,3,3
2022-06-29T15:00:20,3,0,3,3
2022-06-29T15:10:51,3,0,3,3
2022-06-29T15:21:21,3,0,3,3
2022-06-29T15:32:03,3,0,3,3
2022-06-29T15:42:33,3,0,3,3
2022-06-29T15:53:03,3,0,3,3
2022-06-29T16:03:33,3,0,3,3
2022-06-29T16:14:05,3,0,3,3
2022-06-29T16:24:34,3,0,3,3
2022-06-29T16:35:03,3,0,3,3
2022-06-29T16:45:32,3,0,3,3
2022-06-29T16:56:01,3,0,3,3
2022-06-29T17:06:42,3,0,3,3
2022-06-29T17:17:11,3,0,3,3
2022-06-29T17:27:40,3,0,3,3
2022-06-29T17:38:09,3,0,3,3
2022-06-29T17:48:39,3,0,3,3
2022-06-29T17:59:08,3,0,3,3
2022-06-29T18:09:37,3,0,3,3
2022-06-29T18:20:07,3,0,3,3
2022-06-29T18:30:46,3,0,3,3
2022-06-29T18:41:15,3,0,3,3
2022-06-29T18:51:44,3,0,3,3
2022-06-29T19:02:13,3,0,3,3
2022-06-29T19:12:42,3,0,3,3
2022-06-29T19:23:11,3,0,3,3
2022-06-29T19:33:40,3,0,3,3
2022-06-29T19:44:08,3,0,3,3
2022-06-29T19:54:37,3,0,3,3
2022-06-29T20:05:16,3,0,3,3
2022-06-29T20:15:45,3,0,3,3
2022-06-29T20:26:14,3,0,3,3
2022-06-29T20:36:44,3,0,3,3
2022-06-29T20:47:12,3,0,3,3
2022-06-29T20:57:40,3,0,3,3
2022-06-29T21:08:09,3,0,3,3
2022-06-29T21:18:38,3,0,3,3
2022-06-29T21:29:17,3,0,3,3
2022-06-29T21:39:46,3,0,3,3
2022-06-29T21:50:15,3,0,3,3
2022-06-29T22:00:44,3,0,3,3
2022-06-29T22:11:12,3,0,3,3
2022-06-29T22:21:41,3,0,3,3
2022-06-29T22:32:10,3,0,3,3
2022-06-29T22:42:39,3,0,3,3
2022-06-29T22:53:08,3,0,3,3
2022-06-29T23:03:48,3,0,3,3
2022-06-29T23:14:17,3,0,3,3
2022-06-29T23:24:46,3,0,3,3
2022-06-29T23:35:15,3,0,3,3
2022-06-29T23:45:44,3,0,3,3
2022-06-29T23:56:13,3,0,3,3
2022-06-30T00:06:42,3,0,3,3
2022-06-30T00:17:14,3,0,3,3
2022-06-30T00:27:43,3,0,3,3
2022-06-30T00:38:15,3,0,3,3
2022-06-30T00:48:46,3,0,3,3
2022-06-30T00:59:17,3,0,3,3
2022-06-30T01:09:47,3,0,3,3
2022-06-30T01:20:28,3,0,3,3
2022-06-30T01:30:59,3,0,3,3
2022-06-30T01:41:29,3,0,3,3
2022-06-30T01:52:00,3,0,3,3
2022-06-30T02:02:30,3,0,3,3
2022-06-30T02:12:59,3,0,3,3
2022-06-30T02:23:38,3,0,3,3
2022-06-30T02:34:06,3,0,3,3
2022-06-30T02:44:34,3,0,3,3
2022-06-30T02:55:02,3,0,3,3
2022-06-30T03:05:31,3,0,3,3
2022-06-30T03:15:59,3,0,3,3
2022-06-30T03:26:27,3,0,3,3
2022-06-30T03:36:55,3,0,3,3
2022-06-30T03:47:26,3,0,3,3
2022-06-30T03:59:19,3,0,3,3
2022-06-30T04:31:42,3,0,3,3
2022-06-30T04:42:14,3,0,3,3
2022-06-30T04:52:45,3,0,3,3
2022-06-30T05:03:18,3,0,3,3
2022-06-30T05:13:50,3,0,3,3
2022-06-30T05:24:21,3,0,3,3
2022-06-30T05:34:51,3,0,3,3
2022-06-30T05:45:26,3,0,3,3
2022-06-30T05:55:57,3,0,3,3
2022-06-30T06:06:28,3,0,3,3
2022-06-30T06:16:59,3,0,3,3
2022-06-30T06:27:30,3,0,3,3
2022-06-30T06:38:00,3,0,3,3
2022-06-30T06:48:40,3,0,3,3
2022-06-30T06:59:19,3,0,3,3
2022-06-30T07:10:04,3,0,3,3
2022-06-30T07:20:44,3,0,3,3
2022-06-30T07:31:30,3,0,3,3
2022-06-30T07:42:14,3,0,3,3
2022-06-30T07:52:55,3,0,3,3
2022-06-30T08:03:40,3,0,3,3
2022-06-30T08:14:22,3,0,3,3
2022-06-30T08:24:59,3,0,3,3
2022-06-30T08:35:31,3,0,3,3
2022-06-30T08:46:04,3,0,3,3
2022-06-30T08:56:42,3,0,3,3
2022-06-30T09:07:21,3,0,3,3
2022-06-30T09:18:00,3,0,3,3
2022-06-30T09:28:40,3,0,3,3
2022-06-30T09:39:31,3,0,3,3
2022-06-30T09:50:08,3,0,3,3
2022-06-30T10:00:47,3,0,3,3
2022-06-30T10:11:26,3,0,3,3
2022-06-30T10:22:02,3,0,3,3
2022-06-30T10:32:37,3,0,3,3
2022-06-30T10:43:11,3,0,3,3
2022-06-30T10:53:42,3,0,3,3
2022-06-30T11:04:25,3,0,3,3
2022-06-30T11:14:55,3,0,3,3
2022-06-30T11:25:26,3,0,3,3
2022-06-30T11:35:56,3,0,3,3
2022-06-30T11:46:26,3,0,3,3
2022-06-30T11:56:56,3,0,3,3
2022-06-30T12:07:27,3,0,3,3
2022-06-30T12:17:58,3,0,3,3
2022-06-30T12:28:40,3,0,3,3
2022-06-30T12:39:11,3,0,3,3
2022-06-30T12:49:41,3,0,3,3
2022-06-30T13:00:12,3,0,3,3
2022-06-30T13:10:43,3,0,3,3
2022-06-30T13:21:14,3,0,3,3
2022-06-30T13:31:45,3,0,3,3
2022-06-30T13:42:16,3,0,3,3
2022-06-30T13:52:57,3,0,3,3
2022-06-30T14:03:29,3,0,3,3
2022-06-30T14:14:01,3,0,3,3
2022-06-30T14:24:32,3,0,3,3
2022-06-30T14:35:03,3,0,3,3
2022-06-30T14:45:34,3,0,3,3
2022-06-30T14:56:05,3,0,3,3
2022-06-30T15:06:37,3,0,3,3
2022-06-30T15:17:08,3,0,3,3
2022-06-30T15:27:49,3,0,3,3
2022-06-30T15:38:20,3,0,3,3
2022-06-30T15:48:51,3,0,3,3
2022-06-30T15:59:21,3,0,3,3
2022-06-30T16:09:52,3,0,3,3
2022-06-30T16:20:22,3,0,3,3
2022-06-30T16:30:53,3,0,3,3
2022-06-30T16:41:23,3,0,3,3
2022-06-30T16:52:04,3,0,3,3
2022-06-30T17:02:34,3,0,3,3
2022-06-30T17:13:05,3,0,3,3
2022-06-30T17:23:34,3,0,3,3
2022-06-30T17:34:04,3,0,3,3
2022-06-30T17:44:33,3,0,3,3
2022-06-30T17:55:04,3,0,3,3
2022-06-30T18:05:33,3,0,3,3
2022-06-30T18:16:03,3,0,3,3
2022-06-30T18:26:33,3,0,3,3
2022-06-30T18:37:14,3,0,3,3
2022-06-30T18:47:43,3,0,3,3
2022-06-30T18:58:13,3,0,3,3
2022-06-30T19:08:42,3,0,3,3
2022-06-30T19:19:11,3,0,3,3
2022-06-30T19:29:41,3,0,3,3
2022-06-30T19:40:10,3,0,3,3
2022-06-30T19:50:39,3,0,3,3
2022-06-30T20:01:09,3,0,3,3
2022-06-30T20:11:38,3,0,3,3
2022-06-30T20:22:07,3,0,3,3
2022-06-30T20:32:37,3,0,3,3
2022-06-30T20:43:07,3,0,3,3
2022-06-30T20:53:37,3,0,3,3
2022-06-30T21:04:19,3,0,3,3
2022-06-30T21:14:48,3,0,3,3
2022-06-30T21:25:17,3,0,3,3
2022-06-30T21:35:47,3,0,3,3
2022-06-30T21:46:16,3,0,3,3
2022-06-30T21:56:45,3,0,3,3
2022-06-30T22:07:15,3,0,3,3
2022-06-30T22:17:44,3,0,3,3
2022-06-30T22:28:13,3,0,3,3
2022-06-30T22:38:43,3,0,3,3
2022-06-30T22:49:12,3,0,3,3
2022-06-30T22:59:52,3,0,3,3
2022-06-30T23:10:22,3,0,3,3
2022-06-30T23:20:52,3,0,3,3
2022-06-30T23:31:21,3,0,3,3
2022-06-30T23:41:51,3,0,3,3
2022-06-30T23:52:20,3,0,3,3
2022-07-01T00:02:50,3,0,3,3
2022-07-01T00:13:25,3,0,3,3
2022-07-01T00:24:00,3,0,3,3
2022-07-01T00:34:31,3,0,3,3
2022-07-01T00:45:14,3,0,3,3
2022-07-01T00:55:46,3,0,3,3
2022-07-01T01:06:18,3,0,3,3
2022-07-01T01:16:50,3,0,3,3
2022-07-01T01:27:22,3,0,3,3
2022-07-01T01:37:55,3,0,3,3
2022-07-01T01:48:26,3,0,3,3
2022-07-01T01:58:59,3,0,3,3
2022-07-01T02:09:32,3,0,3,3
2022-07-01T02:20:03,3,0,3,3
2022-07-01T02:30:45,3,0,3,3
2022-07-01T02:41:15,3,0,3,3
2022-07-01T02:51:45,3,0,3,3
2022-07-01T03:02:15,3,0,3,3
2022-07-01T03:12:44,3,0,3,3
2022-07-01T03:23:14,3,0,3,3
2022-07-01T03:33:44,3,0,3,3
2022-07-01T03:44:15,3,0,3,3
2022-07-01T03:54:47,3,0,3,3
2022-07-01T04:05:18,3,0,3,3
2022-07-01T04:20:55,3,0,3,3
2022-07-01T04:32:53,3,0,3,3
2022-07-01T04:43:27,3,0,3,3
2022-07-01T04:54:01,3,0,3,3
2022-07-01T05:04:34,3,0,3,3
2022-07-01T05:15:06,3,0,3,3
2022-07-01T05:25:38,3,0,3,3
2022-07-01T05:36:10,3,0,3,3
2022-07-01T05:46:42,3,0,3,3
2022-07-01T05:57:12,3,0,3,3
2022-07-01T06:07:44,3,0,3,3
2022-07-01T06:18:13,3,0,3,3
2022-07-01T06:28:42,3,0,3,3
2022-07-01T06:39:12,3,0,3,3
2022-07-01T06:49:41,3,0,3,3
2022-07-01T07:00:11,3,0,3,3
2022-07-01T07:10:41,3,0,3,3
2022-07-01T07:21:11,3,0,3,3
2022-07-01T07:31:41,3,0,3,3
2022-07-01T07:42:11,3,0,3,3
2022-07-01T07:52:40,3,0,3,3
2022-07-01T08:03:20,3,0,3,3
2022-07-01T08:13:50,3,0,3,3
2022-07-01T08:24:21,3,0,3,3
2022-07-01T08:34:52,3,0,3,3
2022-07-01T08:45:22,3,0,3,3
2022-07-01T08:55:53,3,0,3,3
2022-07-01T09:06:24,3,0,3,3
2022-07-01T09:16:54,3,0,3,3
2022-07-01T09:27:26,3,0,3,3
2022-07-01T09:37:58,3,0,3,3
2022-07-01T09:48:28,3,0,3,3
2022-07-01T09:58:59,3,0,3,3
2022-07-01T10:09:31,3,0,3,3
2022-07-01T10:20:12,3,0,3,3
2022-07-01T10:30:43,3,0,3,3
2022-07-01T10:41:14,3,0,3,3
2022-07-01T10:51:44,3,0,3,3
2022-07-01T11:02:15,3,0,3,3
2022-07-01T11:12:47,3,0,3,3
2022-07-01T11:23:19,3,0,3,3
2022-07-01T11:33:49,3,0,3,3
2022-07-01T11:44:20,3,0,3,3
2022-07-01T11:54:51,3,0,3,3
2022-07-01T12:05:22,3,0,3,3
2022-07-01T12:16:04,3,0,3,3
2022-07-01T12:26:34,3,0,3,3
2022-07-01T12:37:05,3,0,3,3
2022-07-01T12:47:35,3,0,3,3
2022-07-01T12:58:05,3,0,3,3
2022-07-01T13:08:36,3,0,3,3
2022-07-01T13:19:06,3,0,3,3
2022-07-01T13:29:37,3,0,3,3
2022-07-01T13:40:08,3,0,3,3
2022-07-01T13:50:50,3,0,3,3
2022-07-01T14:01:21,3,0,3,3
2022-07-01T14:11:52,3,0,3,3
2022-07-01T14:22:22,3,0,3,3
2022-07-01T14:32:54,3,0,3,3
2022-07-01T14:43:25,3,0,3,3
2022-07-01T14:53:55,3,0,3,3
2022-07-01T15:04:27,3,0,3,3
2022-07-01T15:14:58,3,0,3,3
2022-07-01T15:25:28,3,0,3,3
2022-07-01T15:35:58,3,0,3,3
2022-07-01T15:46:40,3,0,3,3
2022-07-01T15:57:11,3,0,3,3
2022-07-01T16:07:42,3,0,3,3
2022-07-01T16:18:12,3,0,3,3
2022-07-01T16:28:41,3,0,3,3
2022-07-01T16:39:11,3,0,3,3
2022-07-01T16:49:41,3,0,3,3
2022-07-01T17:00:10,3,0,3,3
2022-07-01T17:10:41,3,0,3,3
2022-07-01T17:21:11,3,0,3,3
2022-07-01T17:31:40,3,0,3,3
2022-07-01T17:42:10,3,0,3,3
2022-07-01T17:52:50,3,0,3,3
2022-07-01T18:03:19,3,0,3,3
2022-07-01T18:13:49,3,0,3,3
2022-07-01T18:24:18,3,0,3,3
2022-07-01T18:34:47,3,0,3,3
2022-07-01T18:45:17,3,0,3,3
2022-07-01T18:55:46,3,0,3,3
2022-07-01T19:06:15,3,0,3,3
2022-07-01T19:16:44,3,0,3,3
2022-07-01T19:27:14,3,0,3,3
2022-07-01T19:37:43,3,0,3,3
2022-07-01T19:48:15,3,0,3,3
2022-07-01T19:58:44,3,0,3,3
2022-07-01T20:09:24,3,0,3,3
2022-07-01T20:19:53,3,0,3,3
2022-07-01T20:30:22,3,0,3,3
2022-07-01T20:40:51,3,0,3,3
2022-07-01T20:51:19,3,0,3,3
2022-07-01T21:01:49,3,0,3,3
2022-07-01T21:12:18,3,0,3,3
2022-07-01T21:22:47,3,0,3,3
2022-07-01T21:33:15,3,0,3,3
2022-07-01T21:43:45,3,0,3,3
2022-07-01T21:54:14,3,0,3,3
2022-07-01T22:04:54,3,0,3,3
2022-07-01T22:15:23,3,0,3,3
2022-07-01T22:25:52,3,0,3,3
2022-07-01T22:36:22,3,0,3,3
2022-07-01T22:46:51,3,0,3,3
2022-07-01T22:57:20,3,0,3,3
2022-07-01T23:07:51,3,0,3,3
2022-07-01T23:18:21,3,0,3,3
2022-07-01T23:28:51,3,0,3,3
2022-07-01T23:39:20,3,0,3,3
2022-07-01T23:49:49,3,0,3,3
2022-07-02T00:00:18,3,0,3,3
2022-07-02T00:10:49,3,0,3,3
2022-07-02T00:21:32,3,0,3,3
2022-07-02T00:32:02,3,0,3,3
2022-07-02T00:42:34,3,0,3,3
2022-07-02T00:53:07,3,0,3,3
2022-07-02T01:03:41,3,0,3,3
2022-07-02T01:14:13,3,0,3,3
2022-07-02T01:24:45,3,0,3,3
2022-07-02T01:35:17,3,0,3,3
2022-07-02T01:53:49,3,0,3,3
2022-07-02T02:14:03,3,0,3,3
2022-07-02T02:26:22,3,0,3,3
2022-07-02T02:36:53,3,0,3,3
2022-07-02T02:47:23,3,0,3,3
2022-07-02T02:57:53,3,0,3,3
2022-07-02T03:08:23,3,0,3,3
2022-07-02T03:18:51,3,0,3,3
2022-07-02T03:29:20,3,0,3,3
2022-07-02T03:40:01,3,0,3,3
2022-07-02T03:50:31,3,0,3,3
2022-07-02T04:01:02,3,0,3,3
2022-07-02T04:11:33,3,0,3,3
2022-07-02T04:27:58,3,0,3,3
2022-07-02T04:38:47,3,0,3,3
2022-07-02T04:49:20,3,0,3,3
2022-07-02T04:59:51,3,0,3,3
2022-07-02T05:10:21,3,0,3,3
2022-07-02T05:20:54,3,0,3,3
2022-07-02T05:31:26,3,0,3,3
2022-07-02T05:41:56,3,0,3,3
2022-07-02T05:52:27,3,0,3,3
2022-07-02T06:02:57,3,0,3,3
2022-07-02T06:13:28,3,0,3,3
2022-07-02T06:23:58,3,0,3,3
2022-07-02T06:34:29,3,0,3,3
2022-07-02T06:44:59,3,0,3,3
2022-07-02T06:55:30,3,0,3,3
2022-07-02T07:06:00,3,0,3,3
2022-07-02T07:16:33,3,0,3,3
2022-07-02T07:27:04,3,0,3,3
2022-07-02T07:37:36,3,0,3,3
2022-07-02T07:48:16,3,0,3,3
2022-07-02T07:58:47,3,0,3,3
2022-07-02T08:09:18,3,0,3,3
2022-07-02T08:19:49,3,0,3,3
2022-07-02T08:30:19,3,0,3,3
2022-07-02T08:40:50,3,0,3,3
2022-07-02T08:51:20,3,0,3,3
2022-07-02T09:01:50,3,0,3,3
2022-07-02T09:12:20,3,0,3,3
2022-07-02T09:22:49,3,0,3,3
2022-07-02T09:33:24,3,0,3,3
2022-07-02T09:43:56,3,0,3,3
2022-07-02T09:54:38,3,0,3,3
2022-07-02T10:05:08,3,0,3,3
2022-07-02T10:15:39,3,0,3,3
2022-07-02T10:26:09,3,0,3,3
2022-07-02T10:36:39,3,0,3,3
2022-07-02T10:47:09,3,0,3,3
2022-07-02T10:57:38,3,0,3,3
2022-07-02T11:08:08,3,0,3,3
2022-07-02T11:18:39,3,0,3,3
2022-07-02T11:29:21,3,0,3,3
2022-07-02T11:39:53,3,0,3,3
2022-07-02T11:50:23,3,0,3,3
2022-07-02T12:00:54,3,0,3,3
2022-07-02T12:11:24,3,0,3,3
2022-07-02T12:21:56,3,0,3,3
2022-07-02T12:32:26,3,0,3,3
2022-07-02T12:42:57,3,0,3,3
2022-07-02T12:53:28,3,0,3,3
2022-07-02T13:03:58,3,0,3,3
2022-07-02T13:14:29,3,0,3,3
2022-07-02T13:24:59,3,0,3,3
2022-07-02T13:35:29,3,0,3,3
2022-07-02T13:45:59,3,0,3,3
2022-07-02T13:56:30,3,0,3,3
2022-07-02T14:07:01,3,0,3,3
2022-07-02T14:17:31,3,0,3,3
2022-07-02T14:28:12,3,0,3,3
2022-07-02T14:38:42,3,0,3,3
2022-07-02T14:49:10,3,0,3,3
2022-07-02T14:59:39,3,0,3,3
2022-07-02T15:10:08,3,0,3,3
2022-07-02T15:20:36,3,0,3,3
2022-07-02T15:31:05,3,0,3,3
2022-07-02T15:41:34,3,0,3,3
2022-07-02T15:52:03,3,0,3,3
2022-07-02T16:02:32,3,0,3,3
2022-07-02T16:13:11,3,0,3,3
2022-07-02T16:23:40,3,0,3,3
2022-07-02T16:34:09,3,0,3,3
2022-07-02T16:44:38,3,0,3,3
2022-07-02T16:55:06,3,0,3,3
2022-07-02T17:05:36,3,0,3,3
2022-07-02T17:16:05,3,0,3,3
2022-07-02T17:26:34,3,0,3,3
2022-07-02T17:37:03,3,0,3,3
2022-07-02T17:47:32,3,0,3,3
2022-07-02T17:58:02,3,0,3,3
2022-07-02T18:08:31,3,0,3,3
2022-07-02T18:19:00,3,0,3,3
2022-07-02T18:29:29,3,0,3,3
2022-07-02T18:39:58,3,0,3,3
2022-07-02T18:50:27,3,0,3,3
2022-07-02T19:01:06,3,0,3,3
2022-07-02T19:11:35,3,0,3,3
2022-07-02T19:22:05,3,0,3,3
2022-07-02T19:32:34,3,0,3,3
2022-07-02T19:43:05,3,0,3,3
2022-07-02T19:53:35,3,0,3,3
2022-07-02T20:04:05,3,0,3,3
2022-07-02T20:14:36,3,0,3,3
2022-07-02T20:25:07,3,0,3,3
2022-07-02T20:35:37,3,0,3,3
2022-07-02T20:46:08,3,0,3,3
2022-07-02T20:56:38,3,0,3,3
2022-07-02T21:07:09,3,0,3,3
2022-07-02T21:17:39,3,0,3,3
2022-07-02T21:28:09,3,0,3,3
2022-07-02T21:38:40,3,0,3,3
2022-07-02T21:49:19,3,0,3,3
2022-07-02T21:59:48,3,0,3,3
2022-07-02T22:10:17,3,0,3,3
2022-07-02T22:20:46,3,0,3,3
2022-07-02T22:31:16,3,0,3,3
2022-07-02T22:41:45,3,0,3,3
2022-07-02T22:52:15,3,0,3,3
2022-07-02T23:02:44,3,0,3,3
2022-07-02T23:13:15,3,0,3,3
2022-07-02T23:23:44,3,0,3,3
2022-07-02T23:34:14,3,0,3,3
2022-07-02T23:44:45,3,0,3,3
2022-07-02T23:55:14,3,0,3,3
2022-07-03T00:05:43,3,0,3,3
2022-07-03T00:16:14,3,0,3,3
2022-07-03T00:26:45,3,0,3,3
2022-07-03T00:37:16,3,0,3,3
2022-07-03T00:47:47,3,0,3,3
2022-07-03T00:58:18,3,0,3,3
2022-07-03T01:08:58,3,0,3,3
2022-07-03T01:19:29,3,0,3,3
2022-07-03T01:29:59,3,0,3,3
2022-07-03T01:40:30,3,0,3,3
2022-07-03T01:51:00,3,0,3,3
2022-07-03T02:01:32,3,0,3,3
2022-07-03T02:12:03,3,0,3,3
2022-07-03T02:22:33,3,0,3,3
2022-07-03T02:33:04,3,0,3,3
2022-07-03T02:43:35,3,0,3,3
2022-07-03T02:54:07,3,0,3,3
2022-07-03T03:04:39,3,0,3,3
2022-07-03T03:15:18,3,0,3,3
2022-07-03T03:25:49,3,0,3,3
2022-07-03T03:36:20,3,0,3,3
2022-07-03T03:46:51,3,0,3,3
2022-07-03T03:57:21,3,0,3,3
2022-07-03T04:07:53,3,0,3,3
2022-07-03T04:28:42,3,0,3,3
2022-07-03T04:39:34,3,0,3,3
2022-07-03T04:50:08,3,0,3,3
2022-07-03T05:00:40,3,0,3,3
2022-07-03T05:11:12,3,0,3,3
2022-07-03T05:21:43,3,0,3,3
2022-07-03T05:32:14,3,0,3,3
2022-07-03T05:42:43,3,0,3,3
2022-07-03T05:53:12,3,0,3,3
2022-07-03T06:03:43,3,0,3,3
2022-07-03T06:14:13,3,0,3,3
2022-07-03T06:24:44,3,0,3,3
2022-07-03T06:35:13,3,0,3,3
2022-07-03T06:45:43,3,0,3,3
2022-07-03T06:56:12,3,0,3,3
2022-07-03T07:06:41,3,0,3,3
2022-07-03T07:17:11,3,0,3,3
2022-07-03T07:27:40,3,0,3,3
2022-07-03T07:38:12,3,0,3,3
2022-07-03T07:48:41,3,0,3,3
2022-07-03T07:59:11,3,0,3,3
2022-07-03T08:09:40,3,0,3,3
2022-07-03T08:20:10,3,0,3,3
2022-07-03T08:30:40,3,0,3,3
2022-07-03T08:41:10,3,0,3,3
2022-07-03T08:51:39,3,0,3,3
2022-07-03T09:02:08,3,0,3,3
2022-07-03T09:12:46,3,0,3,3
2022-07-03T09:23:15,3,0,3,3
2022-07-03T09:33:44,3,0,3,3
2022-07-03T09:44:14,3,0,3,3
2022-07-03T09:54:43,3,0,3,3
2022-07-03T10:05:12,3,0,3,3
2022-07-03T10:15:41,3,0,3,3
2022-07-03T10:26:11,3,0,3,3
2022-07-03T10:36:40,3,0,3,3
2022-07-03T10:47:09,3,0,3,3
2022-07-03T10:57:38,3,0,3,3
2022-07-03T11:08:07,3,0,3,3
2022-07-03T11:18:36,3,0,3,3
2022-07-03T11:29:05,3,0,3,3
2022-07-03T11:39:35,3,0,3,3
2022-07-03T11:50:05,3,0,3,3
2022-07-03T12:00:35,3,0,3,3
2022-07-03T12:11:16,3,0,3,3
2022-07-03T12:21:45,3,0,3,3
2022-07-03T12:32:15,3,0,3,3
2022-07-03T12:42:45,3,0,3,3
2022-07-03T12:53:15,3,0,3,3
2022-07-03T13:03:44,3,0,3,3
2022-07-03T13:14:19,3,0,3,3
2022-07-03T13:24:49,3,0,3,3
2022-07-03T13:35:19,3,0,3,3
2022-07-03T13:45:49,3,0,3,3
2022-07-03T13:56:18,3,0,3,3
2022-07-03T14:06:48,3,0,3,3
2022-07-03T14:17:26,3,0,3,3
2022-07-03T14:27:56,3,0,3,3
2022-07-03T14:38:25,3,0,3,3
2022-07-03T14:48:54,3,0,3,3
2022-07-03T14:59:23,3,0,3,3
2022-07-03T15:09:53,3,0,3,3
2022-07-03T15:20:22,3,0,3,3
2022-07-03T15:30:52,3,0,3,3
2022-07-03T15:41:20,3,0,3,3
2022-07-03T15:51:49,3,0,3,3
2022-07-03T16:02:19,3,0,3,3
2022-07-03T16:12:48,3,0,3,3
2022-07-03T16:23:17,3,0,3,3
2022-07-03T16:33:55,3,0,3,3
2022-07-03T16:44:24,3,0,3,3
2022-07-03T16:54:53,3,0,3,3
2022-07-03T17:05:22,3,0,3,3
2022-07-03T17:18:04,3,0,3,3
2022-07-03T17:28:33,3,0,3,3
2022-07-03T17:39:02,3,0,3,3
2022-07-03T17:49:31,3,0,3,3
2022-07-03T18:00:00,3,0,3,3
2022-07-03T18:10:29,3,0,3,3
2022-07-03T18:20:58,3,0,3,3
2022-07-03T18:31:27,3,0,3,3
2022-07-03T18:41:56,3,0,3,3
2022-07-03T18:52:25,3,0,3,3
2022-07-03T19:03:03,3,0,3,3
2022-07-03T19:13:34,3,0,3,3
2022-07-03T19:24:04,3,0,3,3
2022-07-03T19:34:34,3,0,3,3
2022-07-03T19:45:06,3,0,3,3
2022-07-03T19:55:44,3,0,3,3
2022-07-03T20:06:13,3,0,3,3
2022-07-03T20:16:42,3,0,3,3
2022-07-03T20:27:10,3,0,3,3
2022-07-03T20:37:39,3,0,3,3
2022-07-03T20:48:08,3,0,3,3
2022-07-03T20:58:36,3,0,3,3
2022-07-03T21:09:06,3,0,3,3
2022-07-03T21:19:34,3,0,3,3
2022-07-03T21:30:03,3,0,3,3
2022-07-03T21:40:33,3,0,3,3
2022-07-03T21:51:03,3,0,3,3
2022-07-03T22:01:42,3,0,3,3
2022-07-03T22:12:11,3,0,3,3
2022-07-03T22:22:40,3,0,3,3
2022-07-03T22:33:09,3,0,3,3
2022-07-03T22:43:39,3,0,3,3
2022-07-03T22:54:08,3,0,3,3
2022-07-03T23:04:38,3,0,3,3
2022-07-03T23:15:07,3,0,3,3
2022-07-03T23:25:38,3,0,3,3
2022-07-03T23:36:08,3,0,3,3
2022-07-03T23:46:37,3,0,3,3
2022-07-03T23:57:07,3,0,3,3
2022-07-04T00:07:36,3,0,3,3
2022-07-04T00:18:13,3,0,3,3
2022-07-04T00:28:45,3,0,3,3
2022-07-04T00:39:27,3,0,3,3
2022-07-04T00:49:56,3,0,3,3
2022-07-04T01:00:26,3,0,3,3
2022-07-04T01:11:00,3,0,3,3
2022-07-04T01:21:32,3,0,3,3
2022-07-04T01:32:05,3,0,3,3
2022-07-04T01:42:36,3,0,3,3
2022-07-04T01:53:05,3,0,3,3
2022-07-04T02:03:37,3,0,3,3
2022-07-04T02:14:09,3,0,3,3
2022-07-04T02:24:39,3,0,3,3
2022-07-04T02:35:10,3,0,3,3
2022-07-04T02:45:41,3,0,3,3
2022-07-04T02:56:18,3,0,3,3
2022-07-04T03:06:48,3,0,3,3
2022-07-04T03:17:17,3,0,3,3
2022-07-04T03:27:49,3,0,3,3
2022-07-04T03:38:21,3,0,3,3
2022-07-04T03:48:53,3,0,3,3
2022-07-04T03:59:24,3,0,3,3
2022-07-04T04:09:55,3,0,3,3
2022-07-04T04:37:09,3,0,3,3
2022-07-04T04:47:41,3,0,3,3
2022-07-04T04:58:12,3,0,3,3
2022-07-04T05:08:47,3,0,3,3
2022-07-04T05:19:20,3,0,3,3
2022-07-04T05:29:51,3,0,3,3
2022-07-04T05:40:23,3,0,3,3
2022-07-04T05:50:53,3,0,3,3
2022-07-04T06:01:26,3,0,3,3
2022-07-04T06:11:56,3,0,3,3
2022-07-04T06:22:26,3,0,3,3
2022-07-04T06:32:57,3,0,3,3
2022-07-04T06:43:27,3,0,3,3
2022-07-04T06:53:58,3,0,3,3
2022-07-04T07:04:36,3,0,3,3
2022-07-04T07:15:05,3,0,3,3
2022-07-04T07:25:34,3,0,3,3
2022-07-04T07:36:03,3,0,3,3
2022-07-04T07:46:32,3,0,3,3
2022-07-04T07:57:01,3,0,3,3
2022-07-04T08:07:30,3,0,3,3
2022-07-04T08:17:59,3,0,3,3
2022-07-04T08:28:29,3,0,3,3
2022-07-04T08:38:58,3,0,3,3
2022-07-04T08:49:27,3,0,3,3
2022-07-04T09:00:15,3,0,3,3
2022-07-04T09:10:44,3,0,3,3
2022-07-04T09:21:13,3,0,3,3
2022-07-04T09:31:42,3,0,3,3
2022-07-04T09:42:11,3,0,3,3
2022-07-04T09:52:40,3,0,3,3
2022-07-04T10:03:09,3,0,3,3
2022-07-04T10:13:38,3,0,3,3
2022-07-04T10:24:07,3,0,3,3
2022-07-04T10:34:36,3,0,3,3
2022-07-04T10:45:17,3,0,3,3
2022-07-04T10:55:46,3,0,3,3
2022-07-04T11:06:15,3,0,3,3
2022-07-04T11:16:43,3,0,3,3
2022-07-04T11:27:12,3,0,3,3
2022-07-04T11:37:41,3,0,3,3
2022-07-04T11:48:09,3,0,3,3
2022-07-04T11:58:38,3,0,3,3
2022-07-04T12:09:07,3,0,3,3
2022-07-04T12:19:36,3,0,3,3
2022-07-04T12:30:05,3,0,3,3
2022-07-04T12:40:34,3,0,3,3
2022-07-04T12:51:03,3,0,3,3
2022-07-04T13:01:32,3,0,3,3
2022-07-04T13:12:10,3,0,3,3
2022-07-04T13:22:39,3,0,3,3
2022-07-04T13:33:09,3,0,3,3
2022-07-04T13:43:38,3,0,3,3
2022-07-04T13:54:06,3,0,3,3
2022-07-04T14:04:35,3,0,3,3
2022-07-04T14:15:03,3,0,3,3
2022-07-04T14:25:33,3,0,3,3
2022-07-04T14:36:02,3,0,3,3
2022-07-04T14:46:31,3,0,3,3
2022-07-04T14:57:00,3,0,3,3
2022-07-04T15:07:28,3,0,3,3
2022-07-04T15:18:09,3,0,3,3
2022-07-04T15:28:38,3,0,3,3
2022-07-04T15:39:07,3,0,3,3
2022-07-04T15:49:37,3,0,3,3
2022-07-04T16:00:08,3,0,3,3
2022-07-04T16:10:36,3,0,3,3
2022-07-04T16:21:05,3,0,3,3
2022-07-04T16:31:34,3,0,3,3
2022-07-04T16:42:03,3,0,3,3
2022-07-04T16:52:33,3,0,3,3
2022-07-04T17:03:01,3,0,3,3
2022-07-04T17:13:31,3,0,3,3
2022-07-04T17:24:00,3,0,3,3
2022-07-04T17:34:29,3,0,3,3
2022-07-04T17:44:57,3,0,3,3
2022-07-04T17:55:36,3,0,3,3
2022-07-04T18:06:04,3,0,3,3
2022-07-04T18:16:33,3,0,3,3
2022-07-04T18:27:01,3,0,3,3
2022-07-04T18:37:29,3,0,3,3
2022-07-04T18:47:58,3,0,3,3
2022-07-04T18:58:27,3,0,3,3
2022-07-04T19:08:56,3,0,3,3
2022-07-04T19:19:25,3,0,3,3
2022-07-04T19:29:54,3,0,3,3
2022-07-04T19:40:23,3,0,3,3
2022-07-04T19:50:51,3,0,3,3
2022-07-04T20:01:20,3,0,3,3
2022-07-04T20:11:48,3,0,3,3
2022-07-04T20:22:17,3,0,3,3
2022-07-04T20:32:45,3,0,3,3
2022-07-04T20:43:14,3,0,3,3
2022-07-04T20:53:52,3,0,3,3
2022-07-04T21:04:22,3,0,3,3
2022-07-04T21:14:50,3,0,3,3
2022-07-04T21:25:19,3,0,3,3
2022-07-04T21:35:47,3,0,3,3
2022-07-04T21:46:15,3,0,3,3
2022-07-04T21:56:45,3,0,3,3
2022-07-04T22:07:14,3,0,3,3
2022-07-04T22:17:42,3,0,3,3
2022-07-04T22:28:12,3,0,3,3
2022-07-04T22:38:40,3,0,3,3
2022-07-04T22:49:09,3,0,3,3
2022-07-04T22:59:49,3,0,3,3
2022-07-04T23:10:19,3,0,3,3
2022-07-04T23:20:48,3,0,3,3
2022-07-04T23:31:18,3,0,3,3
2022-07-04T23:41:47,3,0,3,3
2022-07-04T23:52:17,3,0,3,3
2022-07-05T00:02:48,3,0,3,3
2022-07-05T00:13:19,3,0,3,3
2022-07-05T00:23:50,3,0,3,3
2022-07-05T00:34:19,3,0,3,3
2022-07-05T00:44:50,3,0,3,3
2022-07-05T00:55:20,3,0,3,3
2022-07-05T01:06:00,3,0,3,3
2022-07-05T01:16:31,3,0,3,3
2022-07-05T01:27:02,3,0,3,3
2022-07-05T01:37:32,3,0,3,3
2022-07-05T01:48:01,3,0,3,3
2022-07-05T01:58:32,3,0,3,3
2022-07-05T02:09:13,3,0,3,3
2022-07-05T02:19:44,3,0,3,3
2022-07-05T02:30:15,3,0,3,3
2022-07-05T02:40:45,3,0,3,3
2022-07-05T02:51:15,3,0,3,3
2022-07-05T03:01:45,3,0,3,3
2022-07-05T03:12:26,3,0,3,3
2022-07-05T03:22:56,3,0,3,3
2022-07-05T03:33:27,3,0,3,3
2022-07-05T03:44:07,3,0,3,3
2022-07-05T03:54:45,3,0,3,3
2022-07-05T04:07:16,3,0,3,3
2022-07-05T04:31:36,3,0,3,3
2022-07-05T04:42:13,3,0,3,3
2022-07-05T04:52:49,3,0,3,3
2022-07-05T05:03:26,3,0,3,3
2022-07-05T05:14:00,3,0,3,3
2022-07-05T05:24:34,3,0,3,3
2022-07-05T05:35:06,3,0,3,3
2022-07-05T05:45:40,3,0,3,3
2022-07-05T05:56:11,3,0,3,3
2022-07-05T06:06:41,3,0,3,3
2022-07-05T06:17:12,3,0,3,3
2022-07-05T06:27:43,3,0,3,3
2022-07-05T06:38:12,3,0,3,3
2022-07-05T06:48:41,3,0,3,3
2022-07-05T06:59:10,3,0,3,3
2022-07-05T07:09:40,3,0,3,3
2022-07-05T07:20:09,3,0,3,3
2022-07-05T07:30:39,3,0,3,3
2022-07-05T07:41:08,3,0,3,3
2022-07-05T07:51:38,3,0,3,3
2022-07-05T08:02:08,3,0,3,3
2022-07-05T08:12:38,3,0,3,3
2022-07-05T08:23:08,3,0,3,3
2022-07-05T08:33:39,3,0,3,3
2022-07-05T08:44:20,3,0,3,3
2022-07-05T08:54:51,3,0,3,3
2022-07-05T09:05:22,3,0,3,3
2022-07-05T09:15:53,3,0,3,3
2022-07-05T09:26:24,3,0,3,3
2022-07-05T09:36:56,3,0,3,3
2022-07-05T09:47:26,3,0,3,3
2022-07-05T09:57:57,3,0,3,3
2022-07-05T10:08:28,3,0,3,3
2022-07-05T10:19:00,3,0,3,3
2022-07-05T10:29:31,3,0,3,3
2022-07-05T10:40:02,3,0,3,3
2022-07-05T10:50:33,3,0,3,3
2022-07-05T11:01:04,3,0,3,3
2022-07-05T11:11:34,3,0,3,3
2022-07-05T11:22:06,3,0,3,3
2022-07-05T11:32:47,3,0,3,3
2022-07-05T11:43:18,3,0,3,3
2022-07-05T11:53:48,3,0,3,3
2022-07-05T12:04:19,3,0,3,3
2022-07-05T12:14:50,3,0,3,3
2022-07-05T12:25:20,3,0,3,3
2022-07-05T12:35:51,3,0,3,3
2022-07-05T12:46:22,3,0,3,3
2022-07-05T12:56:52,3,0,3,3
2022-07-05T13:07:23,3,0,3,3
2022-07-05T13:17:54,3,0,3,3
2022-07-05T13:28:35,3,0,3,3
2022-07-05T13:39:06,3,0,3,3
2022-07-05T13:49:39,3,0,3,3
2022-07-05T14:00:10,3,0,3,3
2022-07-05T14:10:41,3,0,3,3
2022-07-05T14:21:12,3,0,3,3
2022-07-05T14:31:43,3,0,3,3
2022-07-05T14:42:14,3,0,3,3
2022-07-05T14:52:55,3,0,3,3
2022-07-05T15:03:26,3,0,3,3
2022-07-05T15:13:57,3,0,3,3
2022-07-05T15:24:28,3,0,3,3
2022-07-05T15:34:59,3,0,3,3
2022-07-05T15:45:30,3,0,3,3
2022-07-05T15:56:02,3,0,3,3
2022-07-05T16:06:33,3,0,3,3
2022-07-05T16:17:04,3,0,3,3
2022-07-05T16:27:35,3,0,3,3
2022-07-05T16:38:06,3,0,3,3
2022-07-05T16:48:37,3,0,3,3
2022-07-05T16:59:17,3,0,3,3
2022-07-05T17:09:48,3,0,3,3
2022-07-05T17:20:19,3,0,3,3
2022-07-05T17:30:49,3,0,3,3
2022-07-05T17:41:19,3,0,3,3
2022-07-05T17:51:51,3,0,3,3
2022-07-05T18:02:22,3,0,3,3
2022-07-05T18:12:51,3,0,3,3
2022-07-05T18:23:22,3,0,3,3
2022-07-05T18:33:52,3,0,3,3
2022-07-05T18:44:24,3,0,3,3
2022-07-05T18:55:04,3,0,3,3
2022-07-05T19:05:34,3,0,3,3
2022-07-05T19:16:05,3,0,3,3
2022-07-05T19:26:35,3,0,3,3
2022-07-05T19:37:05,3,0,3,3
2022-07-05T19:47:36,3,0,3,3
2022-07-05T19:58:05,3,0,3,3
2022-07-05T20:08:36,3,0,3,3
2022-07-05T20:19:06,3,0,3,3
2022-07-05T20:29:36,3,0,3,3
2022-07-05T20:40:06,3,0,3,3
2022-07-05T20:50:35,3,0,3,3
2022-07-05T21:01:05,3,0,3,3
2022-07-05T21:11:35,3,0,3,3
2022-07-05T21:22:04,3,0,3,3
2022-07-05T21:32:34,3,0,3,3
2022-07-05T21:43:03,3,0,3,3
2022-07-05T21:53:34,3,0,3,3
2022-07-05T22:04:14,3,0,3,3
2022-07-05T22:14:44,3,0,3,3
2022-07-05T22:25:14,3,0,3,3
2022-07-05T22:35:44,3,0,3,3
2022-07-05T22:46:14,3,0,3,3
2022-07-05T22:56:44,3,0,3,3
2022-07-05T23:07:14,3,0,3,3
2022-07-05T23:17:44,3,0,3,3
2022-07-05T23:28:15,3,0,3,3
2022-07-05T23:38:45,3,0,3,3
2022-07-05T23:49:15,3,0,3,3
2022-07-05T23:59:45,3,0,3,3
2022-07-06T00:10:16,3,0,3,3
2022-07-06T00:20:48,3,0,3,3
2022-07-06T00:31:20,3,0,3,3
2022-07-06T00:41:52,3,0,3,3
2022-07-06T00:52:25,3,0,3,3
2022-07-06T01:02:57,3,0,3,3
2022-07-06T01:13:30,3,0,3,3
2022-07-06T01:24:12,3,0,3,3
2022-07-06T01:34:44,3,0,3,3
2022-07-06T01:45:15,3,0,3,3
2022-07-06T01:55:47,3,0,3,3
2022-07-06T02:06:17,3,0,3,3
2022-07-06T02:16:48,3,0,3,3
2022-07-06T02:27:18,3,0,3,3
2022-07-06T02:37:50,3,0,3,3
2022-07-06T02:48:40,3,0,3,3
2022-07-06T02:59:12,3,0,3,3
2022-07-06T03:09:44,3,0,3,3
2022-07-06T03:20:15,3,0,3,3
2022-07-06T03:30:46,3,0,3,3
2022-07-06T03:41:18,3,0,3,3
2022-07-06T03:51:50,3,0,3,3
2022-07-06T04:02:23,3,0,3,3
2022-07-06T04:12:54,3,0,3,3
2022-07-06T04:29:27,3,0,3,3
2022-07-06T04:40:01,3,0,3,3
2022-07-06T04:50:33,3,0,3,3
2022-07-06T05:02:37,3,0,3,3
2022-07-06T05:13:10,3,0,3,3
2022-07-06T05:23:43,3,0,3,3
2022-07-06T05:34:16,3,0,3,3
2022-07-06T05:44:47,3,0,3,3
2022-07-06T05:55:19,3,0,3,3
2022-07-06T06:05:51,3,0,3,3
2022-07-06T06:16:23,3,0,3,3
2022-07-06T06:26:56,3,0,3,3
2022-07-06T06:37:27,3,0,3,3
2022-07-06T06:47:58,3,0,3,3
2022-07-06T06:58:28,3,0,3,3
2022-07-06T07:08:58,3,0,3,3
2022-07-06T07:19:28,3,0,3,3
2022-07-06T07:29:59,3,0,3,3
2022-07-06T07:40:29,3,0,3,3
2022-07-06T07:50:59,3,0,3,3
2022-07-06T08:01:29,3,0,3,3
2022-07-06T08:11:59,3,0,3,3
2022-07-06T08:22:30,3,0,3,3
2022-07-06T08:33:00,3,0,3,3
2022-07-06T08:43:32,3,0,3,3
2022-07-06T08:54:03,3,0,3,3
2022-07-06T09:04:34,3,0,3,3
2022-07-06T09:15:05,3,0,3,3
2022-07-06T09:25:37,3,0,3,3
2022-07-06T09:36:11,3,0,3,3
2022-07-06T09:46:43,3,0,3,3
2022-07-06T09:57:15,3,0,3,3
2022-07-06T10:07:59,3,0,3,3
2022-07-06T10:18:31,3,0,3,3
2022-07-06T10:29:02,3,0,3,3
2022-07-06T10:39:34,3,0,3,3
2022-07-06T10:50:05,3,0,3,3
2022-07-06T11:00:37,3,0,3,3
2022-07-06T11:11:09,3,0,3,3
2022-07-06T11:21:41,3,0,3,3
2022-07-06T11:32:13,3,0,3,3
2022-07-06T11:42:45,3,0,3,3
2022-07-06T11:53:16,3,0,3,3
2022-07-06T12:03:48,3,0,3,3
2022-07-06T12:14:31,3,0,3,3
2022-07-06T12:25:02,3,0,3,3
2022-07-06T12:35:33,3,0,3,3
2022-07-06T12:46:04,3,0,3,3
2022-07-06T12:56:35,3,0,3,3
2022-07-06T13:07:06,3,0,3,3
2022-07-06T13:17:37,3,0,3,3
2022-07-06T13:28:09,3,0,3,3
2022-07-06T13:38:41,3,0,3,3
2022-07-06T13:49:13,3,0,3,3
2022-07-06T13:59:45,3,0,3,3
2022-07-06T14:10:18,3,0,3,3
2022-07-06T14:21:03,3,0,3,3
2022-07-06T14:31:34,3,0,3,3
2022-07-06T14:42:06,3,0,3,3
2022-07-06T14:52:38,3,0,3,3
2022-07-06T15:03:10,3,0,3,3
2022-07-06T15:13:41,3,0,3,3
2022-07-06T15:24:13,3,0,3,3
2022-07-06T15:34:45,3,0,3,3
2022-07-06T15:45:17,3,0,3,3
2022-07-06T15:55:48,3,0,3,3
2022-07-06T16:06:19,3,0,3,3
2022-07-06T16:17:01,3,0,3,3
2022-07-06T16:27:31,3,0,3,3
2022-07-06T16:38:02,3,0,3,3
2022-07-06T16:48:32,3,0,3,3
2022-07-06T16:59:02,3,0,3,3
2022-07-06T17:09:33,3,0,3,3
2022-07-06T17:20:04,3,0,3,3
2022-07-06T17:30:34,3,0,3,3
2022-07-06T17:41:04,3,0,3,3
2022-07-06T17:51:35,3,0,3,3
2022-07-06T18:02:05,3,0,3,3
2022-07-06T18:12:36,3,0,3,3
2022-07-06T18:23:07,3,0,3,3
2022-07-06T18:33:37,3,0,3,3
2022-07-06T18:44:08,3,0,3,3
2022-07-06T18:54:38,3,0,3,3
2022-07-06T19:05:19,3,0,3,3
2022-07-06T19:15:49,3,0,3,3
2022-07-06T19:26:20,3,0,3,3
2022-07-06T19:36:50,3,0,3,3
2022-07-06T19:47:20,3,0,3,3
2022-07-06T19:57:50,3,0,3,3
2022-07-06T20:08:19,3,0,3,3
2022-07-06T20:18:49,3,0,3,3
2022-07-06T20:29:19,3,0,3,3
2022-07-06T20:39:49,3,0,3,3
2022-07-06T20:50:19,3,0,3,3
2022-07-06T21:00:49,3,0,3,3
2022-07-06T21:11:19,3,0,3,3
2022-07-06T21:21:49,3,0,3,3
2022-07-06T21:32:19,3,0,3,3
2022-07-06T21:42:48,3,0,3,3
2022-07-06T21:53:18,3,0,3,3
2022-07-06T22:03:47,3,0,3,3
2022-07-06T22:14:17,3,0,3,3
2022-07-06T22:24:47,3,0,3,3
2022-07-06T22:35:17,3,0,3,3
2022-07-06T22:45:47,3,0,3,3
2022-07-06T22:56:17,3,0,3,3
2022-07-06T23:06:57,3,0,3,3
2022-07-06T23:17:31,3,0,3,3
2022-07-06T23:28:01,3,0,3,3
2022-07-06T23:38:31,3,0,3,3
2022-07-06T23:49:00,3,0,3,3
2022-07-06T23:59:30,3,0,3,3
2022-07-07T00:10:01,3,0,3,3
2022-07-07T00:20:34,3,0,3,3
2022-07-07T00:31:05,3,0,3,3
2022-07-07T00:41:37,3,0,3,3
2022-07-07T00:52:10,3,0,3,3
2022-07-07T01:02:42,3,0,3,3
2022-07-07T01:13:13,3,0,3,3
2022-07-07T01:23:45,3,0,3,3
2022-07-07T01:34:17,3,0,3,3
2022-07-07T01:44:49,3,0,3,3
2022-07-07T01:55:21,3,0,3,3
2022-07-07T02:05:52,3,0,3,3
2022-07-07T02:16:22,3,0,3,3
2022-07-07T02:26:52,3,0,3,3
2022-07-07T02:37:21,3,0,3,3
2022-07-07T02:47:51,3,0,3,3
2022-07-07T02:58:20,3,0,3,3
2022-07-07T03:08:50,3,0,3,3
2022-07-07T03:19:19,3,0,3,3
2022-07-07T03:29:48,3,0,3,3
2022-07-07T03:40:17,3,0,3,3
2022-07-07T03:50:45,3,0,3,3
2022-07-07T04:03:34,3,0,3,3
2022-07-07T04:25:08,3,0,3,3
2022-07-07T04:36:00,3,0,3,3
2022-07-07T04:46:30,3,0,3,3
2022-07-07T04:56:59,3,0,3,3
2022-07-07T05:07:29,3,0,3,3
2022-07-07T05:17:59,3,0,3,3
2022-07-07T05:28:29,3,0,3,3
2022-07-07T05:39:01,3,0,3,3
2022-07-07T05:49:33,3,0,3,3
2022-07-07T06:00:06,3,0,3,3
2022-07-07T06:10:40,3,0,3,3
2022-07-07T06:21:14,3,0,3,3
2022-07-07T06:31:48,3,0,3,3
2022-07-07T06:42:20,3,0,3,3
2022-07-07T06:52:54,3,0,3,3
2022-07-07T07:03:27,3,0,3,3
2022-07-07T07:14:01,3,0,3,3
2022-07-07T07:24:35,3,0,3,3
2022-07-07T07:35:08,3,0,3,3
2022-07-07T07:45:46,3,0,3,3
2022-07-07T07:56:29,3,0,3,3
2022-07-07T08:07:13,3,0,3,3
2022-07-07T08:17:56,3,0,3,3
2022-07-07T08:28:38,3,0,3,3
2022-07-07T08:39:27,3,0,3,3
2022-07-07T08:50:14,3,0,3,3
2022-07-07T09:00:58,3,0,3,3
2022-07-07T09:11:48,3,0,3,3
2022-07-07T09:22:27,3,0,3,3
2022-07-07T09:33:06,3,0,3,3
2022-07-07T09:43:46,3,0,3,3
2022-07-07T09:54:27,3,0,3,3
2022-07-07T10:05:08,3,0,3,3
2022-07-07T10:15:48,3,0,3,3
2022-07-07T10:26:26,3,0,3,3
2022-07-07T10:37:06,3,0,3,3
2022-07-07T10:47:46,3,0,3,3
2022-07-07T10:58:26,3,0,3,3
2022-07-07T11:09:17,3,0,3,3
2022-07-07T11:19:55,3,0,3,3
2022-07-07T11:30:31,3,0,3,3
2022-07-07T11:41:07,3,0,3,3
2022-07-07T11:51:40,3,0,3,3
2022-07-07T12:02:12,3,0,3,3
2022-07-07T12:12:43,3,0,3,3
2022-07-07T12:23:15,3,0,3,3
2022-07-07T12:33:46,3,0,3,3
2022-07-07T12:44:17,3,0,3,3
2022-07-07T12:54:58,3,0,3,3
2022-07-07T13:05:29,3,0,3,3
2022-07-07T13:16:00,3,0,3,3
2022-07-07T13:26:32,3,0,3,3
2022-07-07T13:37:05,3,0,3,3
2022-07-07T13:47:36,3,0,3,3
2022-07-07T13:58:10,3,0,3,3
2022-07-07T14:08:41,3,0,3,3
2022-07-07T14:19:12,3,0,3,3
2022-07-07T14:29:46,3,0,3,3
2022-07-07T14:40:20,3,0,3,3
2022-07-07T14:51:02,3,0,3,3
2022-07-07T15:01:33,3,0,3,3
2022-07-07T15:12:05,3,0,3,3
2022-07-07T15:22:37,3,0,3,3
2022-07-07T15:33:09,3,0,3,3
2022-07-07T15:43:40,3,0,3,3
2022-07-07T15:54:21,3,0,3,3
2022-07-07T16:04:53,3,0,3,3
2022-07-07T16:15:24,3,0,3,3
2022-07-07T16:25:55,3,0,3,3
2022-07-07T16:36:26,3,0,3,3
2022-07-07T16:46:57,3,0,3,3
2022-07-07T16:57:28,3,0,3,3
2022-07-07T17:08:00,3,0,3,3
2022-07-07T17:18:33,3,0,3,3
2022-07-07T17:29:04,3,0,3,3
2022-07-07T17:39:36,3,0,3,3
2022-07-07T17:50:07,3,0,3,3
2022-07-07T18:00:48,3,0,3,3
2022-07-07T18:11:19,3,0,3,3
2022-07-07T18:21:50,3,0,3,3
2022-07-07T18:32:20,3,0,3,3
2022-07-07T18:42:50,3,0,3,3
2022-07-07T18:53:20,3,0,3,3
2022-07-07T19:03:50,3,0,3,3
2022-07-07T19:14:21,3,0,3,3
2022-07-07T19:24:51,3,0,3,3
2022-07-07T19:35:21,3,0,3,3
2022-07-07T19:45:52,3,0,3,3
2022-07-07T19:56:23,3,0,3,3
2022-07-07T20:06:53,3,0,3,3
2022-07-07T20:17:23,3,0,3,3
2022-07-07T20:27:53,3,0,3,3
2022-07-07T20:38:23,3,0,3,3
2022-07-07T20:48:53,3,0,3,3
2022-07-07T20:59:34,3,0,3,3
2022-07-07T21:10:04,3,0,3,3
2022-07-07T21:20:34,3,0,3,3
2022-07-07T21:31:04,3,0,3,3
2022-07-07T21:41:34,3,0,3,3
2022-07-07T21:52:05,3,0,3,3
2022-07-07T22:02:35,3,0,3,3
2022-07-07T22:13:17,3,0,3,3
2022-07-07T22:23:48,3,0,3,3
2022-07-07T22:34:19,3,0,3,3
2022-07-07T22:44:49,3,0,3,3
2022-07-07T22:55:19,3,0,3,3
2022-07-07T23:05:50,3,0,3,3
2022-07-07T23:16:20,3,0,3,3
2022-07-07T23:26:51,3,0,3,3
2022-07-07T23:37:22,3,0,3,3
2022-07-07T23:47:52,3,0,3,3
2022-07-07T23:58:23,3,0,3,3
2022-07-08T00:08:54,3,0,3,3
2022-07-08T00:19:27,3,0,3,3
2022-07-08T00:29:58,3,0,3,3
2022-07-08T00:40:31,3,0,3,3
2022-07-08T00:51:04,3,0,3,3
2022-07-08T01:01:48,3,0,3,3
2022-07-08T01:12:21,3,0,3,3
2022-07-08T01:22:55,3,0,3,3
2022-07-08T01:33:28,3,0,3,3
2022-07-08T01:43:59,3,0,3,3
2022-07-08T01:54:32,3,0,3,3
2022-07-08T02:05:03,3,0,3,3
2022-07-08T02:15:36,3,0,3,3
2022-07-08T02:26:19,3,0,3,3
2022-07-08T02:36:52,3,0,3,3
2022-07-08T02:47:24,3,0,3,3
2022-07-08T02:57:57,3,0,3,3
2022-07-08T03:08:29,3,0,3,3
2022-07-08T03:19:00,3,0,3,3
2022-07-08T03:29:31,3,0,3,3
2022-07-08T03:40:03,3,0,3,3
2022-07-08T03:52:54,3,0,3,3
2022-07-08T04:03:33,3,0,3,3
2022-07-08T04:14:06,3,0,3,3
2022-07-08T04:29:49,3,0,3,3
2022-07-08T04:40:44,3,0,3,3
2022-07-08T04:51:17,3,0,3,3
2022-07-08T05:01:51,3,0,3,3
2022-07-08T05:12:26,3,0,3,3
2022-07-08T05:23:01,3,0,3,3
2022-07-08T05:33:34,3,0,3,3
2022-07-08T05:44:07,3,0,3,3
2022-07-08T05:54:40,3,0,3,3
2022-07-08T06:05:15,3,0,3,3
2022-07-08T06:15:47,3,0,3,3
2022-07-08T06:26:19,3,0,3,3
2022-07-08T06:36:50,3,0,3,3
2022-07-08T06:47:21,3,0,3,3
2022-07-08T06:57:51,3,0,3,3
2022-07-08T07:08:22,3,0,3,3
2022-07-08T07:18:54,3,0,3,3
2022-07-08T07:29:24,3,0,3,3
2022-07-08T07:39:55,3,0,3,3
2022-07-08T07:50:26,3,0,3,3
2022-07-08T08:01:00,3,0,3,3
2022-07-08T08:11:30,3,0,3,3
2022-07-08T08:22:01,3,0,3,3
2022-07-08T08:32:32,3,0,3,3
2022-07-08T08:43:03,3,0,3,3
2022-07-08T08:53:34,3,0,3,3
2022-07-08T09:04:05,3,0,3,3
2022-07-08T09:14:47,3,0,3,3
2022-07-08T09:25:18,3,0,3,3
2022-07-08T09:35:49,3,0,3,3
2022-07-08T09:46:22,3,0,3,3
2022-07-08T09:56:54,3,0,3,3
2022-07-08T10:07:25,3,0,3,3
2022-07-08T10:17:56,3,0,3,3
2022-07-08T10:28:27,3,0,3,3
2022-07-08T10:38:58,3,0,3,3
2022-07-08T10:49:30,3,0,3,3
2022-07-08T11:00:01,3,0,3,3
2022-07-08T11:10:33,3,0,3,3
2022-07-08T11:21:04,3,0,3,3
2022-07-08T11:31:36,3,0,3,3
2022-07-08T11:42:07,3,0,3,3
2022-07-08T11:52:51,3,0,3,3
2022-07-08T12:03:22,3,0,3,3
2022-07-08T12:13:53,3,0,3,3
2022-07-08T12:24:24,3,0,3,3
2022-07-08T12:34:56,3,0,3,3
2022-07-08T12:45:27,3,0,3,3
2022-07-08T12:55:58,3,0,3,3
2022-07-08T13:06:31,3,0,3,3
2022-07-08T13:17:06,3,0,3,3
2022-07-08T13:27:38,3,0,3,3
2022-07-08T13:38:21,3,0,3,3
2022-07-08T13:48:53,3,0,3,3
2022-07-08T13:59:25,3,0,3,3
2022-07-08T14:09:57,3,0,3,3
2022-07-08T14:20:28,3,0,3,3
2022-07-08T14:30:59,3,0,3,3
2022-07-08T14:41:31,3,0,3,3
2022-07-08T14:52:02,3,0,3,3
2022-07-08T15:02:33,3,0,3,3
2022-07-08T15:13:04,3,0,3,3
2022-07-08T15:23:36,3,0,3,3
2022-07-08T15:34:17,3,0,3,3
2022-07-08T15:44:49,3,0,3,3
2022-07-08T15:55:20,3,0,3,3
2022-07-08T16:05:51,3,0,3,3
2022-07-08T16:16:21,3,0,3,3
2022-07-08T16:26:52,3,0,3,3
2022-07-08T16:37:22,3,0,3,3
2022-07-08T16:47:53,3,0,3,3
2022-07-08T16:58:23,3,0,3,3
2022-07-08T17:08:54,3,0,3,3
2022-07-08T17:19:25,3,0,3,3
2022-07-08T17:30:06,3,0,3,3
2022-07-08T17:40:36,3,0,3,3
2022-07-08T17:51:06,3,0,3,3
2022-07-08T18:01:37,3,0,3,3
2022-07-08T18:12:08,3,0,3,3
2022-07-08T18:22:39,3,0,3,3
2022-07-08T18:33:09,3,0,3,3
2022-07-08T18:43:39,3,0,3,3
2022-07-08T18:54:09,3,0,3,3
2022-07-08T19:04:40,3,0,3,3
2022-07-08T19:15:10,3,0,3,3
2022-07-08T19:25:41,3,0,3,3
2022-07-08T19:36:12,3,0,3,3
2022-07-08T19:46:42,3,0,3,3
2022-07-08T19:57:12,3,0,3,3
2022-07-08T20:07:54,3,0,3,3
2022-07-08T20:18:24,3,0,3,3
2022-07-08T20:28:54,3,0,3,3
2022-07-08T20:39:23,3,0,3,3
2022-07-08T20:49:53,3,0,3,3
2022-07-08T21:00:24,3,0,3,3
2022-07-08T21:10:54,3,0,3,3
2022-07-08T21:21:24,3,0,3,3
2022-07-08T21:31:54,3,0,3,3
2022-07-08T21:42:24,3,0,3,3
2022-07-08T21:52:56,3,0,3,3
2022-07-08T22:03:26,3,0,3,3
2022-07-08T22:13:56,3,0,3,3
2022-07-08T22:24:26,3,0,3,3
2022-07-08T22:34:56,3,0,3,3
2022-07-08T22:45:27,3,0,3,3
2022-07-08T22:56:21,3,0,3,3
2022-07-08T23:06:52,3,0,3,3
2022-07-08T23:17:22,3,0,3,3
2022-07-08T23:27:53,3,0,3,3
2022-07-08T23:38:23,3,0,3,3
2022-07-08T23:48:53,3,0,3,3
2022-07-08T23:59:23,3,0,3,3
2022-07-09T00:09:55,3,0,3,3
2022-07-09T00:20:27,3,0,3,3
2022-07-09T00:30:58,3,0,3,3
2022-07-09T00:41:31,3,0,3,3
2022-07-09T00:52:04,3,0,3,3
2022-07-09T01:02:37,3,0,3,3
2022-07-09T01:13:10,3,0,3,3
2022-07-09T01:23:42,3,0,3,3
2022-07-09T01:34:15,3,0,3,3
2022-07-09T01:44:48,3,0,3,3
2022-07-09T01:55:21,3,0,3,3
2022-07-09T02:05:53,3,0,3,3
2022-07-09T02:16:24,3,0,3,3
2022-07-09T02:27:03,3,0,3,3
2022-07-09T02:37:32,3,0,3,3
2022-07-09T02:48:02,3,0,3,3
2022-07-09T02:58:32,3,0,3,3
2022-07-09T03:09:02,3,0,3,3
2022-07-09T03:19:31,3,0,3,3
2022-07-09T03:30:01,3,0,3,3
2022-07-09T03:40:32,3,0,3,3
2022-07-09T03:51:03,3,0,3,3
2022-07-09T04:01:34,3,0,3,3
2022-07-09T04:30:57,3,0,3,3
2022-07-09T04:41:31,3,0,3,3
2022-07-09T04:52:05,3,0,3,3
2022-07-09T05:02:37,3,0,3,3
2022-07-09T05:13:23,3,0,3,3
2022-07-09T05:23:56,3,0,3,3
2022-07-09T05:34:30,3,0,3,3
2022-07-09T05:45:05,3,0,3,3
2022-07-09T05:55:38,3,0,3,3
2022-07-09T06:06:10,3,0,3,3
2022-07-09T06:16:43,3,0,3,3
2022-07-09T06:27:15,3,0,3,3
2022-07-09T06:37:48,3,0,3,3
2022-07-09T06:48:20,3,0,3,3
2022-07-09T06:58:52,3,0,3,3
2022-07-09T07:09:25,3,0,3,3
2022-07-09T07:19:58,3,0,3,3
2022-07-09T07:30:30,3,0,3,3
2022-07-09T07:41:02,3,0,3,3
2022-07-09T07:51:37,3,0,3,3
2022-07-09T08:02:11,3,0,3,3
2022-07-09T08:12:45,3,0,3,3
2022-07-09T08:23:17,3,0,3,3
2022-07-09T08:33:49,3,0,3,3
2022-07-09T08:47:40,3,0,3,3
2022-07-09T09:08:01,3,0,3,3
2022-07-09T09:29:00,3,0,3,3
2022-07-09T09:50:57,3,0,3,3
2022-07-09T10:11:36,3,0,3,3
2022-07-09T10:31:59,3,0,3,3
2022-07-09T10:43:33,3,0,3,3
2022-07-09T10:54:04,3,0,3,3
2022-07-09T11:04:34,3,0,3,3
2022-07-09T11:15:05,3,0,3,3
2022-07-09T11:25:35,3,0,3,3
2022-07-09T11:36:05,3,0,3,3
2022-07-09T11:46:44,3,0,3,3
2022-07-09T11:57:14,3,0,3,3
2022-07-09T12:07:46,3,0,3,3
2022-07-09T12:18:16,3,0,3,3
2022-07-09T12:28:46,3,0,3,3
2022-07-09T12:39:16,3,0,3,3
2022-07-09T12:49:46,3,0,3,3
2022-07-09T13:00:18,3,0,3,3
2022-07-09T13:10:48,3,0,3,3
2022-07-09T13:21:19,3,0,3,3
2022-07-09T13:31:51,3,0,3,3
2022-07-09T13:42:21,3,0,3,3
2022-07-09T13:52:54,3,0,3,3
2022-07-09T14:03:40,3,0,3,3
2022-07-09T14:14:17,3,0,3,3
2022-07-09T14:24:54,3,0,3,3
2022-07-09T14:35:30,3,0,3,3
2022-07-09T14:46:07,3,0,3,3
2022-07-09T14:56:43,3,0,3,3
2022-07-09T15:07:20,3,0,3,3
2022-07-09T15:17:57,3,0,3,3
2022-07-09T15:28:31,3,0,3,3
2022-07-09T15:39:04,3,0,3,3
2022-07-09T15:49:37,3,0,3,3
2022-07-09T16:00:17,3,0,3,3
2022-07-09T16:10:47,3,0,3,3
2022-07-09T16:21:17,3,0,3,3
2022-07-09T16:31:48,3,0,3,3
2022-07-09T16:42:17,3,0,3,3
2022-07-09T16:52:47,3,0,3,3
2022-07-09T17:03:17,3,0,3,3
2022-07-09T17:13:59,3,0,3,3
2022-07-09T17:24:29,3,0,3,3
2022-07-09T17:35:01,3,0,3,3
2022-07-09T17:45:31,3,0,3,3
2022-07-09T17:56:01,3,0,3,3
2022-07-09T18:06:30,3,0,3,3
2022-07-09T18:17:00,3,0,3,3
2022-07-09T18:27:30,3,0,3,3
2022-07-09T18:38:00,3,0,3,3
2022-07-09T18:48:29,3,0,3,3
2022-07-09T18:58:59,3,0,3,3
2022-07-09T19:09:29,3,0,3,3
2022-07-09T19:19:58,3,0,3,3
2022-07-09T19:30:28,3,0,3,3
2022-07-09T19:41:07,3,0,3,3
2022-07-09T19:51:37,3,0,3,3
2022-07-09T20:02:06,3,0,3,3
2022-07-09T20:12:36,3,0,3,3
2022-07-09T20:23:06,3,0,3,3
2022-07-09T20:33:36,3,0,3,3
2022-07-09T20:44:06,3,0,3,3
2022-07-09T20:54:35,3,0,3,3
2022-07-09T21:05:05,3,0,3,3
2022-07-09T21:15:35,3,0,3,3
2022-07-09T21:26:05,3,0,3,3
2022-07-09T21:36:35,3,0,3,3
2022-07-09T21:47:05,3,0,3,3
2022-07-09T21:57:36,3,0,3,3
2022-07-09T22:08:06,3,0,3,3
2022-07-09T22:18:36,3,0,3,3
2022-07-09T22:29:15,3,0,3,3
2022-07-09T22:39:45,3,0,3,3
2022-07-09T22:50:15,3,0,3,3
2022-07-09T23:00:44,3,0,3,3
2022-07-09T23:11:15,3,0,3,3
2022-07-09T23:21:46,3,0,3,3
2022-07-09T23:32:16,3,0,3,3
2022-07-09T23:42:46,3,0,3,3
2022-07-09T23:53:18,3,0,3,3
2022-07-10T00:03:49,3,0,3,3
2022-07-10T00:14:20,3,0,3,3
2022-07-10T00:24:52,3,0,3,3
2022-07-10T00:35:23,3,0,3,3
2022-07-10T00:45:53,3,0,3,3
2022-07-10T00:56:23,3,0,3,3
2022-07-10T01:06:53,3,0,3,3
2022-07-10T01:17:24,3,0,3,3
2022-07-10T01:27:53,3,0,3,3
2022-07-10T01:38:23,3,0,3,3
2022-07-10T01:48:53,3,0,3,3
2022-07-10T01:59:22,3,0,3,3
2022-07-10T02:09:52,3,0,3,3
2022-07-10T02:20:22,3,0,3,3
2022-07-10T02:31:02,3,0,3,3
2022-07-10T02:41:36,3,0,3,3
2022-07-10T02:52:09,3,0,3,3
2022-07-10T03:02:43,3,0,3,3
2022-07-10T03:13:22,3,0,3,3
2022-07-10T03:23:56,3,0,3,3
2022-07-10T03:34:30,3,0,3,3
2022-07-10T03:45:03,3,0,3,3
2022-07-10T03:55:36,3,0,3,3
2022-07-10T04:06:09,3,0,3,3
2022-07-10T04:32:21,3,0,3,3
2022-07-10T04:43:16,3,0,3,3
2022-07-10T04:53:48,3,0,3,3
2022-07-10T05:04:24,3,0,3,3
2022-07-10T05:14:58,3,0,3,3
2022-07-10T05:25:32,3,0,3,3
2022-07-10T05:36:04,3,0,3,3
2022-07-10T05:46:38,3,0,3,3
2022-07-10T05:57:10,3,0,3,3
2022-07-10T06:07:43,3,0,3,3
2022-07-10T06:18:16,3,0,3,3
2022-07-10T06:28:49,3,0,3,3
2022-07-10T06:39:21,3,0,3,3
2022-07-10T06:49:53,3,0,3,3
2022-07-10T07:00:24,3,0,3,3
2022-07-10T07:10:54,3,0,3,3
2022-07-10T07:21:25,3,0,3,3
2022-07-10T07:31:56,3,0,3,3
2022-07-10T07:42:26,3,0,3,3
2022-07-10T07:52:57,3,0,3,3
2022-07-10T08:03:27,3,0,3,3
2022-07-10T08:13:58,3,0,3,3
2022-07-10T08:24:28,3,0,3,3
2022-07-10T08:35:11,3,0,3,3
2022-07-10T08:45:41,3,0,3,3
2022-07-10T08:56:11,3,0,3,3
2022-07-10T09:06:40,3,0,3,3
2022-07-10T09:17:11,3,0,3,3
2022-07-10T09:27:41,3,0,3,3
2022-07-10T09:38:10,3,0,3,3
2022-07-10T09:48:41,3,0,3,3
2022-07-10T09:59:11,3,0,3,3
2022-07-10T10:09:42,3,0,3,3
2022-07-10T10:20:13,3,0,3,3
2022-07-10T10:30:44,3,0,3,3
2022-07-10T10:41:14,3,0,3,3
2022-07-10T10:51:45,3,0,3,3
2022-07-10T11:02:26,3,0,3,3
2022-07-10T11:12:57,3,0,3,3
2022-07-10T11:23:33,3,0,3,3
2022-07-10T11:34:03,3,0,3,3
2022-07-10T11:44:35,3,0,3,3
2022-07-10T11:55:06,3,0,3,3
2022-07-10T12:05:37,3,0,3,3
2022-07-10T12:16:07,3,0,3,3
2022-07-10T12:26:37,3,0,3,3
2022-07-10T12:37:07,3,0,3,3
2022-07-10T12:47:37,3,0,3,3
2022-07-10T12:58:07,3,0,3,3
2022-07-10T13:08:37,3,0,3,3
2022-07-10T13:19:08,3,0,3,3
2022-07-10T13:29:38,3,0,3,3
2022-07-10T13:40:18,3,0,3,3
2022-07-10T13:50:48,3,0,3,3
2022-07-10T14:01:18,3,0,3,3
2022-07-10T14:11:48,3,0,3,3
2022-07-10T14:22:18,3,0,3,3
2022-07-10T14:32:48,3,0,3,3
2022-07-10T14:43:18,3,0,3,3
2022-07-10T14:53:48,3,0,3,3
2022-07-10T15:04:18,3,0,3,3
2022-07-10T15:14:48,3,0,3,3
2022-07-10T15:25:18,3,0,3,3
2022-07-10T15:35:48,3,0,3,3
2022-07-10T15:46:18,3,0,3,3
2022-07-10T15:56:49,3,0,3,3
2022-07-10T16:07:19,3,0,3,3
2022-07-10T16:17:49,3,0,3,3
2022-07-10T16:28:29,3,0,3,3
2022-07-10T16:39:00,3,0,3,3
2022-07-10T16:49:31,3,0,3,3
2022-07-10T17:00:01,3,0,3,3
2022-07-10T17:10:31,3,0,3,3
2022-07-10T17:21:02,3,0,3,3
2022-07-10T17:31:32,3,0,3,3
2022-07-10T17:42:03,3,0,3,3
2022-07-10T17:52:34,3,0,3,3
2022-07-10T18:03:04,3,0,3,3
2022-07-10T18:13:35,3,0,3,3
2022-07-10T18:24:05,3,0,3,3
2022-07-10T18:34:35,3,0,3,3
2022-07-10T18:45:04,3,0,3,3
2022-07-10T18:55:35,3,0,3,3
2022-07-10T19:06:06,3,0,3,3
2022-07-10T19:16:37,3,0,3,3
2022-07-10T19:27:08,3,0,3,3
2022-07-10T19:37:38,3,0,3,3
2022-07-10T19:48:19,3,0,3,3
2022-07-10T19:58:50,3,0,3,3
2022-07-10T20:09:20,3,0,3,3
2022-07-10T20:19:51,3,0,3,3
2022-07-10T20:30:21,3,0,3,3
2022-07-10T20:40:51,3,0,3,3
2022-07-10T20:51:21,3,0,3,3
2022-07-10T21:01:50,3,0,3,3
2022-07-10T21:12:22,3,0,3,3
2022-07-10T21:22:52,3,0,3,3
2022-07-10T21:33:23,3,0,3,3
2022-07-10T21:43:54,3,0,3,3
2022-07-10T21:54:25,3,0,3,3
2022-07-10T22:04:55,3,0,3,3
2022-07-10T22:15:25,3,0,3,3
2022-07-10T22:25:57,3,0,3,3
2022-07-10T22:36:37,3,0,3,3
2022-07-10T22:47:06,3,0,3,3
2022-07-10T22:57:36,3,0,3,3
2022-07-10T23:08:08,3,0,3,3
2022-07-10T23:18:38,3,0,3,3
2022-07-10T23:29:10,3,0,3,3
2022-07-10T23:39:40,3,0,3,3
2022-07-10T23:50:10,3,0,3,3
2022-07-11T00:00:41,3,0,3,3
2022-07-11T00:11:14,3,0,3,3
2022-07-11T00:21:49,3,0,3,3
2022-07-11T00:32:22,3,0,3,3
2022-07-11T00:42:54,3,0,3,3
2022-07-11T00:53:26,3,0,3,3
2022-07-11T01:04:07,3,0,3,3
2022-07-11T01:14:45,3,0,3,3
2022-07-11T01:25:18,3,0,3,3
2022-07-11T01:35:51,3,0,3,3
2022-07-11T01:46:22,3,0,3,3
2022-07-11T01:56:54,3,0,3,3
2022-07-11T02:07:37,3,0,3,3
2022-07-11T02:18:09,3,0,3,3
2022-07-11T02:28:41,3,0,3,3
2022-07-11T02:39:13,3,0,3,3
2022-07-11T02:49:44,3,0,3,3
2022-07-11T03:00:14,3,0,3,3
2022-07-11T03:10:45,3,0,3,3
2022-07-11T03:21:15,3,0,3,3
2022-07-11T03:31:46,3,0,3,3
2022-07-11T03:43:38,3,0,3,3
2022-07-11T03:55:34,3,0,3,3
2022-07-11T04:06:06,3,0,3,3
2022-07-11T04:16:39,3,0,3,3
2022-07-11T04:32:50,3,0,3,3
2022-07-11T04:43:40,3,0,3,3
2022-07-11T04:54:13,3,0,3,3
2022-07-11T05:04:47,3,0,3,3
2022-07-11T05:15:20,3,0,3,3
2022-07-11T05:25:54,3,0,3,3
2022-07-11T05:36:27,3,0,3,3
2022-07-11T05:46:58,3,0,3,3
2022-07-11T05:57:30,3,0,3,3
2022-07-11T06:08:04,3,0,3,3
2022-07-11T06:18:36,3,0,3,3
2022-07-11T06:29:08,3,0,3,3
2022-07-11T06:39:39,3,0,3,3
2022-07-11T06:50:09,3,0,3,3
2022-07-11T07:00:40,3,0,3,3
2022-07-11T07:11:11,3,0,3,3
2022-07-11T07:21:43,3,0,3,3
2022-07-11T07:32:22,3,0,3,3
2022-07-11T07:42:53,3,0,3,3
2022-07-11T07:53:24,3,0,3,3
2022-07-11T08:03:55,3,0,3,3
2022-07-11T08:14:27,3,0,3,3
2022-07-11T08:24:58,3,0,3,3
2022-07-11T08:35:31,3,0,3,3
2022-07-11T08:46:03,3,0,3,3
2022-07-11T08:56:34,3,0,3,3
2022-07-11T09:07:05,3,0,3,3
2022-07-11T09:17:36,3,0,3,3
2022-07-11T09:28:07,3,0,3,3
2022-07-11T09:38:39,3,0,3,3
2022-07-11T09:49:11,3,0,3,3
2022-07-11T09:59:45,3,0,3,3
2022-07-11T10:10:17,3,0,3,3
2022-07-11T10:20:48,3,0,3,3
2022-07-11T10:31:20,3,0,3,3
2022-07-11T10:41:51,3,0,3,3
2022-07-11T10:52:24,3,0,3,3
2022-07-11T11:03:08,3,0,3,3
2022-07-11T11:13:42,3,0,3,3
2022-07-11T11:24:19,3,0,3,3
2022-07-11T11:34:54,3,0,3,3
2022-07-11T11:45:26,3,0,3,3
2022-07-11T11:55:58,3,0,3,3
2022-07-11T12:06:29,3,0,3,3
2022-07-11T12:17:01,3,0,3,3
2022-07-11T12:27:32,3,0,3,3
2022-07-11T12:38:13,3,0,3,3
2022-07-11T12:48:44,3,0,3,3
2022-07-11T12:59:16,3,0,3,3
2022-07-11T13:09:47,3,0,3,3
2022-07-11T13:20:18,3,0,3,3
2022-07-11T13:30:50,3,0,3,3
2022-07-11T13:41:22,3,0,3,3
2022-07-11T13:51:54,3,0,3,3
2022-07-11T14:02:27,3,0,3,3
2022-07-11T14:12:59,3,0,3,3
2022-07-11T14:23:32,3,0,3,3
2022-07-11T14:34:14,3,0,3,3
2022-07-11T14:44:45,3,0,3,3
2022-07-11T14:55:17,3,0,3,3
2022-07-11T15:05:51,3,0,3,3
2022-07-11T15:16:23,3,0,3,3
2022-07-11T15:26:55,3,0,3,3
2022-07-11T15:37:27,3,0,3,3
2022-07-11T15:48:00,3,0,3,3
2022-07-11T15:58:32,3,0,3,3
2022-07-11T16:09:03,3,0,3,3
2022-07-11T16:19:34,3,0,3,3
2022-07-11T16:30:05,3,0,3,3
2022-07-11T16:40:36,3,0,3,3
2022-07-11T16:51:07,3,0,3,3
2022-07-11T17:01:49,3,0,3,3
2022-07-11T17:12:20,3,0,3,3
2022-07-11T17:22:52,3,0,3,3
2022-07-11T17:33:24,3,0,3,3
2022-07-11T17:43:55,3,0,3,3
2022-07-11T17:54:26,3,0,3,3
2022-07-11T18:04:56,3,0,3,3
2022-07-11T18:15:27,3,0,3,3
2022-07-11T18:25:57,3,0,3,3
2022-07-11T18:36:29,3,0,3,3
2022-07-11T18:47:00,3,0,3,3
2022-07-11T18:57:30,3,0,3,3
2022-07-11T19:08:02,3,0,3,3
2022-07-11T19:18:32,3,0,3,3
2022-07-11T19:29:03,3,0,3,3
2022-07-11T19:39:43,3,0,3,3
2022-07-11T19:50:13,3,0,3,3
2022-07-11T20:00:43,3,0,3,3
2022-07-11T20:11:13,3,0,3,3
2022-07-11T20:21:44,3,0,3,3
2022-07-11T20:32:14,3,0,3,3
2022-07-11T20:42:45,3,0,3,3
2022-07-11T20:53:15,3,0,3,3
2022-07-11T21:03:45,3,0,3,3
2022-07-11T21:14:18,3,0,3,3
2022-07-11T21:24:48,3,0,3,3
2022-07-11T21:35:29,3,0,3,3
2022-07-11T21:45:59,3,0,3,3
2022-07-11T21:56:32,3,0,3,3
2022-07-11T22:07:02,3,0,3,3
2022-07-11T22:17:33,3,0,3,3
2022-07-11T22:28:03,3,0,3,3
2022-07-11T22:38:33,3,0,3,3
2022-07-11T22:49:03,3,0,3,3
2022-07-11T22:59:34,3,0,3,3
2022-07-11T23:10:05,3,0,3,3
2022-07-11T23:20:46,3,0,3,3
2022-07-11T23:31:17,3,0,3,3
2022-07-11T23:41:47,3,0,3,3
2022-07-11T23:52:17,3,0,3,3
2022-07-12T00:02:48,3,0,3,3
2022-07-12T00:13:22,3,0,3,3
2022-07-12T00:23:56,3,0,3,3
2022-07-12T00:34:30,3,0,3,3
2022-07-12T00:45:02,3,0,3,3
2022-07-12T00:55:36,3,0,3,3
2022-07-12T01:06:08,3,0,3,3
2022-07-12T01:16:51,3,0,3,3
2022-07-12T01:27:23,3,0,3,3
2022-07-12T01:37:56,3,0,3,3
2022-07-12T01:48:27,3,0,3,3
2022-07-12T01:58:59,3,0,3,3
2022-07-12T02:09:31,3,0,3,3
2022-07-12T02:20:03,3,0,3,3
2022-07-12T02:30:33,3,0,3,3
2022-07-12T02:41:04,3,0,3,3
2022-07-12T02:51:34,3,0,3,3
2022-07-12T03:02:04,3,0,3,3
2022-07-12T03:12:34,3,0,3,3
2022-07-12T03:24:31,3,0,3,3
2022-07-12T03:33:26,3,0,3,3
2022-07-12T03:42:21,3,0,3,3
2022-07-12T03:51:18,3,0,3,3
2022-07-12T04:00:14,3,0,3,3
2022-07-12T04:11:16,3,0,3,3
2022-07-12T04:25:58,3,0,3,3
2022-07-12T04:35:22,3,0,3,3
2022-07-12T04:44:19,3,0,3,3
2022-07-12T04:53:16,3,0,3,3
2022-07-12T05:02:12,3,0,3,3
2022-07-12T05:11:08,3,0,3,3
2022-07-12T05:20:03,3,0,3,3
2022-07-12T05:28:58,3,0,3,3
2022-07-12T05:37:54,3,0,3,3
2022-07-12T05:46:51,3,0,3,3
2022-07-12T05:55:57,3,0,3,3
2022-07-12T06:04:54,3,0,3,3
2022-07-12T06:13:53,3,0,3,3
2022-07-12T06:22:50,3,0,3,3
2022-07-12T06:31:46,3,0,3,3
2022-07-12T06:40:46,3,0,3,3
2022-07-12T06:49:44,3,0,3,3
2022-07-12T06:58:41,3,0,3,3
2022-07-12T07:07:41,3,0,3,3
2022-07-12T07:16:37,3,0,3,3
2022-07-12T07:25:34,3,0,3,3
2022-07-12T07:34:29,3,0,3,3
2022-07-12T07:43:25,3,0,3,3
2022-07-12T07:52:22,3,0,3,3
2022-07-12T08:01:19,3,0,3,3
2022-07-12T08:10:16,3,0,3,3
2022-07-12T08:19:13,3,0,3,3
2022-07-12T08:28:10,3,0,3,3
2022-07-12T08:37:08,3,0,3,3
2022-07-12T08:46:04,3,0,3,3
2022-07-12T08:55:02,3,0,3,3
2022-07-12T09:04:00,3,0,3,3
2022-07-12T09:13:08,3,0,3,3
2022-07-12T09:22:05,3,0,3,3
2022-07-12T09:31:01,3,0,3,3
2022-07-12T09:39:57,3,0,3,3
2022-07-12T09:48:54,3,0,3,3
2022-07-12T09:57:50,3,0,3,3
2022-07-12T10:06:45,3,0,3,3
2022-07-12T10:15:43,3,0,3,3
2022-07-12T10:24:40,3,0,3,3
2022-07-12T10:33:37,3,0,3,3
2022-07-12T10:42:33,3,0,3,3
2022-07-12T10:51:31,3,0,3,3
2022-07-12T11:00:28,3,0,3,3
2022-07-12T11:09:25,3,0,3,3
2022-07-12T11:18:34,3,0,3,3
2022-07-12T11:27:30,3,0,3,3
2022-07-12T11:36:26,3,0,3,3
2022-07-12T11:45:22,3,0,3,3
2022-07-12T11:54:19,3,0,3,3
2022-07-12T12:03:15,3,0,3,3
2022-07-12T12:12:11,3,0,3,3
2022-07-12T12:21:07,3,0,3,3
2022-07-12T12:30:03,3,0,3,3
2022-07-12T12:38:59,3,0,3,3
2022-07-12T12:47:55,3,0,3,3
2022-07-12T12:56:51,3,0,3,3
2022-07-12T13:05:47,3,0,3,3
2022-07-12T13:14:43,3,0,3,3
2022-07-12T13:23:50,3,0,3,3
2022-07-12T13:32:47,3,0,3,3
2022-07-12T13:41:43,3,0,3,3
2022-07-12T13:50:39,3,0,3,3
2022-07-12T13:59:36,3,0,3,3
2022-07-12T14:08:32,3,0,3,3
2022-07-12T14:17:28,3,0,3,3
2022-07-12T14:26:25,3,0,3,3
2022-07-12T14:35:21,3,0,3,3
2022-07-12T14:44:17,3,0,3,3
2022-07-12T14:53:23,3,0,3,3
2022-07-12T15:02:19,3,0,3,3
2022-07-12T15:11:16,3,0,3,3
2022-07-12T15:20:12,3,0,3,3
2022-07-12T15:29:09,3,0,3,3
2022-07-12T15:38:05,3,0,3,3
2022-07-12T15:47:04,3,0,3,3
2022-07-12T15:55:59,3,0,3,3
2022-07-12T16:05:08,3,0,3,3
2022-07-12T16:14:04,3,0,3,3
2022-07-12T16:22:59,3,0,3,3
2022-07-12T16:31:54,3,0,3,3
2022-07-12T16:40:50,3,0,3,3
2022-07-12T16:49:45,3,0,3,3
2022-07-12T16:58:52,3,0,3,3
2022-07-12T17:07:48,3,0,3,3
2022-07-12T17:16:43,3,0,3,3
2022-07-12T17:25:39,3,0,3,3
2022-07-12T17:34:34,3,0,3,3
2022-07-12T17:43:29,3,0,3,3
2022-07-12T17:52:25,3,0,3,3
2022-07-12T18:01:20,3,0,3,3
2022-07-12T18:10:15,3,0,3,3
2022-07-12T18:19:11,3,0,3,3
2022-07-12T18:28:06,3,0,3,3
2022-07-12T18:37:01,3,0,3,3
2022-07-12T18:45:56,3,0,3,3
2022-07-12T18:54:51,3,0,3,3
2022-07-12T19:03:57,3,0,3,3
2022-07-12T19:12:52,3,0,3,3
2022-07-12T19:21:48,3,0,3,3
2022-07-12T19:30:44,3,0,3,3
2022-07-12T19:39:39,3,0,3,3
2022-07-12T19:48:35,3,0,3,3
2022-07-12T19:57:29,3,0,3,3
2022-07-12T20:06:24,3,0,3,3
2022-07-12T20:15:19,3,0,3,3
2022-07-12T20:24:13,3,0,3,3
2022-07-12T20:33:08,3,0,3,3
2022-07-12T20:42:03,3,0,3,3
2022-07-12T20:50:58,3,0,3,3
2022-07-12T20:59:53,3,0,3,3
2022-07-12T21:08:58,3,0,3,3
2022-07-12T21:17:53,3,0,3,3
2022-07-12T21:26:47,3,0,3,3
2022-07-12T21:35:40,3,0,3,3
2022-07-12T21:44:35,3,0,3,3
2022-07-12T21:53:30,3,0,3,3
2022-07-12T22:02:34,3,0,3,3
2022-07-12T22:11:28,3,0,3,3
2022-07-12T22:20:22,3,0,3,3
2022-07-12T22:29:17,3,0,3,3
2022-07-12T22:38:12,3,0,3,3
2022-07-12T22:47:06,3,0,3,3
2022-07-12T22:56:01,3,0,3,3
2022-07-12T23:05:06,3,0,3,3
2022-07-12T23:14:00,3,0,3,3
2022-07-12T23:22:55,3,0,3,3
2022-07-12T23:31:50,3,0,3,3
2022-07-12T23:40:45,3,0,3,3
2022-07-12T23:49:39,3,0,3,3
2022-07-12T23:58:34,3,0,3,3
2022-07-13T00:07:28,3,0,3,3
2022-07-13T00:16:25,3,0,3,3
2022-07-13T00:25:21,3,0,3,3
2022-07-13T00:34:17,3,0,3,3
2022-07-13T00:43:15,3,0,3,3
2022-07-13T00:52:12,3,0,3,3
2022-07-13T01:01:18,3,0,3,3
2022-07-13T01:10:16,3,0,3,3
2022-07-13T01:19:14,3,0,3,3
2022-07-13T01:28:13,3,0,3,3
2022-07-13T01:37:10,3,0,3,3
2022-07-13T01:46:07,3,0,3,3
2022-07-13T01:55:06,3,0,3,3
2022-07-13T02:04:03,3,0,3,3
2022-07-13T02:12:58,3,0,3,3
2022-07-13T02:21:53,3,0,3,3
2022-07-13T02:31:01,3,0,3,3
2022-07-13T02:39:57,3,0,3,3
2022-07-13T02:48:54,3,0,3,3
2022-07-13T02:57:50,3,0,3,3
2022-07-13T03:06:46,3,0,3,3
2022-07-13T03:15:42,3,0,3,3
2022-07-13T03:24:37,3,0,3,3
2022-07-13T03:33:32,3,0,3,3
2022-07-13T03:42:29,3,0,3,3
2022-07-13T03:51:26,3,0,3,3
2022-07-13T04:00:23,3,0,3,3
2022-07-13T04:09:20,3,0,3,3
2022-07-13T04:32:25,3,0,3,3
2022-07-13T04:41:44,3,0,3,3
2022-07-13T04:50:42,3,0,3,3
2022-07-13T04:59:40,3,0,3,3
2022-07-13T05:08:38,3,0,3,3
2022-07-13T05:17:37,3,0,3,3
2022-07-13T05:26:34,3,0,3,3
2022-07-13T05:35:36,3,0,3,3
2022-07-13T05:44:32,3,0,3,3
2022-07-13T05:53:29,3,0,3,3
2022-07-13T06:02:27,3,0,3,3
2022-07-13T06:11:24,3,0,3,3
2022-07-13T06:20:22,3,0,3,3
2022-07-13T06:29:19,3,0,3,3
2022-07-13T06:38:15,3,0,3,3
2022-07-13T06:47:20,3,0,3,3
2022-07-13T06:56:15,3,0,3,3
2022-07-13T07:05:11,3,0,3,3
2022-07-13T07:14:07,3,0,3,3
2022-07-13T07:23:02,3,0,3,3
2022-07-13T07:31:58,3,0,3,3
2022-07-13T07:40:53,3,0,3,3
2022-07-13T07:49:48,3,0,3,3
2022-07-13T07:58:43,3,0,3,3
2022-07-13T08:07:38,3,0,3,3
2022-07-13T08:16:34,3,0,3,3
2022-07-13T08:25:30,3,0,3,3
2022-07-13T08:34:26,3,0,3,3
2022-07-13T08:43:21,3,0,3,3
2022-07-13T08:52:17,3,0,3,3
2022-07-13T09:01:13,3,0,3,3
2022-07-13T09:10:10,3,0,3,3
2022-07-13T09:19:06,3,0,3,3
2022-07-13T09:28:02,3,0,3,3
2022-07-13T09:36:58,3,0,3,3
2022-07-13T09:46:04,3,0,3,3
2022-07-13T09:55:00,3,0,3,3
2022-07-13T10:03:57,3,0,3,3
2022-07-13T10:12:53,3,0,3,3
2022-07-13T10:21:51,3,0,3,3
2022-07-13T10:30:48,3,0,3,3
2022-07-13T10:39:44,3,0,3,3
2022-07-13T10:48:41,3,0,3,3
2022-07-13T10:57:37,3,0,3,3
2022-07-13T11:06:43,3,0,3,3
2022-07-13T11:15:39,3,0,3,3
2022-07-13T11:24:35,3,0,3,3
2022-07-13T11:33:31,3,0,3,3
2022-07-13T11:42:26,3,0,3,3
2022-07-13T11:51:22,3,0,3,3
2022-07-13T12:00:18,3,0,3,3
2022-07-13T12:09:14,3,0,3,3
2022-07-13T12:18:09,3,0,3,3
2022-07-13T12:27:05,3,0,3,3
2022-07-13T12:36:01,3,0,3,3
2022-07-13T12:44:57,3,0,3,3
2022-07-13T12:53:52,3,0,3,3
2022-07-13T13:03:00,3,0,3,3
2022-07-13T13:11:55,3,0,3,3
2022-07-13T13:20:52,3,0,3,3
2022-07-13T13:29:48,3,0,3,3
2022-07-13T13:38:44,3,0,3,3
2022-07-13T13:47:44,3,0,3,3
2022-07-13T13:56:40,3,0,3,3
2022-07-13T14:05:36,3,0,3,3
2022-07-13T14:14:33,3,0,3,3
2022-07-13T14:23:29,3,0,3,3
2022-07-13T14:32:36,3,0,3,3
2022-07-13T14:41:33,3,0,3,3
2022-07-13T14:50:29,3,0,3,3
2022-07-13T14:59:26,3,0,3,3
2022-07-13T15:08:21,3,0,3,3
2022-07-13T15:17:18,3,0,3,3
2022-07-13T15:26:14,3,0,3,3
2022-07-13T15:35:10,3,0,3,3
2022-07-13T15:44:06,3,0,3,3
2022-07-13T15:53:13,3,0,3,3
2022-07-13T16:02:09,3,0,3,3
2022-07-13T16:11:05,3,0,3,3
2022-07-13T16:20:01,3,0,3,3
2022-07-13T16:28:56,3,0,3,3
2022-07-13T16:37:51,3,0,3,3
2022-07-13T16:46:47,3,0,3,3
2022-07-13T16:55:51,3,0,3,3
2022-07-13T17:04:46,3,0,3,3
2022-07-13T17:13:43,3,0,3,3
2022-07-13T17:22:38,3,0,3,3
2022-07-13T17:31:33,3,0,3,3
2022-07-13T17:40:29,3,0,3,3
2022-07-13T17:49:24,3,0,3,3
2022-07-13T17:58:19,3,0,3,3
2022-07-13T18:07:14,3,0,3,3
2022-07-13T18:16:09,3,0,3,3
2022-07-13T18:25:04,3,0,3,3
2022-07-13T18:34:00,3,0,3,3
2022-07-13T18:42:54,3,0,3,3
2022-07-13T18:51:49,3,0,3,3
2022-07-13T19:00:55,3,0,3,3
2022-07-13T19:09:50,3,0,3,3
2022-07-13T19:18:45,3,0,3,3
2022-07-13T19:27:41,3,0,3,3
2022-07-13T19:36:36,3,0,3,3
2022-07-13T19:45:30,3,0,3,3
2022-07-13T19:54:25,3,0,3,3
2022-07-13T20:03:20,3,0,3,3
2022-07-13T20:12:14,3,0,3,3
2022-07-13T20:21:09,3,0,3,3
2022-07-13T20:30:03,3,0,3,3
2022-07-13T20:38:58,3,0,3,3
2022-07-13T20:47:53,3,0,3,3
2022-07-13T20:56:48,3,0,3,3
2022-07-13T21:05:42,3,0,3,3
2022-07-13T21:14:37,3,0,3,3
2022-07-13T21:23:42,3,0,3,3
2022-07-13T21:32:39,3,0,3,3
2022-07-13T21:41:34,3,0,3,3
2022-07-13T21:50:31,3,0,3,3
2022-07-13T21:59:26,3,0,3,3
2022-07-13T22:08:21,3,0,3,3
2022-07-13T22:17:15,3,0,3,3
2022-07-13T22:26:10,3,0,3,3
2022-07-13T22:35:05,3,0,3,3
2022-07-13T22:44:00,3,0,3,3
2022-07-13T22:52:54,3,0,3,3
2022-07-13T23:01:49,3,0,3,3
2022-07-13T23:10:46,3,0,3,3
2022-07-13T23:19:41,3,0,3,3
2022-07-13T23:28:37,3,0,3,3
2022-07-13T23:37:32,3,0,3,3
2022-07-13T23:46:26,3,0,3,3
2022-07-13T23:55:21,3,0,3,3
2022-07-14T00:04:16,3,0,3,3
2022-07-14T00:13:12,3,0,3,3
2022-07-14T00:22:22,3,0,3,3
2022-07-14T00:31:18,3,0,3,3
2022-07-14T00:40:17,3,0,3,3
2022-07-14T00:49:15,3,0,3,3
2022-07-14T00:58:13,3,0,3,3
2022-07-14T01:07:10,3,0,3,3
2022-07-14T01:16:07,3,0,3,3
2022-07-14T01:25:04,3,0,3,3
2022-07-14T01:34:02,3,0,3,3
2022-07-14T01:42:58,3,0,3,3
2022-07-14T01:51:56,3,0,3,3
2022-07-14T02:00:52,3,0,3,3
2022-07-14T02:09:48,3,0,3,3
2022-07-14T02:18:43,3,0,3,3
2022-07-14T02:27:38,3,0,3,3
2022-07-14T02:36:33,3,0,3,3
2022-07-14T02:45:27,3,0,3,3
2022-07-14T02:54:22,3,0,3,3
2022-07-14T03:03:16,3,0,3,3
2022-07-14T03:12:24,3,0,3,3
2022-07-14T03:21:18,3,0,3,3
2022-07-14T03:30:12,3,0,3,3
2022-07-14T03:39:06,3,0,3,3
2022-07-14T03:48:02,3,0,3,3
2022-07-14T03:56:58,3,0,3,3
2022-07-14T04:08:22,3,0,3,3
2022-07-14T04:30:27,3,0,3,3
2022-07-14T04:39:46,3,0,3,3
2022-07-14T04:48:44,3,0,3,3
2022-07-14T04:57:42,3,0,3,3
2022-07-14T05:06:39,3,0,3,3
2022-07-14T05:15:37,3,0,3,3
2022-07-14T05:24:34,3,0,3,3
2022-07-14T05:33:33,3,0,3,3
2022-07-14T05:42:29,3,0,3,3
2022-07-14T05:51:26,3,0,3,3
2022-07-14T06:00:22,3,0,3,3
2022-07-14T06:09:19,3,0,3,3
2022-07-14T06:18:16,3,0,3,3
2022-07-14T06:27:13,3,0,3,3
2022-07-14T06:36:10,3,0,3,3
2022-07-14T06:45:06,3,0,3,3
2022-07-14T06:54:03,3,0,3,3
2022-07-14T07:03:01,3,0,3,3
2022-07-14T07:11:58,3,0,3,3
2022-07-14T07:20:55,3,0,3,3
2022-07-14T07:29:56,3,0,3,3
2022-07-14T07:38:54,3,0,3,3
2022-07-14T07:47:52,3,0,3,3
2022-07-14T07:56:48,3,0,3,3
2022-07-14T08:05:44,3,0,3,3
2022-07-14T08:14:40,3,0,3,3
2022-07-14T08:23:36,3,0,3,3
2022-07-14T08:32:32,3,0,3,3
2022-07-14T08:41:28,3,0,3,3
2022-07-14T08:50:24,3,0,3,3
2022-07-14T08:59:31,3,0,3,3
2022-07-14T09:08:27,3,0,3,3
2022-07-14T09:17:23,3,0,3,3
2022-07-14T09:26:20,3,0,3,3
2022-07-14T09:35:16,3,0,3,3
2022-07-14T09:44:13,3,0,3,3
2022-07-14T09:53:09,3,0,3,3
2022-07-14T10:02:06,3,0,3,3
2022-07-14T10:11:02,3,0,3,3
2022-07-14T10:19:59,3,0,3,3
2022-07-14T10:28:55,3,0,3,3
2022-07-14T10:37:53,3,0,3,3
2022-07-14T10:46:50,3,0,3,3
2022-07-14T10:55:58,3,0,3,3
2022-07-14T11:04:54,3,0,3,3
2022-07-14T11:13:50,3,0,3,3
2022-07-14T11:22:46,3,0,3,3
2022-07-14T11:31:42,3,0,3,3
2022-07-14T11:40:39,3,0,3,3
2022-07-14T11:49:35,3,0,3,3
2022-07-14T11:58:32,3,0,3,3
2022-07-14T12:07:29,3,0,3,3
2022-07-14T12:16:25,3,0,3,3
2022-07-14T12:25:22,3,0,3,3
2022-07-14T12:34:18,3,0,3,3
2022-07-14T12:43:13,3,0,3,3
2022-07-14T12:52:09,3,0,3,3
2022-07-14T13:01:17,3,0,3,3
2022-07-14T13:10:13,3,0,3,3
2022-07-14T13:19:12,3,0,3,3
2022-07-14T13:28:21,3,0,3,3
2022-07-14T13:37:28,3,0,3,3
2022-07-14T13:46:43,3,0,3,3
2022-07-14T13:55:56,3,0,3,3
2022-07-14T14:05:05,3,0,3,3
2022-07-14T14:14:15,3,0,3,3
2022-07-14T14:23:24,3,0,3,3
2022-07-14T14:32:30,3,0,3,3
2022-07-14T14:41:34,3,0,3,3
2022-07-14T14:50:42,3,0,3,3
2022-07-14T14:59:54,3,0,3,3
2022-07-14T15:09:01,3,0,3,3
2022-07-14T15:18:19,3,0,3,3
2022-07-14T15:27:25,3,0,3,3
2022-07-14T15:36:32,3,0,3,3
2022-07-14T15:45:38,3,0,3,3
2022-07-14T15:54:44,3,0,3,3
2022-07-14T16:03:49,3,0,3,3
2022-07-14T16:12:54,3,0,3,3
2022-07-14T16:21:57,3,0,3,3
2022-07-14T16:30:59,3,0,3,3
2022-07-14T16:39:59,3,0,3,3
2022-07-14T16:48:54,3,0,3,3
2022-07-14T16:57:50,3,0,3,3
2022-07-14T17:06:45,3,0,3,3
2022-07-14T17:15:41,3,0,3,3
2022-07-14T17:24:37,3,0,3,3
2022-07-14T17:33:43,3,0,3,3
2022-07-14T17:42:38,3,0,3,3
2022-07-14T17:51:33,3,0,3,3
2022-07-14T18:00:29,3,0,3,3
2022-07-14T18:09:24,3,0,3,3
2022-07-14T18:18:19,3,0,3,3
2022-07-14T18:27:13,3,0,3,3
2022-07-14T18:36:08,3,0,3,3
2022-07-14T18:45:03,3,0,3,3
2022-07-14T18:53:58,3,0,3,3
2022-07-14T19:02:54,3,0,3,3
2022-07-14T19:12:02,3,0,3,3
2022-07-14T19:20:57,3,0,3,3
2022-07-14T19:29:52,3,0,3,3
2022-07-14T19:38:47,3,0,3,3
2022-07-14T19:47:42,3,0,3,3
2022-07-14T19:56:36,3,0,3,3
2022-07-14T20:05:30,3,0,3,3
2022-07-14T20:14:25,3,0,3,3
2022-07-14T20:23:19,3,0,3,3
2022-07-14T20:32:14,3,0,3,3
2022-07-14T20:41:08,3,0,3,3
2022-07-14T20:50:13,3,0,3,3
2022-07-14T20:59:08,3,0,3,3
2022-07-14T21:08:03,3,0,3,3
2022-07-14T21:16:58,3,0,3,3
2022-07-14T21:25:53,3,0,3,3
2022-07-14T21:34:47,3,0,3,3
2022-07-14T21:43:45,3,0,3,3
2022-07-14T21:52:39,3,0,3,3
2022-07-14T22:01:34,3,0,3,3
2022-07-14T22:10:28,3,0,3,3
2022-07-14T22:19:23,3,0,3,3
2022-07-14T22:28:17,3,0,3,3
2022-07-14T22:37:12,3,0,3,3
2022-07-14T22:46:07,3,0,3,3
2022-07-14T22:55:01,3,0,3,3
2022-07-14T23:03:56,3,0,3,3
2022-07-14T23:12:52,3,0,3,3
2022-07-14T23:21:48,3,0,3,3
2022-07-14T23:30:43,3,0,3,3
2022-07-14T23:39:38,3,0,3,3
2022-07-14T23:48:32,3,0,3,3
2022-07-14T23:57:27,3,0,3,3
2022-07-15T00:06:22,3,0,3,3
2022-07-15T00:15:33,3,0,3,3
2022-07-15T00:24:29,3,0,3,3
2022-07-15T00:33:25,3,0,3,3
2022-07-15T00:42:22,3,0,3,3
2022-07-15T00:51:19,3,0,3,3
2022-07-15T01:00:17,3,0,3,3
2022-07-15T01:09:13,3,0,3,3
2022-07-15T01:18:11,3,0,3,3
2022-07-15T01:27:08,3,0,3,3
2022-07-15T01:36:05,3,0,3,3
2022-07-15T01:45:01,3,0,3,3
2022-07-15T01:53:57,3,0,3,3
2022-07-15T02:02:54,3,0,3,3
2022-07-15T02:11:49,3,0,3,3
2022-07-15T02:20:47,3,0,3,3
2022-07-15T02:29:44,3,0,3,3
2022-07-15T02:38:41,3,0,3,3
2022-07-15T02:47:37,3,0,3,3
2022-07-15T02:56:33,3,0,3,3
2022-07-15T03:05:28,3,0,3,3
2022-07-15T03:14:24,3,0,3,3
2022-07-15T03:23:18,3,0,3,3
2022-07-15T03:32:13,3,0,3,3
2022-07-15T03:41:20,3,0,3,3
2022-07-15T03:50:16,3,0,3,3
2022-07-15T04:01:26,3,0,3,3
2022-07-15T04:21:43,3,0,3,3
2022-07-15T04:31:04,3,0,3,3
2022-07-15T04:40:02,3,0,3,3
2022-07-15T04:48:59,3,0,3,3
2022-07-15T04:57:56,3,0,3,3
2022-07-15T05:06:55,3,0,3,3
2022-07-15T05:15:51,3,0,3,3
2022-07-15T05:24:47,3,0,3,3
2022-07-15T05:33:45,3,0,3,3
2022-07-15T05:42:45,3,0,3,3
2022-07-15T05:51:43,3,0,3,3
2022-07-15T06:00:40,3,0,3,3
2022-07-15T06:09:36,3,0,3,3
2022-07-15T06:18:32,3,0,3,3
2022-07-15T06:27:29,3,0,3,3
2022-07-15T06:36:25,3,0,3,3
2022-07-15T06:45:20,3,0,3,3
2022-07-15T06:54:15,3,0,3,3
2022-07-15T07:03:18,3,0,3,3
2022-07-15T07:12:15,3,0,3,3
2022-07-15T07:21:10,3,0,3,3
2022-07-15T07:30:06,3,0,3,3
2022-07-15T07:39:02,3,0,3,3
2022-07-15T07:47:57,3,0,3,3
2022-07-15T07:56:52,3,0,3,3
2022-07-15T08:05:47,3,0,3,3
2022-07-15T08:14:42,3,0,3,3
2022-07-15T08:23:38,3,0,3,3
2022-07-15T08:32:34,3,0,3,3
2022-07-15T08:41:30,3,0,3,3
2022-07-15T08:50:25,3,0,3,3
2022-07-15T08:59:20,3,0,3,3
2022-07-15T09:08:16,3,0,3,3
2022-07-15T09:17:12,3,0,3,3
2022-07-15T09:26:08,3,0,3,3
2022-07-15T09:35:04,3,0,3,3
2022-07-15T09:44:00,3,0,3,3
2022-07-15T09:52:56,3,0,3,3
2022-07-15T10:01:53,3,0,3,3
2022-07-15T10:10:49,3,0,3,3
2022-07-15T10:19:46,3,0,3,3
2022-07-15T10:28:54,3,0,3,3
2022-07-15T10:37:51,3,0,3,3
2022-07-15T10:46:48,3,0,3,3
2022-07-15T10:55:44,3,0,3,3
2022-07-15T11:04:41,3,0,3,3
2022-07-15T11:13:38,3,0,3,3
2022-07-15T11:22:36,3,0,3,3
2022-07-15T11:31:33,3,0,3,3
2022-07-15T11:40:30,3,0,3,3
2022-07-15T11:49:25,3,0,3,3
2022-07-15T11:58:21,3,0,3,3
2022-07-15T12:07:17,3,0,3,3
2022-07-15T12:16:12,3,0,3,3
2022-07-15T12:25:26,3,0,3,3
2022-07-15T12:34:21,3,0,3,3
2022-07-15T12:43:16,3,0,3,3
2022-07-15T12:52:12,3,0,3,3
2022-07-15T13:01:08,3,0,3,3
2022-07-15T13:10:03,3,0,3,3
2022-07-15T13:18:59,3,0,3,3
2022-07-15T13:27:54,3,0,3,3
2022-07-15T13:36:50,3,0,3,3
2022-07-15T13:45:46,3,0,3,3
2022-07-15T13:54:42,3,0,3,3
2022-07-15T14:03:54,3,0,3,3
2022-07-15T14:12:49,3,0,3,3
2022-07-15T14:21:45,3,0,3,3
2022-07-15T14:30:41,3,0,3,3
2022-07-15T14:39:37,3,0,3,3
2022-07-15T14:48:34,3,0,3,3
2022-07-15T14:57:31,3,0,3,3
2022-07-15T15:06:27,3,0,3,3
2022-07-15T15:15:23,3,0,3,3
2022-07-15T15:24:21,3,0,3,3
2022-07-15T15:33:18,3,0,3,3
2022-07-15T15:42:14,3,0,3,3
2022-07-15T15:51:10,3,0,3,3
2022-07-15T16:00:06,3,0,3,3
2022-07-15T16:09:13,3,0,3,3
2022-07-15T16:18:08,3,0,3,3
2022-07-15T16:27:04,3,0,3,3
2022-07-15T16:35:59,3,0,3,3
2022-07-15T16:44:54,3,0,3,3
2022-07-15T16:53:49,3,0,3,3
2022-07-15T17:02:44,3,0,3,3
2022-07-15T17:11:40,3,0,3,3
2022-07-15T17:20:35,3,0,3,3
2022-07-15T17:29:30,3,0,3,3
2022-07-15T17:38:25,3,0,3,3
2022-07-15T17:47:20,3,0,3,3
2022-07-15T17:56:15,3,0,3,3
2022-07-15T18:05:09,3,0,3,3
2022-07-15T18:14:05,3,0,3,3
2022-07-15T18:23:00,3,0,3,3
2022-07-15T18:32:11,3,0,3,3
2022-07-15T18:41:06,3,0,3,3
2022-07-15T18:50:00,3,0,3,3
2022-07-15T18:58:55,3,0,3,3
2022-07-15T19:07:49,3,0,3,3
2022-07-15T19:16:44,3,0,3,3
2022-07-15T19:25:39,3,0,3,3
2022-07-15T19:34:34,3,0,3,3
2022-07-15T19:43:28,3,0,3,3
2022-07-15T19:52:22,3,0,3,3
2022-07-15T20:01:16,3,0,3,3
2022-07-15T20:10:11,3,0,3,3
2022-07-15T20:19:06,3,0,3,3
2022-07-15T20:28:00,3,0,3,3
2022-07-15T20:36:54,3,0,3,3
2022-07-15T20:45:49,3,0,3,3
2022-07-15T20:54:43,3,0,3,3
2022-07-15T21:03:37,3,0,3,3
2022-07-15T21:12:33,3,0,3,3
2022-07-15T21:21:28,3,0,3,3
2022-07-15T21:30:32,3,0,3,3
2022-07-15T21:39:27,3,0,3,3
2022-07-15T21:48:22,3,0,3,3
2022-07-15T21:57:16,3,0,3,3
2022-07-15T22:06:10,3,0,3,3
2022-07-15T22:15:05,3,0,3,3
2022-07-15T22:23:59,3,0,3,3
2022-07-15T22:32:54,3,0,3,3
2022-07-15T22:41:48,3,0,3,3
2022-07-15T22:50:43,3,0,3,3
2022-07-15T22:59:37,3,0,3,3
2022-07-15T23:08:33,3,0,3,3
2022-07-15T23:17:31,3,0,3,3
2022-07-15T23:26:26,3,0,3,3
2022-07-15T23:35:22,3,0,3,3
2022-07-15T23:44:17,3,0,3,3
2022-07-15T23:53:11,3,0,3,3
2022-07-16T00:02:06,3,0,3,3
2022-07-16T00:11:02,3,0,3,3
2022-07-16T00:20:09,3,0,3,3
2022-07-16T00:29:32,3,0,3,3
2022-07-16T00:38:29,3,0,3,3
2022-07-16T00:47:27,3,0,3,3
2022-07-16T00:56:24,3,0,3,3
2022-07-16T01:05:22,3,0,3,3
2022-07-16T01:14:22,3,0,3,3
2022-07-16T01:23:18,3,0,3,3
2022-07-16T01:32:16,3,0,3,3
2022-07-16T01:41:16,3,0,3,3
2022-07-16T01:50:20,3,0,3,3
2022-07-16T01:59:23,3,0,3,3
2022-07-16T02:08:26,3,0,3,3
2022-07-16T02:17:29,3,0,3,3
2022-07-16T02:26:32,3,0,3,3
2022-07-16T02:35:34,3,0,3,3
2022-07-16T02:44:37,3,0,3,3
2022-07-16T02:53:42,3,0,3,3
2022-07-16T03:02:46,3,0,3,3
2022-07-16T03:11:45,3,0,3,3
2022-07-16T03:20:42,3,0,3,3
2022-07-16T03:29:48,3,0,3,3
2022-07-16T03:38:44,3,0,3,3
2022-07-16T03:47:40,3,0,3,3
2022-07-16T03:58:58,3,0,3,3
2022-07-16T04:07:54,3,0,3,3
2022-07-16T04:16:51,3,0,3,3
2022-07-16T04:30:23,3,0,3,3
2022-07-16T04:39:47,3,0,3,3
2022-07-16T04:48:45,3,0,3,3
2022-07-16T04:57:44,3,0,3,3
2022-07-16T05:06:42,3,0,3,3
2022-07-16T05:15:39,3,0,3,3
2022-07-16T05:24:36,3,0,3,3
2022-07-16T05:33:34,3,0,3,3
2022-07-16T05:42:32,3,0,3,3
2022-07-16T05:51:28,3,0,3,3
2022-07-16T06:00:26,3,0,3,3
2022-07-16T06:09:25,3,0,3,3
2022-07-16T06:18:22,3,0,3,3
2022-07-16T06:27:18,3,0,3,3
2022-07-16T06:36:15,3,0,3,3
2022-07-16T06:45:22,3,0,3,3
2022-07-16T06:54:19,3,0,3,3
2022-07-16T07:03:16,3,0,3,3
2022-07-16T07:12:12,3,0,3,3
2022-07-16T07:21:10,3,0,3,3
2022-07-16T07:30:07,3,0,3,3
2022-07-16T07:39:04,3,0,3,3
2022-07-16T07:48:01,3,0,3,3
2022-07-16T07:56:57,3,0,3,3
2022-07-16T08:05:54,3,0,3,3
2022-07-16T08:14:51,3,0,3,3
2022-07-16T08:23:49,3,0,3,3
2022-07-16T08:32:47,3,0,3,3
2022-07-16T08:41:44,3,0,3,3
2022-07-16T08:50:40,3,0,3,3
2022-07-16T08:59:37,3,0,3,3
2022-07-16T09:08:33,3,0,3,3
2022-07-16T09:17:32,3,0,3,3
2022-07-16T09:26:29,3,0,3,3
2022-07-16T09:35:24,3,0,3,3
2022-07-16T09:44:20,3,0,3,3
2022-07-16T09:53:17,3,0,3,3
2022-07-16T10:02:14,3,0,3,3
2022-07-16T10:11:10,3,0,3,3
2022-07-16T10:20:05,3,0,3,3
2022-07-16T10:28:59,3,0,3,3
2022-07-16T10:37:54,3,0,3,3
2022-07-16T10:46:48,3,0,3,3
2022-07-16T10:55:43,3,0,3,3
2022-07-16T11:04:37,3,0,3,3
2022-07-16T11:13:32,3,0,3,3
2022-07-16T11:22:27,3,0,3,3
2022-07-16T11:31:22,3,0,3,3
2022-07-16T11:40:16,3,0,3,3
2022-07-16T11:49:11,3,0,3,3
2022-07-16T11:58:06,3,0,3,3
2022-07-16T12:07:01,3,0,3,3
2022-07-16T12:15:55,3,0,3,3
2022-07-16T12:24:50,3,0,3,3
2022-07-16T12:33:44,3,0,3,3
2022-07-16T12:42:38,3,0,3,3
2022-07-16T12:51:33,3,0,3,3
2022-07-16T13:00:27,3,0,3,3
2022-07-16T13:09:32,3,0,3,3
2022-07-16T13:18:27,3,0,3,3
2022-07-16T13:27:21,3,0,3,3
2022-07-16T13:36:16,3,0,3,3
2022-07-16T13:45:10,3,0,3,3
2022-07-16T13:54:04,3,0,3,3
2022-07-16T14:02:59,3,0,3,3
2022-07-16T14:11:53,3,0,3,3
2022-07-16T14:20:48,3,0,3,3
2022-07-16T14:29:42,3,0,3,3
2022-07-16T14:38:36,3,0,3,3
2022-07-16T14:47:31,3,0,3,3
2022-07-16T14:56:25,3,0,3,3
2022-07-16T15:05:19,3,0,3,3
2022-07-16T15:14:14,3,0,3,3
2022-07-16T15:23:08,3,0,3,3
2022-07-16T15:32:02,3,0,3,3
2022-07-16T15:40:56,3,0,3,3
2022-07-16T15:49:51,3,0,3,3
2022-07-16T15:58:45,3,0,3,3
2022-07-16T16:07:39,3,0,3,3
2022-07-16T16:16:33,3,0,3,3
2022-07-16T16:25:28,3,0,3,3
2022-07-16T16:34:23,3,0,3,3
2022-07-16T16:43:17,3,0,3,3
2022-07-16T16:52:12,3,0,3,3
2022-07-16T17:01:07,3,0,3,3
2022-07-16T17:10:02,3,0,3,3
2022-07-16T17:18:57,3,0,3,3
2022-07-16T17:27:51,3,0,3,3
2022-07-16T17:36:46,3,0,3,3
2022-07-16T17:45:40,3,0,3,3
2022-07-16T17:54:35,3,0,3,3
2022-07-16T18:03:29,3,0,3,3
2022-07-16T18:12:24,3,0,3,3
2022-07-16T18:21:18,3,0,3,3
2022-07-16T18:30:13,3,0,3,3
2022-07-16T18:39:07,3,0,3,3
2022-07-16T18:48:01,3,0,3,3
2022-07-16T18:56:56,3,0,3,3
2022-07-16T19:05:50,3,0,3,3
2022-07-16T19:14:45,3,0,3,3
2022-07-16T19:23:39,3,0,3,3
2022-07-16T19:32:34,3,0,3,3
2022-07-16T19:41:28,3,0,3,3
2022-07-16T19:50:22,3,0,3,3
2022-07-16T19:59:17,3,0,3,3
2022-07-16T20:08:11,3,0,3,3
2022-07-16T20:17:05,3,0,3,3
2022-07-16T20:25:59,3,0,3,3
2022-07-16T20:34:54,3,0,3,3
2022-07-16T20:43:48,3,0,3,3
2022-07-16T20:52:43,3,0,3,3
2022-07-16T21:01:37,3,0,3,3
2022-07-16T21:10:31,3,0,3,3
2022-07-16T21:19:26,3,0,3,3
2022-07-16T21:28:21,3,0,3,3
2022-07-16T21:37:17,3,0,3,3
2022-07-16T21:46:11,3,0,3,3
2022-07-16T21:55:05,3,0,3,3
2022-07-16T22:04:00,3,0,3,3
2022-07-16T22:12:54,3,0,3,3
2022-07-16T22:21:49,3,0,3,3
2022-07-16T22:30:43,3,0,3,3
2022-07-16T22:39:38,3,0,3,3
2022-07-16T22:48:32,3,0,3,3
2022-07-16T22:57:26,3,0,3,3
2022-07-16T23:06:33,3,0,3,3
2022-07-16T23:15:28,3,0,3,3
2022-07-16T23:24:22,3,0,3,3
2022-07-16T23:33:16,3,0,3,3
2022-07-16T23:42:11,3,0,3,3
2022-07-16T23:51:05,3,0,3,3
2022-07-16T23:59:59,3,0,3,3
2022-07-17T00:08:54,3,0,3,3
2022-07-17T00:17:49,3,0,3,3
2022-07-17T00:26:43,3,0,3,3
2022-07-17T00:35:39,3,0,3,3
2022-07-17T00:44:34,3,0,3,3
2022-07-17T00:53:29,3,0,3,3
2022-07-17T01:02:24,3,0,3,3
2022-07-17T01:11:20,3,0,3,3
2022-07-17T01:20:14,3,0,3,3
2022-07-17T01:29:09,3,0,3,3
2022-07-17T01:38:05,3,0,3,3
2022-07-17T01:57:05,3,0,3,3
2022-07-17T02:06:00,3,0,3,3
2022-07-17T02:14:57,3,0,3,3
2022-07-17T02:23:55,3,0,3,3
2022-07-17T02:32:54,3,0,3,3
2022-07-17T02:42:20,3,0,3,3
2022-07-17T02:51:16,3,0,3,3
2022-07-17T03:00:14,3,0,3,3
2022-07-17T03:09:11,3,0,3,3
2022-07-17T03:18:08,3,0,3,3
2022-07-17T03:27:05,3,0,3,3
2022-07-17T03:36:00,3,0,3,3
2022-07-17T03:44:56,3,0,3,3
2022-07-17T03:53:52,3,0,3,3
2022-07-17T04:05:11,3,0,3,3
2022-07-17T04:26:02,3,0,3,3
2022-07-17T04:35:19,3,0,3,3
2022-07-17T04:44:19,3,0,3,3
2022-07-17T04:53:16,3,0,3,3
2022-07-17T05:02:13,3,0,3,3
2022-07-17T05:11:10,3,0,3,3
2022-07-17T05:20:07,3,0,3,3
2022-07-17T05:29:05,3,0,3,3
2022-07-17T05:38:02,3,0,3,3
2022-07-17T05:46:57,3,0,3,3
2022-07-17T05:55:54,3,0,3,3
2022-07-17T06:04:50,3,0,3,3
2022-07-17T06:13:47,3,0,3,3
2022-07-17T06:22:43,3,0,3,3
2022-07-17T06:31:40,3,0,3,3
2022-07-17T06:40:35,3,0,3,3
2022-07-17T06:49:29,3,0,3,3
2022-07-17T06:58:23,3,0,3,3
2022-07-17T07:07:18,3,0,3,3
2022-07-17T07:16:12,3,0,3,3
2022-07-17T07:25:07,3,0,3,3
2022-07-17T07:34:01,3,0,3,3
2022-07-17T07:42:56,3,0,3,3
2022-07-17T07:51:50,3,0,3,3
2022-07-17T08:00:44,3,0,3,3
2022-07-17T08:09:38,3,0,3,3
2022-07-17T08:18:32,3,0,3,3
2022-07-17T08:27:27,3,0,3,3
2022-07-17T08:36:22,3,0,3,3
2022-07-17T08:45:19,3,0,3,3
2022-07-17T08:54:13,3,0,3,3
2022-07-17T09:03:07,3,0,3,3
2022-07-17T09:12:01,3,0,3,3
2022-07-17T09:20:55,3,0,3,3
2022-07-17T09:29:49,3,0,3,3
2022-07-17T09:38:43,3,0,3,3
2022-07-17T09:47:38,3,0,3,3
2022-07-17T09:56:32,3,0,3,3
2022-07-17T10:05:26,3,0,3,3
2022-07-17T10:14:21,3,0,3,3
2022-07-17T10:23:15,3,0,3,3
2022-07-17T10:32:10,3,0,3,3
2022-07-17T10:41:04,3,0,3,3
2022-07-17T10:50:08,3,0,3,3
2022-07-17T10:59:02,3,0,3,3
2022-07-17T11:07:56,3,0,3,3
2022-07-17T11:16:51,3,0,3,3
2022-07-17T11:25:46,3,0,3,3
2022-07-17T11:34:41,3,0,3,3
2022-07-17T11:43:35,3,0,3,3
2022-07-17T11:52:30,3,0,3,3
2022-07-17T12:01:25,3,0,3,3
2022-07-17T12:10:19,3,0,3,3
2022-07-17T12:19:14,3,0,3,3
2022-07-17T12:28:08,3,0,3,3
2022-07-17T12:37:03,3,0,3,3
2022-07-17T12:45:58,3,0,3,3
2022-07-17T12:54:53,3,0,3,3
2022-07-17T13:03:47,3,0,3,3
2022-07-17T13:12:42,3,0,3,3
2022-07-17T13:21:36,3,0,3,3
2022-07-17T13:30:31,3,0,3,3
2022-07-17T13:39:25,3,0,3,3
2022-07-17T13:48:19,3,0,3,3
2022-07-17T13:57:14,3,0,3,3
2022-07-17T14:06:08,3,0,3,3
2022-07-17T14:15:13,3,0,3,3
2022-07-17T14:24:07,3,0,3,3
2022-07-17T14:33:02,3,0,3,3
2022-07-17T14:41:56,3,0,3,3
2022-07-17T14:50:50,3,0,3,3
2022-07-17T14:59:44,3,0,3,3
2022-07-17T15:08:38,3,0,3,3
2022-07-17T15:17:33,3,0,3,3
2022-07-17T15:26:27,3,0,3,3
2022-07-17T15:35:22,3,0,3,3
2022-07-17T15:44:16,3,0,3,3
2022-07-17T15:53:11,3,0,3,3
2022-07-17T16:02:06,3,0,3,3
2022-07-17T16:11:01,3,0,3,3
2022-07-17T16:19:56,3,0,3,3
2022-07-17T16:28:51,3,0,3,3
2022-07-17T16:37:45,3,0,3,3
2022-07-17T16:46:40,3,0,3,3
2022-07-17T16:55:35,3,0,3,3
2022-07-17T17:04:29,3,0,3,3
2022-07-17T17:13:24,3,0,3,3
2022-07-17T17:22:19,3,0,3,3
2022-07-17T17:31:15,3,0,3,3
2022-07-17T17:40:09,3,0,3,3
2022-07-17T17:49:04,3,0,3,3
2022-07-17T17:58:08,3,0,3,3
2022-07-17T18:07:02,3,0,3,3
2022-07-17T18:15:57,3,0,3,3
2022-07-17T18:24:52,3,0,3,3
2022-07-17T18:33:46,3,0,3,3
2022-07-17T18:42:40,3,0,3,3
2022-07-17T18:51:34,3,0,3,3
2022-07-17T19:00:28,3,0,3,3
2022-07-17T19:09:25,3,0,3,3
2022-07-17T19:18:19,3,0,3,3
2022-07-17T19:27:14,3,0,3,3
2022-07-17T19:36:09,3,0,3,3
2022-07-17T19:45:06,3,0,3,3
2022-07-17T19:54:02,3,0,3,3
2022-07-17T20:03:01,3,0,3,3
2022-07-17T20:12:02,3,0,3,3
2022-07-17T20:21:00,3,0,3,3
2022-07-17T20:29:54,3,0,3,3
2022-07-17T20:38:58,3,0,3,3
2022-07-17T20:47:53,3,0,3,3
2022-07-17T20:56:48,3,0,3,3
2022-07-17T21:05:43,3,0,3,3
2022-07-17T21:14:38,3,0,3,3
2022-07-17T21:23:33,3,0,3,3
2022-07-17T21:32:28,3,0,3,3
2022-07-17T21:41:24,3,0,3,3
2022-07-17T21:50:21,3,0,3,3
2022-07-17T21:59:16,3,0,3,3
2022-07-17T22:08:11,3,0,3,3
2022-07-17T22:17:06,3,0,3,3
2022-07-17T22:26:00,3,0,3,3
2022-07-17T22:34:55,3,0,3,3
2022-07-17T22:43:49,3,0,3,3
2022-07-17T22:52:43,3,0,3,3
2022-07-17T23:01:38,3,0,3,3
2022-07-17T23:10:34,3,0,3,3
2022-07-17T23:19:29,3,0,3,3
2022-07-17T23:28:24,3,0,3,3
2022-07-17T23:37:18,3,0,3,3
2022-07-17T23:46:13,3,0,3,3
2022-07-17T23:55:07,3,0,3,3
2022-07-18T00:04:12,3,0,3,3
2022-07-18T00:13:10,3,0,3,3
2022-07-18T00:22:06,3,0,3,3
2022-07-18T00:31:03,3,0,3,3
2022-07-18T00:40:01,3,0,3,3
2022-07-18T00:48:57,3,0,3,3
2022-07-18T00:57:54,3,0,3,3
2022-07-18T01:06:55,3,0,3,3
2022-07-18T01:15:53,3,0,3,3
2022-07-18T01:24:50,3,0,3,3
2022-07-18T01:33:48,3,0,3,3
2022-07-18T01:42:43,3,0,3,3
2022-07-18T01:51:39,3,0,3,3
2022-07-18T02:00:36,3,0,3,3
2022-07-18T02:09:48,3,0,3,3
2022-07-18T02:18:45,3,0,3,3
2022-07-18T02:27:41,3,0,3,3
2022-07-18T02:36:39,3,0,3,3
2022-07-18T02:45:34,3,0,3,3
2022-07-18T02:54:30,3,0,3,3
2022-07-18T03:03:25,3,0,3,3
2022-07-18T03:12:20,3,0,3,3
2022-07-18T03:21:15,3,0,3,3
2022-07-18T03:30:09,3,0,3,3
2022-07-18T03:39:06,3,0,3,3
2022-07-18T03:48:02,3,0,3,3
2022-07-18T03:59:04,3,0,3,3
2022-07-18T04:08:22,3,0,3,3
2022-07-18T04:28:42,3,0,3,3
2022-07-18T04:38:00,3,0,3,3
2022-07-18T04:46:58,3,0,3,3
2022-07-18T04:55:57,3,0,3,3
2022-07-18T05:04:56,3,0,3,3
2022-07-18T05:13:53,3,0,3,3
2022-07-18T05:22:51,3,0,3,3
2022-07-18T05:31:49,3,0,3,3
2022-07-18T05:40:46,3,0,3,3
2022-07-18T05:49:41,3,0,3,3
2022-07-18T05:58:36,3,0,3,3
2022-07-18T06:07:33,3,0,3,3
2022-07-18T06:16:29,3,0,3,3
2022-07-18T06:25:25,3,0,3,3
2022-07-18T06:34:20,3,0,3,3
2022-07-18T06:43:18,3,0,3,3
2022-07-18T06:52:13,3,0,3,3
2022-07-18T07:01:08,3,0,3,3
2022-07-18T07:10:03,3,0,3,3
2022-07-18T07:18:59,3,0,3,3
2022-07-18T07:27:55,3,0,3,3
2022-07-18T07:36:51,3,0,3,3
2022-07-18T07:45:46,3,0,3,3
2022-07-18T07:54:42,3,0,3,3
2022-07-18T08:03:38,3,0,3,3
2022-07-18T08:12:34,3,0,3,3
2022-07-18T08:21:29,3,0,3,3
2022-07-18T08:30:34,3,0,3,3
2022-07-18T08:39:31,3,0,3,3
2022-07-18T08:48:27,3,0,3,3
2022-07-18T08:57:27,3,0,3,3
2022-07-18T09:06:23,3,0,3,3
2022-07-18T09:15:19,3,0,3,3
2022-07-18T09:24:19,3,0,3,3
2022-07-18T09:33:22,3,0,3,3
2022-07-18T09:42:28,3,0,3,3
2022-07-18T09:51:32,3,0,3,3
2022-07-18T10:00:35,3,0,3,3
2022-07-18T10:09:38,3,0,3,3
2022-07-18T10:18:41,3,0,3,3
2022-07-18T10:27:45,3,0,3,3
2022-07-18T10:36:49,3,0,3,3
2022-07-18T10:45:53,3,0,3,3
2022-07-18T10:55:06,3,0,3,3
2022-07-18T11:04:07,3,0,3,3
2022-07-18T11:13:07,3,0,3,3
2022-07-18T11:22:06,3,0,3,3
2022-07-18T11:31:03,3,0,3,3
2022-07-18T11:40:00,3,0,3,3
2022-07-18T11:48:56,3,0,3,3
2022-07-18T11:57:53,3,0,3,3
2022-07-18T12:06:49,3,0,3,3
2022-07-18T12:15:45,3,0,3,3
2022-07-18T12:24:41,3,0,3,3
2022-07-18T12:33:36,3,0,3,3
2022-07-18T12:42:33,3,0,3,3
2022-07-18T12:51:29,3,0,3,3
2022-07-18T13:00:25,3,0,3,3
2022-07-18T13:09:21,3,0,3,3
2022-07-18T13:18:18,3,0,3,3
2022-07-18T13:27:24,3,0,3,3
2022-07-18T13:36:20,3,0,3,3
2022-07-18T13:45:16,3,0,3,3
2022-07-18T13:54:14,3,0,3,3
2022-07-18T14:03:11,3,0,3,3
2022-07-18T14:12:08,3,0,3,3
2022-07-18T14:21:04,3,0,3,3
2022-07-18T14:30:00,3,0,3,3
2022-07-18T14:38:58,3,0,3,3
2022-07-18T14:47:55,3,0,3,3
2022-07-18T14:56:50,3,0,3,3
2022-07-18T15:05:46,3,0,3,3
2022-07-18T15:14:42,3,0,3,3
2022-07-18T15:23:37,3,0,3,3
2022-07-18T15:32:43,3,0,3,3
2022-07-18T15:41:40,3,0,3,3
2022-07-18T15:50:37,3,0,3,3
2022-07-18T15:59:34,3,0,3,3
2022-07-18T16:08:30,3,0,3,3
2022-07-18T16:17:26,3,0,3,3
2022-07-18T16:26:22,3,0,3,3
2022-07-18T16:35:19,3,0,3,3
2022-07-18T16:44:17,3,0,3,3
2022-07-18T16:53:12,3,0,3,3
2022-07-18T17:02:07,3,0,3,3
2022-07-18T17:11:05,3,0,3,3
2022-07-18T17:20:10,3,0,3,3
2022-07-18T17:29:05,3,0,3,3
2022-07-18T17:38:00,3,0,3,3
2022-07-18T17:46:55,3,0,3,3
2022-07-18T17:55:51,3,0,3,3
2022-07-18T18:04:46,3,0,3,3
2022-07-18T18:13:41,3,0,3,3
2022-07-18T18:22:37,3,0,3,3
2022-07-18T18:31:33,3,0,3,3
2022-07-18T18:40:28,3,0,3,3
2022-07-18T18:49:23,3,0,3,3
2022-07-18T18:58:18,3,0,3,3
2022-07-18T19:07:14,3,0,3,3
2022-07-18T19:16:11,3,0,3,3
2022-07-18T19:25:07,3,0,3,3
2022-07-18T19:34:02,3,0,3,3
2022-07-18T19:42:57,3,0,3,3
2022-07-18T19:51:52,3,0,3,3
2022-07-18T20:00:47,3,0,3,3
2022-07-18T20:09:41,3,0,3,3
2022-07-18T20:18:48,3,0,3,3
2022-07-18T20:27:42,3,0,3,3
2022-07-18T20:36:37,3,0,3,3
2022-07-18T20:45:31,3,0,3,3
2022-07-18T20:54:26,3,0,3,3
2022-07-18T21:03:20,3,0,3,3
2022-07-18T21:12:15,3,0,3,3
2022-07-18T21:21:09,3,0,3,3
2022-07-18T21:30:03,3,0,3,3
2022-07-18T21:38:58,3,0,3,3
2022-07-18T21:47:54,3,0,3,3
2022-07-18T21:56:48,3,0,3,3
2022-07-18T22:05:43,3,0,3,3
2022-07-18T22:14:38,3,0,3,3
2022-07-18T22:23:32,3,0,3,3
2022-07-18T22:32:27,3,0,3,3
2022-07-18T22:41:22,3,0,3,3
2022-07-18T22:50:16,3,0,3,3
2022-07-18T22:59:11,3,0,3,3
2022-07-18T23:08:16,3,0,3,3
2022-07-18T23:17:11,3,0,3,3
2022-07-18T23:26:07,3,0,3,3
2022-07-18T23:35:01,3,0,3,3
2022-07-18T23:43:57,3,0,3,3
2022-07-18T23:52:51,3,0,3,3
2022-07-19T00:01:46,3,0,3,3
2022-07-19T00:10:42,3,0,3,3
2022-07-19T00:19:42,3,0,3,3
2022-07-19T00:28:39,3,0,3,3
2022-07-19T00:37:46,3,0,3,3
2022-07-19T00:46:44,3,0,3,3
2022-07-19T00:55:41,3,0,3,3
2022-07-19T01:04:39,3,0,3,3
2022-07-19T01:13:35,3,0,3,3
2022-07-19T01:22:33,3,0,3,3
2022-07-19T01:31:31,3,0,3,3
2022-07-19T01:40:28,3,0,3,3
2022-07-19T01:49:24,3,0,3,3
2022-07-19T01:58:22,3,0,3,3
2022-07-19T02:07:19,3,0,3,3
2022-07-19T02:16:14,3,0,3,3
2022-07-19T02:25:08,3,0,3,3
2022-07-19T02:34:02,3,0,3,3
2022-07-19T02:42:56,3,0,3,3
2022-07-19T02:51:50,3,0,3,3
2022-07-19T03:00:45,3,0,3,3
2022-07-19T03:09:39,3,0,3,3
2022-07-19T03:18:33,3,0,3,3
2022-07-19T03:27:26,3,0,3,3
2022-07-19T03:36:20,3,0,3,3
2022-07-19T03:45:15,3,0,3,3
2022-07-19T03:54:11,3,0,3,3
2022-07-19T04:05:15,3,0,3,3
2022-07-19T04:24:11,3,0,3,3
2022-07-19T04:33:32,3,0,3,3
2022-07-19T04:42:30,3,0,3,3
2022-07-19T04:51:27,3,0,3,3
2022-07-19T05:00:24,3,0,3,3
2022-07-19T05:09:23,3,0,3,3
2022-07-19T05:18:21,3,0,3,3
2022-07-19T05:27:18,3,0,3,3
2022-07-19T05:36:15,3,0,3,3
2022-07-19T05:45:11,3,0,3,3
2022-07-19T05:54:07,3,0,3,3
2022-07-19T06:03:04,3,0,3,3
2022-07-19T06:12:00,3,0,3,3
2022-07-19T06:20:57,3,0,3,3
2022-07-19T06:29:54,3,0,3,3
2022-07-19T06:38:51,3,0,3,3
2022-07-19T06:47:48,3,0,3,3
2022-07-19T06:56:44,3,0,3,3
2022-07-19T07:05:42,3,0,3,3
2022-07-19T07:14:38,3,0,3,3
2022-07-19T07:23:35,3,0,3,3
2022-07-19T07:32:31,3,0,3,3
2022-07-19T07:41:28,3,0,3,3
2022-07-19T07:50:23,3,0,3,3
2022-07-19T07:59:18,3,0,3,3
2022-07-19T08:08:16,3,0,3,3
2022-07-19T08:17:11,3,0,3,3
2022-07-19T08:26:07,3,0,3,3
2022-07-19T08:35:03,3,0,3,3
2022-07-19T08:44:00,3,0,3,3
2022-07-19T08:52:56,3,0,3,3
2022-07-19T09:02:02,3,0,3,3
2022-07-19T09:10:58,3,0,3,3
2022-07-19T09:19:54,3,0,3,3
2022-07-19T09:28:50,3,0,3,3
2022-07-19T09:37:46,3,0,3,3
2022-07-19T09:46:43,3,0,3,3
2022-07-19T09:55:40,3,0,3,3
2022-07-19T10:04:37,3,0,3,3
2022-07-19T10:13:35,3,0,3,3
2022-07-19T10:22:32,3,0,3,3
2022-07-19T10:31:28,3,0,3,3
2022-07-19T10:40:25,3,0,3,3
2022-07-19T10:49:21,3,0,3,3
2022-07-19T10:58:18,3,0,3,3
2022-07-19T11:07:16,3,0,3,3
2022-07-19T11:16:12,3,0,3,3
2022-07-19T11:25:09,3,0,3,3
2022-07-19T11:34:06,3,0,3,3
2022-07-19T11:43:13,3,0,3,3
2022-07-19T11:52:10,3,0,3,3
2022-07-19T12:01:06,3,0,3,3
2022-07-19T12:10:02,3,0,3,3
2022-07-19T12:18:58,3,0,3,3
2022-07-19T12:27:56,3,0,3,3
2022-07-19T12:36:52,3,0,3,3
2022-07-19T12:45:48,3,0,3,3
2022-07-19T12:54:44,3,0,3,3
2022-07-19T13:03:40,3,0,3,3
2022-07-19T13:12:37,3,0,3,3
2022-07-19T13:21:33,3,0,3,3
2022-07-19T13:30:29,3,0,3,3
2022-07-19T13:39:27,3,0,3,3
2022-07-19T13:48:35,3,0,3,3
2022-07-19T13:56:52,3,0,3,3
2022-07-19T14:05:49,3,0,3,3
2022-07-19T14:14:46,3,0,3,3
2022-07-19T14:23:42,3,0,3,3
2022-07-19T14:32:39,3,0,3,3
2022-07-19T14:41:36,3,0,3,3
2022-07-19T14:50:32,3,0,3,3
2022-07-19T14:59:29,3,0,3,3
2022-07-19T15:08:25,3,0,3,3
2022-07-19T15:17:24,3,0,3,3
2022-07-19T15:26:20,3,0,3,3
2022-07-19T15:35:17,3,0,3,3
2022-07-19T15:44:25,3,0,3,3
2022-07-19T15:53:22,3,0,3,3
2022-07-19T16:02:18,3,0,3,3
2022-07-19T16:11:14,3,0,3,3
2022-07-19T16:20:10,3,0,3,3
2022-07-19T16:29:06,3,0,3,3
2022-07-19T16:38:02,3,0,3,3
2022-07-19T16:46:58,3,0,3,3
2022-07-19T16:56:04,3,0,3,3
2022-07-19T17:05:00,3,0,3,3
2022-07-19T17:13:57,3,0,3,3
2022-07-19T17:22:53,3,0,3,3
2022-07-19T17:31:48,3,0,3,3
2022-07-19T17:40:44,3,0,3,3
2022-07-19T17:49:39,3,0,3,3
2022-07-19T17:58:35,3,0,3,3
2022-07-19T18:07:31,3,0,3,3
2022-07-19T18:16:26,3,0,3,3
2022-07-19T18:25:22,3,0,3,3
2022-07-19T18:34:17,3,0,3,3
2022-07-19T18:43:22,3,0,3,3
2022-07-19T18:52:17,3,0,3,3
2022-07-19T19:01:12,3,0,3,3
2022-07-19T19:10:08,3,0,3,3
2022-07-19T19:19:03,3,0,3,3
2022-07-19T19:27:59,3,0,3,3
2022-07-19T19:36:54,3,0,3,3
2022-07-19T19:45:49,3,0,3,3
2022-07-19T19:54:44,3,0,3,3
2022-07-19T20:03:41,3,0,3,3
2022-07-19T20:12:36,3,0,3,3
2022-07-19T20:21:32,3,0,3,3
2022-07-19T20:30:29,3,0,3,3
2022-07-19T20:39:34,3,0,3,3
2022-07-19T20:48:29,3,0,3,3
2022-07-19T20:57:25,3,0,3,3
2022-07-19T21:06:20,3,0,3,3
2022-07-19T21:15:15,3,0,3,3
2022-07-19T21:24:10,3,0,3,3
2022-07-19T21:33:06,3,0,3,3
2022-07-19T21:42:01,3,0,3,3
2022-07-19T21:50:57,3,0,3,3
2022-07-19T21:59:53,3,0,3,3
2022-07-19T22:08:48,3,0,3,3
2022-07-19T22:17:44,3,0,3,3
2022-07-19T22:26:39,3,0,3,3
2022-07-19T22:35:34,3,0,3,3
2022-07-19T22:44:40,3,0,3,3
2022-07-19T22:53:35,3,0,3,3
2022-07-19T23:02:31,3,0,3,3
2022-07-19T23:11:26,3,0,3,3
2022-07-19T23:20:22,3,0,3,3
2022-07-19T23:29:17,3,0,3,3
2022-07-19T23:38:13,3,0,3,3
2022-07-19T23:47:08,3,0,3,3
2022-07-19T23:56:03,3,0,3,3
2022-07-20T00:05:01,3,0,3,3
2022-07-20T00:13:59,3,0,3,3
2022-07-20T00:22:57,3,0,3,3
2022-07-20T00:31:51,3,0,3,3
2022-07-20T00:40:47,3,0,3,3
2022-07-20T00:49:42,3,0,3,3
2022-07-20T00:58:46,3,0,3,3
2022-07-20T01:07:41,3,0,3,3
2022-07-20T01:16:36,3,0,3,3
2022-07-20T01:25:32,3,0,3,3
2022-07-20T01:34:27,3,0,3,3
2022-07-20T01:43:21,3,0,3,3
2022-07-20T01:52:16,3,0,3,3
2022-07-20T02:01:11,3,0,3,3
2022-07-20T02:10:06,3,0,3,3
2022-07-20T02:19:02,3,0,3,3
2022-07-20T02:28:10,3,0,3,3
2022-07-20T02:37:06,3,0,3,3
2022-07-20T02:46:01,3,0,3,3
2022-07-20T02:54:55,3,0,3,3
2022-07-20T03:03:49,3,0,3,3
2022-07-20T03:12:42,3,0,3,3
2022-07-20T03:21:37,3,0,3,3
2022-07-20T03:30:32,3,0,3,3
2022-07-20T03:39:29,3,0,3,3
2022-07-20T03:48:26,3,0,3,3
2022-07-20T03:57:23,3,0,3,3
2022-07-20T04:06:20,3,0,3,3
2022-07-20T04:30:16,3,0,3,3
2022-07-20T04:39:15,3,0,3,3
2022-07-20T04:48:14,3,0,3,3
2022-07-20T04:57:12,3,0,3,3
2022-07-20T05:06:10,3,0,3,3
2022-07-20T05:15:09,3,0,3,3
2022-07-20T05:24:07,3,0,3,3
2022-07-20T05:33:06,3,0,3,3
2022-07-20T05:42:04,3,0,3,3
2022-07-20T05:51:04,3,0,3,3
2022-07-20T06:00:02,3,0,3,3
2022-07-20T06:08:59,3,0,3,3
2022-07-20T06:17:56,3,0,3,3
2022-07-20T06:26:53,3,0,3,3
2022-07-20T06:35:49,3,0,3,3
2022-07-20T06:44:45,3,0,3,3
2022-07-20T06:53:40,3,0,3,3
2022-07-20T07:02:35,3,0,3,3
2022-07-20T07:11:31,3,0,3,3
2022-07-20T07:20:26,3,0,3,3
2022-07-20T07:29:22,3,0,3,3
2022-07-20T07:38:19,3,0,3,3
2022-07-20T07:47:14,3,0,3,3
2022-07-20T07:56:10,3,0,3,3
2022-07-20T08:05:06,3,0,3,3
2022-07-20T08:14:05,3,0,3,3
2022-07-20T08:23:01,3,0,3,3
2022-07-20T08:31:57,3,0,3,3
2022-07-20T08:40:53,3,0,3,3
2022-07-20T08:49:49,3,0,3,3
2022-07-20T08:58:46,3,0,3,3
2022-07-20T09:07:42,3,0,3,3
2022-07-20T09:16:38,3,0,3,3
2022-07-20T09:25:35,3,0,3,3
2022-07-20T09:34:32,3,0,3,3
2022-07-20T09:43:39,3,0,3,3
2022-07-20T09:52:36,3,0,3,3
2022-07-20T10:01:32,3,0,3,3
2022-07-20T10:10:31,3,0,3,3
2022-07-20T10:19:29,3,0,3,3
2022-07-20T10:28:26,3,0,3,3
2022-07-20T10:37:25,3,0,3,3
2022-07-20T10:46:22,3,0,3,3
2022-07-20T10:55:19,3,0,3,3
2022-07-20T11:04:17,3,0,3,3
2022-07-20T11:13:14,3,0,3,3
2022-07-20T11:22:10,3,0,3,3
2022-07-20T11:31:08,3,0,3,3
2022-07-20T11:40:06,3,0,3,3
2022-07-20T11:49:04,3,0,3,3
2022-07-20T11:58:12,3,0,3,3
2022-07-20T12:07:08,3,0,3,3
2022-07-20T12:16:06,3,0,3,3
2022-07-20T12:25:03,3,0,3,3
2022-07-20T12:34:00,3,0,3,3
2022-07-20T12:42:56,3,0,3,3
2022-07-20T12:51:52,3,0,3,3
2022-07-20T13:00:48,3,0,3,3
2022-07-20T13:09:46,3,0,3,3
2022-07-20T13:18:54,3,0,3,3
2022-07-20T13:27:51,3,0,3,3
2022-07-20T13:36:48,3,0,3,3
2022-07-20T13:45:45,3,0,3,3
2022-07-20T13:54:42,3,0,3,3
2022-07-20T14:03:39,3,0,3,3
2022-07-20T14:12:36,3,0,3,3
2022-07-20T14:21:33,3,0,3,3
2022-07-20T14:30:30,3,0,3,3
2022-07-20T14:39:29,3,0,3,3
2022-07-20T14:48:26,3,0,3,3
2022-07-20T14:57:34,3,0,3,3
2022-07-20T15:06:31,3,0,3,3
2022-07-20T15:15:28,3,0,3,3
2022-07-20T15:24:26,3,0,3,3
2022-07-20T15:33:23,3,0,3,3
2022-07-20T15:42:20,3,0,3,3
2022-07-20T15:51:17,3,0,3,3
2022-07-20T16:00:12,3,0,3,3
2022-07-20T16:09:08,3,0,3,3
2022-07-20T16:18:15,3,0,3,3
2022-07-20T16:27:12,3,0,3,3
2022-07-20T16:36:09,3,0,3,3
2022-07-20T16:45:05,3,0,3,3
2022-07-20T16:54:01,3,0,3,3
2022-07-20T17:02:57,3,0,3,3
2022-07-20T17:11:53,3,0,3,3
2022-07-20T17:20:49,3,0,3,3
2022-07-20T17:29:45,3,0,3,3
2022-07-20T17:38:41,3,0,3,3
2022-07-20T17:47:36,3,0,3,3
2022-07-20T17:56:32,3,0,3,3
2022-07-20T18:05:38,3,0,3,3
2022-07-20T18:14:34,3,0,3,3
2022-07-20T18:23:30,3,0,3,3
2022-07-20T18:32:25,3,0,3,3
2022-07-20T18:41:21,3,0,3,3
2022-07-20T18:50:17,3,0,3,3
2022-07-20T18:59:16,3,0,3,3
2022-07-20T19:08:13,3,0,3,3
2022-07-20T19:17:10,3,0,3,3
2022-07-20T19:26:07,3,0,3,3
2022-07-20T19:35:03,3,0,3,3
2022-07-20T19:43:59,3,0,3,3
2022-07-20T19:53:03,3,0,3,3
2022-07-20T20:01:58,3,0,3,3
2022-07-20T20:10:54,3,0,3,3
2022-07-20T20:19:49,3,0,3,3
2022-07-20T20:28:45,3,0,3,3
2022-07-20T20:37:41,3,0,3,3
2022-07-20T20:46:37,3,0,3,3
2022-07-20T20:55:33,3,0,3,3
2022-07-20T21:04:28,3,0,3,3
2022-07-20T21:13:33,3,0,3,3
2022-07-20T21:22:29,3,0,3,3
2022-07-20T21:31:25,3,0,3,3
2022-07-20T21:40:20,3,0,3,3
2022-07-20T21:49:17,3,0,3,3
2022-07-20T21:58:12,3,0,3,3
2022-07-20T22:07:07,3,0,3,3
2022-07-20T22:16:03,3,0,3,3
2022-07-20T22:24:59,3,0,3,3
2022-07-20T22:33:58,3,0,3,3
2022-07-20T22:42:54,3,0,3,3
2022-07-20T22:51:50,3,0,3,3
2022-07-20T23:00:54,3,0,3,3
2022-07-20T23:09:52,3,0,3,3
2022-07-20T23:18:48,3,0,3,3
2022-07-20T23:27:46,3,0,3,3
2022-07-20T23:36:43,3,0,3,3
2022-07-20T23:45:38,3,0,3,3
2022-07-20T23:54:34,3,0,3,3
2022-07-21T00:03:31,3,0,3,3
2022-07-21T00:12:27,3,0,3,3
2022-07-21T00:21:25,3,0,3,3
2022-07-21T00:30:23,3,0,3,3
2022-07-21T00:39:22,3,0,3,3
2022-07-21T00:48:22,3,0,3,3
2022-07-21T00:57:21,3,0,3,3
2022-07-21T01:06:20,3,0,3,3
2022-07-21T01:15:27,3,0,3,3
2022-07-21T01:24:24,3,0,3,3
2022-07-21T01:33:22,3,0,3,3
2022-07-21T01:42:18,3,0,3,3
2022-07-21T01:51:16,3,0,3,3
2022-07-21T02:00:13,3,0,3,3
2022-07-21T02:09:09,3,0,3,3
2022-07-21T02:18:04,3,0,3,3
2022-07-21T02:26:59,3,0,3,3
2022-07-21T02:35:54,3,0,3,3
2022-07-21T02:44:49,3,0,3,3
2022-07-21T02:53:44,3,0,3,3
2022-07-21T03:02:38,3,0,3,3
2022-07-21T03:11:33,3,0,3,3
2022-07-21T03:20:27,3,0,3,3
2022-07-21T03:29:22,3,0,3,3
2022-07-21T03:38:18,3,0,3,3
2022-07-21T03:47:14,3,0,3,3
2022-07-21T03:56:10,3,0,3,3
2022-07-21T04:05:09,3,0,3,3
2022-07-21T04:25:38,3,0,3,3
2022-07-21T04:34:53,3,0,3,3
2022-07-21T04:43:53,3,0,3,3
2022-07-21T04:52:52,3,0,3,3
2022-07-21T05:01:50,3,0,3,3
2022-07-21T05:10:49,3,0,3,3
2022-07-21T05:19:46,3,0,3,3
2022-07-21T05:28:44,3,0,3,3
2022-07-21T05:37:42,3,0,3,3
2022-07-21T05:46:38,3,0,3,3
2022-07-21T05:55:35,3,0,3,3
2022-07-21T06:04:33,3,0,3,3
2022-07-21T06:13:31,3,0,3,3
2022-07-21T06:22:34,3,0,3,3
2022-07-21T06:31:43,3,0,3,3
2022-07-21T06:40:54,3,0,3,3
2022-07-21T06:50:05,3,0,3,3
2022-07-21T06:59:15,3,0,3,3
2022-07-21T07:08:24,3,0,3,3
2022-07-21T07:17:41,3,0,3,3
2022-07-21T07:26:58,3,0,3,3
2022-07-21T07:36:15,3,0,3,3
2022-07-21T07:45:31,3,0,3,3
2022-07-21T07:54:39,3,0,3,3
2022-07-21T08:03:45,3,0,3,3
2022-07-21T08:12:50,3,0,3,3
2022-07-21T08:21:56,3,0,3,3
2022-07-21T08:31:02,3,0,3,3
2022-07-21T08:40:10,3,0,3,3
2022-07-21T08:49:15,3,0,3,3
2022-07-21T08:58:21,3,0,3,3
2022-07-21T09:07:21,3,0,3,3
2022-07-21T09:16:19,3,0,3,3
2022-07-21T09:25:17,3,0,3,3
2022-07-21T09:34:16,3,0,3,3
2022-07-21T09:43:15,3,0,3,3
2022-07-21T09:52:12,3,0,3,3
2022-07-21T10:01:09,3,0,3,3
2022-07-21T10:10:06,3,0,3,3
2022-07-21T10:19:13,3,0,3,3
2022-07-21T10:28:10,3,0,3,3
2022-07-21T10:37:07,3,0,3,3
2022-07-21T10:46:03,3,0,3,3
2022-07-21T10:55:01,3,0,3,3
2022-07-21T11:03:58,3,0,3,3
2022-07-21T11:12:55,3,0,3,3
2022-07-21T11:21:52,3,0,3,3
2022-07-21T11:30:49,3,0,3,3
2022-07-21T11:39:45,3,0,3,3
2022-07-21T11:48:43,3,0,3,3
2022-07-21T11:57:40,3,0,3,3
2022-07-21T12:06:38,3,0,3,3
2022-07-21T12:15:44,3,0,3,3
2022-07-21T12:24:41,3,0,3,3
2022-07-21T12:33:38,3,0,3,3
2022-07-21T12:42:35,3,0,3,3
2022-07-21T12:51:32,3,0,3,3
2022-07-21T13:00:29,3,0,3,3
2022-07-21T13:09:26,3,0,3,3
2022-07-21T13:18:24,3,0,3,3
2022-07-21T13:27:21,3,0,3,3
2022-07-21T13:36:17,3,0,3,3
2022-07-21T13:45:14,3,0,3,3
2022-07-21T13:54:10,3,0,3,3
2022-07-21T14:03:08,3,0,3,3
2022-07-21T14:12:04,3,0,3,3
2022-07-21T14:21:00,3,0,3,3
2022-07-21T14:29:57,3,0,3,3
2022-07-21T14:39:04,3,0,3,3
2022-07-21T14:48:00,3,0,3,3
2022-07-21T14:56:58,3,0,3,3
2022-07-21T15:05:54,3,0,3,3
2022-07-21T15:14:51,3,0,3,3
2022-07-21T15:23:48,3,0,3,3
2022-07-21T15:32:45,3,0,3,3
2022-07-21T15:41:42,3,0,3,3
2022-07-21T15:50:38,3,0,3,3
2022-07-21T15:59:36,3,0,3,3
2022-07-21T16:08:32,3,0,3,3
2022-07-21T16:17:28,3,0,3,3
2022-07-21T16:26:24,3,0,3,3
2022-07-21T16:35:20,3,0,3,3
2022-07-21T16:44:16,3,0,3,3
2022-07-21T16:53:24,3,0,3,3
2022-07-21T17:02:20,3,0,3,3
2022-07-21T17:11:17,3,0,3,3
2022-07-21T17:20:12,3,0,3,3
2022-07-21T17:29:08,3,0,3,3
2022-07-21T17:38:04,3,0,3,3
2022-07-21T17:47:00,3,0,3,3
2022-07-21T17:55:56,3,0,3,3
2022-07-21T18:04:52,3,0,3,3
2022-07-21T18:13:48,3,0,3,3
2022-07-21T18:22:44,3,0,3,3
2022-07-21T18:31:40,3,0,3,3
2022-07-21T18:40:36,3,0,3,3
2022-07-21T18:49:32,3,0,3,3
2022-07-21T18:58:28,3,0,3,3
2022-07-21T19:07:25,3,0,3,3
2022-07-21T19:16:22,3,0,3,3
2022-07-21T19:25:19,3,0,3,3
2022-07-21T19:34:17,3,0,3,3
2022-07-21T19:43:24,3,0,3,3
2022-07-21T19:52:20,3,0,3,3
2022-07-21T20:01:15,3,0,3,3
2022-07-21T20:10:11,3,0,3,3
2022-07-21T20:19:06,3,0,3,3
2022-07-21T20:28:01,3,0,3,3
2022-07-21T20:36:57,3,0,3,3
2022-07-21T20:45:53,3,0,3,3
2022-07-21T20:54:48,3,0,3,3
2022-07-21T21:03:43,3,0,3,3
2022-07-21T21:12:38,3,0,3,3
2022-07-21T21:21:34,3,0,3,3
2022-07-21T21:30:30,3,0,3,3
2022-07-21T21:39:25,3,0,3,3
2022-07-21T21:48:23,3,0,3,3
2022-07-21T21:57:18,3,0,3,3
2022-07-21T22:06:14,3,0,3,3
2022-07-21T22:15:09,3,0,3,3
2022-07-21T22:24:04,3,0,3,3
2022-07-21T22:33:00,3,0,3,3
2022-07-21T22:41:56,3,0,3,3
2022-07-21T22:50:51,3,0,3,3
2022-07-21T22:59:47,3,0,3,3
2022-07-21T23:08:43,3,0,3,3
2022-07-21T23:17:39,3,0,3,3
2022-07-21T23:26:45,3,0,3,3
2022-07-21T23:35:40,3,0,3,3
2022-07-21T23:44:36,3,0,3,3
2022-07-21T23:53:31,3,0,3,3
2022-07-22T00:02:27,3,0,3,3
2022-07-22T00:11:24,3,0,3,3
2022-07-22T00:20:25,3,0,3,3
2022-07-22T00:29:23,3,0,3,3
2022-07-22T00:38:20,3,0,3,3
2022-07-22T00:47:18,3,0,3,3
2022-07-22T00:56:16,3,0,3,3
2022-07-22T01:05:14,3,0,3,3
2022-07-22T01:14:12,3,0,3,3
2022-07-22T01:23:11,3,0,3,3
2022-07-22T01:32:09,3,0,3,3
2022-07-22T01:41:06,3,0,3,3
2022-07-22T01:50:03,3,0,3,3
2022-07-22T01:59:01,3,0,3,3
2022-07-22T02:07:57,3,0,3,3
2022-07-22T02:16:55,3,0,3,3
2022-07-22T02:26:01,3,0,3,3
2022-07-22T02:34:58,3,0,3,3
2022-07-22T02:43:56,3,0,3,3
2022-07-22T02:52:52,3,0,3,3
2022-07-22T03:01:49,3,0,3,3
2022-07-22T03:10:44,3,0,3,3
2022-07-22T03:19:39,3,0,3,3
2022-07-22T03:28:36,3,0,3,3
2022-07-22T03:37:33,3,0,3,3
2022-07-22T03:46:30,3,0,3,3
2022-07-22T03:55:27,3,0,3,3
2022-07-22T04:04:24,3,0,3,3
2022-07-22T04:32:18,3,0,3,3
2022-07-22T04:41:17,3,0,3,3
2022-07-22T04:50:16,3,0,3,3
2022-07-22T04:59:15,3,0,3,3
2022-07-22T05:08:14,3,0,3,3
2022-07-22T05:17:12,3,0,3,3
2022-07-22T05:26:11,3,0,3,3
2022-07-22T05:35:11,3,0,3,3
2022-07-22T05:44:09,3,0,3,3
2022-07-22T05:53:07,3,0,3,3
2022-07-22T06:02:06,3,0,3,3
2022-07-22T06:11:02,3,0,3,3
2022-07-22T06:19:58,3,0,3,3
2022-07-22T06:28:53,3,0,3,3
2022-07-22T06:37:48,3,0,3,3
2022-07-22T06:46:43,3,0,3,3
2022-07-22T06:55:38,3,0,3,3
2022-07-22T07:04:34,3,0,3,3
2022-07-22T07:13:31,3,0,3,3
2022-07-22T07:22:26,3,0,3,3
2022-07-22T07:31:22,3,0,3,3
2022-07-22T07:40:18,3,0,3,3
2022-07-22T07:49:15,3,0,3,3
2022-07-22T07:58:11,3,0,3,3
2022-07-22T08:07:06,3,0,3,3
2022-07-22T08:16:02,3,0,3,3
2022-07-22T08:24:59,3,0,3,3
2022-07-22T08:33:55,3,0,3,3
2022-07-22T08:42:51,3,0,3,3
2022-07-22T08:51:47,3,0,3,3
2022-07-22T09:00:44,3,0,3,3
2022-07-22T09:09:41,3,0,3,3
2022-07-22T09:18:36,3,0,3,3
2022-07-22T09:27:33,3,0,3,3
2022-07-22T09:36:29,3,0,3,3
2022-07-22T09:45:28,3,0,3,3
2022-07-22T09:54:25,3,0,3,3
2022-07-22T10:03:21,3,0,3,3
2022-07-22T10:12:19,3,0,3,3
2022-07-22T10:21:17,3,0,3,3
2022-07-22T10:30:15,3,0,3,3
2022-07-22T10:39:11,3,0,3,3
2022-07-22T10:48:17,3,0,3,3
2022-07-22T10:57:14,3,0,3,3
2022-07-22T11:06:11,3,0,3,3
2022-07-22T11:15:09,3,0,3,3
2022-07-22T11:24:06,3,0,3,3
2022-07-22T11:33:05,3,0,3,3
2022-07-22T11:42:03,3,0,3,3
2022-07-22T11:51:00,3,0,3,3
2022-07-22T11:59:57,3,0,3,3
2022-07-22T12:08:55,3,0,3,3
2022-07-22T12:17:51,3,0,3,3
2022-07-22T12:26:48,3,0,3,3
2022-07-22T12:35:44,3,0,3,3
2022-07-22T12:44:41,3,0,3,3
2022-07-22T12:53:38,3,0,3,3
2022-07-22T13:02:36,3,0,3,3
2022-07-22T13:11:33,3,0,3,3
2022-07-22T13:20:31,3,0,3,3
2022-07-22T13:29:28,3,0,3,3
2022-07-22T13:38:26,3,0,3,3
2022-07-22T13:47:24,3,0,3,3
2022-07-22T13:56:22,3,0,3,3
2022-07-22T14:05:33,3,0,3,3
2022-07-22T14:14:31,3,0,3,3
2022-07-22T14:23:29,3,0,3,3
2022-07-22T14:32:27,3,0,3,3
2022-07-22T14:41:24,3,0,3,3
2022-07-22T14:50:22,3,0,3,3
2022-07-22T14:59:21,3,0,3,3
2022-07-22T15:08:18,3,0,3,3
2022-07-22T15:17:15,3,0,3,3
2022-07-22T15:26:13,3,0,3,3
2022-07-22T15:35:10,3,0,3,3
2022-07-22T15:44:08,3,0,3,3
2022-07-22T15:53:05,3,0,3,3
2022-07-22T16:02:02,3,0,3,3
2022-07-22T16:11:00,3,0,3,3
2022-07-22T16:19:58,3,0,3,3
2022-07-22T16:28:57,3,0,3,3
2022-07-22T16:37:54,3,0,3,3
2022-07-22T16:47:00,3,0,3,3
2022-07-22T16:55:57,3,0,3,3
2022-07-22T17:04:54,3,0,3,3
2022-07-22T17:13:52,3,0,3,3
2022-07-22T17:22:50,3,0,3,3
2022-07-22T17:31:47,3,0,3,3
2022-07-22T17:40:44,3,0,3,3
2022-07-22T17:49:40,3,0,3,3
2022-07-22T17:58:37,3,0,3,3
2022-07-22T18:07:34,3,0,3,3
2022-07-22T18:16:31,3,0,3,3
2022-07-22T18:25:27,3,0,3,3
2022-07-22T18:34:24,3,0,3,3
2022-07-22T18:43:21,3,0,3,3
2022-07-22T18:52:17,3,0,3,3
2022-07-22T19:01:14,3,0,3,3
2022-07-22T19:10:10,3,0,3,3
2022-07-22T19:19:09,3,0,3,3
2022-07-22T19:28:07,3,0,3,3
2022-07-22T19:37:04,3,0,3,3
2022-07-22T19:46:01,3,0,3,3
2022-07-22T19:55:15,3,0,3,3
2022-07-22T20:04:18,3,0,3,3
2022-07-22T20:13:22,3,0,3,3
2022-07-22T20:22:25,3,0,3,3
2022-07-22T20:31:29,3,0,3,3
2022-07-22T20:40:33,3,0,3,3
2022-07-22T20:49:37,3,0,3,3
2022-07-22T20:58:40,3,0,3,3
2022-07-22T21:07:43,3,0,3,3
2022-07-22T21:16:46,3,0,3,3
2022-07-22T21:25:46,3,0,3,3
2022-07-22T21:34:46,3,0,3,3
2022-07-22T21:43:46,3,0,3,3
2022-07-22T21:52:44,3,0,3,3
2022-07-22T22:01:40,3,0,3,3
2022-07-22T22:10:47,3,0,3,3
2022-07-22T22:19:44,3,0,3,3
2022-07-22T22:28:40,3,0,3,3
2022-07-22T22:37:37,3,0,3,3
2022-07-22T22:46:35,3,0,3,3
2022-07-22T22:55:33,3,0,3,3
2022-07-22T23:04:31,3,0,3,3
2022-07-22T23:13:28,3,0,3,3
2022-07-22T23:22:25,3,0,3,3
2022-07-22T23:31:21,3,0,3,3
2022-07-22T23:40:17,3,0,3,3
2022-07-22T23:49:14,3,0,3,3
2022-07-22T23:58:20,3,0,3,3
2022-07-23T00:07:18,3,0,3,3
2022-07-23T00:16:16,3,0,3,3
2022-07-23T00:25:15,3,0,3,3
2022-07-23T00:34:14,3,0,3,3
2022-07-23T00:43:13,3,0,3,3
2022-07-23T00:52:13,3,0,3,3
2022-07-23T01:01:12,3,0,3,3
2022-07-23T01:10:12,3,0,3,3
2022-07-23T01:19:11,3,0,3,3
2022-07-23T01:28:09,3,0,3,3
2022-07-23T01:37:07,3,0,3,3
2022-07-23T01:46:05,3,0,3,3
2022-07-23T01:55:04,3,0,3,3
2022-07-23T02:04:02,3,0,3,3
2022-07-23T02:13:00,3,0,3,3
2022-07-23T02:21:57,3,0,3,3
2022-07-23T02:30:55,3,0,3,3
2022-07-23T02:39:52,3,0,3,3
2022-07-23T02:48:48,3,0,3,3
2022-07-23T02:57:45,3,0,3,3
2022-07-23T03:06:52,3,0,3,3
2022-07-23T03:15:49,3,0,3,3
2022-07-23T03:24:44,3,0,3,3
2022-07-23T03:33:39,3,0,3,3
2022-07-23T03:42:37,3,0,3,3
2022-07-23T03:51:35,3,0,3,3
2022-07-23T04:02:45,3,0,3,3
2022-07-23T04:21:30,3,0,3,3
2022-07-23T04:30:52,3,0,3,3
2022-07-23T04:39:51,3,0,3,3
2022-07-23T04:48:51,3,0,3,3
2022-07-23T04:57:51,3,0,3,3
2022-07-23T05:07:01,3,0,3,3
2022-07-23T05:16:02,3,0,3,3
2022-07-23T05:25:02,3,0,3,3
2022-07-23T05:34:02,3,0,3,3
2022-07-23T05:43:01,3,0,3,3
2022-07-23T05:52:02,3,0,3,3
2022-07-23T06:01:00,3,0,3,3
2022-07-23T06:09:59,3,0,3,3
2022-07-23T06:18:58,3,0,3,3
2022-07-23T06:27:57,3,0,3,3
2022-07-23T06:36:55,3,0,3,3
2022-07-23T06:45:56,3,0,3,3
2022-07-23T06:54:55,3,0,3,3
2022-07-23T07:03:54,3,0,3,3
2022-07-23T07:12:56,3,0,3,3
2022-07-23T07:21:54,3,0,3,3
2022-07-23T07:30:53,3,0,3,3
2022-07-23T07:39:51,3,0,3,3
2022-07-23T07:48:49,3,0,3,3
2022-07-23T07:57:47,3,0,3,3
2022-07-23T08:06:46,3,0,3,3
2022-07-23T08:15:44,3,0,3,3
2022-07-23T08:24:43,3,0,3,3
2022-07-23T08:33:43,3,0,3,3
2022-07-23T08:42:43,3,0,3,3
2022-07-23T08:51:42,3,0,3,3
2022-07-23T09:00:41,3,0,3,3
2022-07-23T09:09:39,3,0,3,3
2022-07-23T09:18:36,3,0,3,3
2022-07-23T09:27:34,3,0,3,3
2022-07-23T09:36:31,3,0,3,3
2022-07-23T09:45:29,3,0,3,3
2022-07-23T09:54:35,3,0,3,3
2022-07-23T10:03:33,3,0,3,3
2022-07-23T10:12:30,3,0,3,3
2022-07-23T10:21:28,3,0,3,3
2022-07-23T10:30:26,3,0,3,3
2022-07-23T10:39:23,3,0,3,3
2022-07-23T10:48:19,3,0,3,3
2022-07-23T10:57:15,3,0,3,3
2022-07-23T11:06:12,3,0,3,3
2022-07-23T11:15:08,3,0,3,3
2022-07-23T11:24:04,3,0,3,3
2022-07-23T11:33:01,3,0,3,3
2022-07-23T11:41:57,3,0,3,3
2022-07-23T11:50:53,3,0,3,3
2022-07-23T11:59:49,3,0,3,3
2022-07-23T12:08:46,3,0,3,3
2022-07-23T12:17:42,3,0,3,3
2022-07-23T12:26:38,3,0,3,3
2022-07-23T12:35:35,3,0,3,3
2022-07-23T12:44:31,3,0,3,3
2022-07-23T12:53:27,3,0,3,3
2022-07-23T13:02:23,3,0,3,3
2022-07-23T13:11:20,3,0,3,3
2022-07-23T13:20:17,3,0,3,3
2022-07-23T13:29:13,3,0,3,3
2022-07-23T13:38:10,3,0,3,3
2022-07-23T13:47:06,3,0,3,3
2022-07-23T13:56:03,3,0,3,3
2022-07-23T14:05:12,3,0,3,3
2022-07-23T14:14:08,3,0,3,3
2022-07-23T14:23:05,3,0,3,3
2022-07-23T14:32:01,3,0,3,3
2022-07-23T14:40:57,3,0,3,3
2022-07-23T14:49:54,3,0,3,3
2022-07-23T14:58:51,3,0,3,3
2022-07-23T15:07:47,3,0,3,3
2022-07-23T15:16:43,3,0,3,3
2022-07-23T15:25:40,3,0,3,3
2022-07-23T15:34:36,3,0,3,3
2022-07-23T15:43:32,3,0,3,3
2022-07-23T15:52:28,3,0,3,3
2022-07-23T16:01:24,3,0,3,3
2022-07-23T16:10:20,3,0,3,3
2022-07-23T16:19:18,3,0,3,3
2022-07-23T16:28:14,3,0,3,3
2022-07-23T16:37:10,3,0,3,3
2022-07-23T16:46:06,3,0,3,3
2022-07-23T16:55:02,3,0,3,3
2022-07-23T17:03:59,3,0,3,3
2022-07-23T17:12:56,3,0,3,3
2022-07-23T17:21:53,3,0,3,3
2022-07-23T17:30:49,3,0,3,3
2022-07-23T17:39:45,3,0,3,3
2022-07-23T17:48:41,3,0,3,3
2022-07-23T17:57:37,3,0,3,3
2022-07-23T18:06:33,3,0,3,3
2022-07-23T18:15:28,3,0,3,3
2022-07-23T18:24:25,3,0,3,3
2022-07-23T18:33:32,3,0,3,3
2022-07-23T18:42:29,3,0,3,3
2022-07-23T18:51:25,3,0,3,3
2022-07-23T19:00:20,3,0,3,3
2022-07-23T19:09:16,3,0,3,3
2022-07-23T19:18:12,3,0,3,3
2022-07-23T19:27:08,3,0,3,3
2022-07-23T19:36:04,3,0,3,3
2022-07-23T19:45:00,3,0,3,3
2022-07-23T19:53:56,3,0,3,3
2022-07-23T20:02:54,3,0,3,3
2022-07-23T20:11:51,3,0,3,3
2022-07-23T20:20:48,3,0,3,3
2022-07-23T20:29:44,3,0,3,3
2022-07-23T20:38:40,3,0,3,3
2022-07-23T20:47:36,3,0,3,3
2022-07-23T20:56:33,3,0,3,3
2022-07-23T21:05:29,3,0,3,3
2022-07-23T21:14:25,3,0,3,3
2022-07-23T21:23:21,3,0,3,3
2022-07-23T21:32:18,3,0,3,3
2022-07-23T21:41:14,3,0,3,3
2022-07-23T21:50:13,3,0,3,3
2022-07-23T21:59:19,3,0,3,3
2022-07-23T22:08:16,3,0,3,3
2022-07-23T22:17:12,3,0,3,3
2022-07-23T22:26:09,3,0,3,3
2022-07-23T22:35:05,3,0,3,3
2022-07-23T22:44:02,3,0,3,3
2022-07-23T22:52:58,3,0,3,3
2022-07-23T23:01:55,3,0,3,3
2022-07-23T23:10:52,3,0,3,3
2022-07-23T23:19:49,3,0,3,3
2022-07-23T23:28:45,3,0,3,3
2022-07-23T23:37:41,3,0,3,3
2022-07-23T23:46:37,3,0,3,3
2022-07-23T23:55:34,3,0,3,3
2022-07-24T00:04:31,3,0,3,3
2022-07-24T00:13:30,3,0,3,3
2022-07-24T00:22:30,3,0,3,3
2022-07-24T00:31:27,3,0,3,3
2022-07-24T00:40:24,3,0,3,3
2022-07-24T00:49:24,3,0,3,3
2022-07-24T00:58:20,3,0,3,3
2022-07-24T01:07:17,3,0,3,3
2022-07-24T01:16:13,3,0,3,3
2022-07-24T01:25:09,3,0,3,3
2022-07-24T01:34:05,3,0,3,3
2022-07-24T01:43:01,3,0,3,3
2022-07-24T01:52:08,3,0,3,3
2022-07-24T02:01:05,3,0,3,3
2022-07-24T02:10:02,3,0,3,3
2022-07-24T02:18:59,3,0,3,3
2022-07-24T02:28:01,3,0,3,3
2022-07-24T02:37:04,3,0,3,3
2022-07-24T02:46:04,3,0,3,3
2022-07-24T02:55:22,3,0,3,3
2022-07-24T03:04:21,3,0,3,3
2022-07-24T03:13:22,3,0,3,3
2022-07-24T03:22:21,3,0,3,3
2022-07-24T03:31:21,3,0,3,3
2022-07-24T03:40:21,3,0,3,3
2022-07-24T03:49:19,3,0,3,3
2022-07-24T03:58:17,3,0,3,3
2022-07-24T04:07:17,3,0,3,3
2022-07-24T04:22:44,3,0,3,3
2022-07-24T04:32:07,3,0,3,3
2022-07-24T04:41:07,3,0,3,3
2022-07-24T04:50:07,3,0,3,3
2022-07-24T04:59:07,3,0,3,3
2022-07-24T05:08:08,3,0,3,3
2022-07-24T05:17:08,3,0,3,3
2022-07-24T05:26:06,3,0,3,3
2022-07-24T05:35:08,3,0,3,3
2022-07-24T05:44:06,3,0,3,3
2022-07-24T05:53:05,3,0,3,3
2022-07-24T06:02:04,3,0,3,3
2022-07-24T06:11:03,3,0,3,3
2022-07-24T06:20:01,3,0,3,3
2022-07-24T06:29:00,3,0,3,3
2022-07-24T06:38:01,3,0,3,3
2022-07-24T06:46:59,3,0,3,3
2022-07-24T06:55:56,3,0,3,3
2022-07-24T07:04:52,3,0,3,3
2022-07-24T07:13:48,3,0,3,3
2022-07-24T07:22:45,3,0,3,3
2022-07-24T07:31:41,3,0,3,3
2022-07-24T07:40:38,3,0,3,3
2022-07-24T07:49:34,3,0,3,3
2022-07-24T07:58:30,3,0,3,3
2022-07-24T08:07:27,3,0,3,3
2022-07-24T08:16:23,3,0,3,3
2022-07-24T08:25:20,3,0,3,3
2022-07-24T08:34:19,3,0,3,3
2022-07-24T08:43:16,3,0,3,3
2022-07-24T08:52:13,3,0,3,3
2022-07-24T09:01:10,3,0,3,3
2022-07-24T09:10:08,3,0,3,3
2022-07-24T09:19:04,3,0,3,3
2022-07-24T09:28:00,3,0,3,3
2022-07-24T09:36:57,3,0,3,3
2022-07-24T09:45:57,3,0,3,3
2022-07-24T09:54:54,3,0,3,3
2022-07-24T10:03:53,3,0,3,3
2022-07-24T10:12:50,3,0,3,3
2022-07-24T10:21:48,3,0,3,3
2022-07-24T10:30:46,3,0,3,3
2022-07-24T10:39:42,3,0,3,3
2022-07-24T10:48:39,3,0,3,3
2022-07-24T10:57:36,3,0,3,3
2022-07-24T11:06:42,3,0,3,3
2022-07-24T11:15:39,3,0,3,3
2022-07-24T11:24:36,3,0,3,3
2022-07-24T11:33:33,3,0,3,3
2022-07-24T11:42:31,3,0,3,3
2022-07-24T11:51:28,3,0,3,3
2022-07-24T12:00:25,3,0,3,3
2022-07-24T12:09:22,3,0,3,3
2022-07-24T12:18:19,3,0,3,3
2022-07-24T12:27:16,3,0,3,3
2022-07-24T12:36:13,3,0,3,3
2022-07-24T12:45:09,3,0,3,3
2022-07-24T12:54:06,3,0,3,3
2022-07-24T13:03:03,3,0,3,3
2022-07-24T13:12:00,3,0,3,3
2022-07-24T13:20:56,3,0,3,3
2022-07-24T13:29:52,3,0,3,3
2022-07-24T13:38:49,3,0,3,3
2022-07-24T13:47:46,3,0,3,3
2022-07-24T13:56:43,3,0,3,3
2022-07-24T14:05:39,3,0,3,3
2022-07-24T14:14:48,3,0,3,3
2022-07-24T14:23:45,3,0,3,3
2022-07-24T14:32:41,3,0,3,3
2022-07-24T14:41:37,3,0,3,3
2022-07-24T14:50:34,3,0,3,3
2022-07-24T14:59:30,3,0,3,3
2022-07-24T15:08:27,3,0,3,3
2022-07-24T15:17:23,3,0,3,3
2022-07-24T15:26:20,3,0,3,3
2022-07-24T15:35:17,3,0,3,3
2022-07-24T15:44:13,3,0,3,3
2022-07-24T15:53:10,3,0,3,3
2022-07-24T16:02:06,3,0,3,3
2022-07-24T16:11:03,3,0,3,3
2022-07-24T16:20:00,3,0,3,3
2022-07-24T16:28:57,3,0,3,3
2022-07-24T16:37:54,3,0,3,3
2022-07-24T16:46:50,3,0,3,3
2022-07-24T16:55:47,3,0,3,3
2022-07-24T17:04:43,3,0,3,3
2022-07-24T17:13:40,3,0,3,3
2022-07-24T17:22:47,3,0,3,3
2022-07-24T17:31:43,3,0,3,3
2022-07-24T17:40:40,3,0,3,3
2022-07-24T17:49:36,3,0,3,3
2022-07-24T17:58:33,3,0,3,3
2022-07-24T18:07:29,3,0,3,3
2022-07-24T18:16:25,3,0,3,3
2022-07-24T18:25:22,3,0,3,3
2022-07-24T18:34:19,3,0,3,3
2022-07-24T18:43:15,3,0,3,3
2022-07-24T18:52:13,3,0,3,3
2022-07-24T19:01:09,3,0,3,3
2022-07-24T19:10:07,3,0,3,3
2022-07-24T19:19:03,3,0,3,3
2022-07-24T19:28:00,3,0,3,3
2022-07-24T19:36:57,3,0,3,3
2022-07-24T19:45:54,3,0,3,3
2022-07-24T19:54:51,3,0,3,3
2022-07-24T20:03:48,3,0,3,3
2022-07-24T20:12:45,3,0,3,3
2022-07-24T20:21:52,3,0,3,3
2022-07-24T20:30:48,3,0,3,3
2022-07-24T20:39:45,3,0,3,3
2022-07-24T20:48:42,3,0,3,3
2022-07-24T20:57:40,3,0,3,3
2022-07-24T21:06:37,3,0,3,3
2022-07-24T21:15:34,3,0,3,3
2022-07-24T21:24:30,3,0,3,3
2022-07-24T21:33:27,3,0,3,3
2022-07-24T21:42:24,3,0,3,3
2022-07-24T21:51:22,3,0,3,3
2022-07-24T22:00:19,3,0,3,3
2022-07-24T22:09:16,3,0,3,3
2022-07-24T22:18:13,3,0,3,3
2022-07-24T22:27:10,3,0,3,3
2022-07-24T22:36:08,3,0,3,3
2022-07-24T22:45:05,3,0,3,3
2022-07-24T22:54:01,3,0,3,3
2022-07-24T23:03:11,3,0,3,3
2022-07-24T23:12:09,3,0,3,3
2022-07-24T23:21:07,3,0,3,3
2022-07-24T23:30:05,3,0,3,3
2022-07-24T23:39:02,3,0,3,3
2022-07-24T23:47:58,3,0,3,3
2022-07-24T23:56:54,3,0,3,3
2022-07-25T00:05:52,3,0,3,3
2022-07-25T00:14:53,3,0,3,3
2022-07-25T00:23:57,3,0,3,3
2022-07-25T00:32:58,3,0,3,3
2022-07-25T00:42:07,3,0,3,3
2022-07-25T00:51:07,3,0,3,3
2022-07-25T01:00:04,3,0,3,3
2022-07-25T01:08:59,3,0,3,3
2022-07-25T01:17:57,3,0,3,3
2022-07-25T01:26:53,3,0,3,3
2022-07-25T01:35:50,3,0,3,3
2022-07-25T01:44:45,3,0,3,3
2022-07-25T01:53:40,3,0,3,3
2022-07-25T02:02:37,3,0,3,3
2022-07-25T02:11:34,3,0,3,3
2022-07-25T02:20:30,3,0,3,3
2022-07-25T02:29:25,3,0,3,3
2022-07-25T02:38:21,3,0,3,3
2022-07-25T02:47:16,3,0,3,3
2022-07-25T02:56:10,3,0,3,3
2022-07-25T03:05:04,3,0,3,3
2022-07-25T03:13:59,3,0,3,3
2022-07-25T03:22:54,3,0,3,3
2022-07-25T03:31:48,3,0,3,3
2022-07-25T03:40:44,3,0,3,3
2022-07-25T03:49:41,3,0,3,3
2022-07-25T03:58:38,3,0,3,3
2022-07-25T04:19:07,3,0,3,3
2022-07-25T04:29:24,3,0,3,3
2022-07-25T04:38:40,3,0,3,3
2022-07-25T04:47:41,3,0,3,3
2022-07-25T04:56:41,3,0,3,3
2022-07-25T05:05:43,3,0,3,3
2022-07-25T05:14:44,3,0,3,3
2022-07-25T05:23:44,3,0,3,3
2022-07-25T05:32:44,3,0,3,3
2022-07-25T05:41:43,3,0,3,3
2022-07-25T05:50:40,3,0,3,3
2022-07-25T05:59:39,3,0,3,3
2022-07-25T06:08:37,3,0,3,3
2022-07-25T06:17:35,3,0,3,3
2022-07-25T06:26:35,3,0,3,3
2022-07-25T06:35:33,3,0,3,3
2022-07-25T06:44:29,3,0,3,3
2022-07-25T06:53:27,3,0,3,3
2022-07-25T07:02:24,3,0,3,3
2022-07-25T07:11:21,3,0,3,3
2022-07-25T07:20:19,3,0,3,3
2022-07-25T07:29:16,3,0,3,3
2022-07-25T07:38:14,3,0,3,3
2022-07-25T07:47:11,3,0,3,3
2022-07-25T07:56:11,3,0,3,3
2022-07-25T08:05:10,3,0,3,3
2022-07-25T08:14:10,3,0,3,3
2022-07-25T08:23:13,3,0,3,3
2022-07-25T08:32:15,3,0,3,3
2022-07-25T08:41:13,3,0,3,3
2022-07-25T08:50:11,3,0,3,3
2022-07-25T08:59:09,3,0,3,3
2022-07-25T09:08:07,3,0,3,3
2022-07-25T09:17:05,3,0,3,3
2022-07-25T09:26:03,3,0,3,3
2022-07-25T09:35:02,3,0,3,3
2022-07-25T09:44:25,3,0,3,3
2022-07-25T09:53:24,3,0,3,3
2022-07-25T10:02:22,3,0,3,3
2022-07-25T10:11:21,3,0,3,3
2022-07-25T10:20:19,3,0,3,3
2022-07-25T10:29:18,3,0,3,3
2022-07-25T10:38:15,3,0,3,3
2022-07-25T10:47:14,3,0,3,3
2022-07-25T10:56:13,3,0,3,3
2022-07-25T11:05:13,3,0,3,3
2022-07-25T11:14:11,3,0,3,3
2022-07-25T11:23:10,3,0,3,3
2022-07-25T11:32:08,3,0,3,3
2022-07-25T11:41:06,3,0,3,3
2022-07-25T11:50:17,3,0,3,3
2022-07-25T11:59:15,3,0,3,3
2022-07-25T12:08:14,3,0,3,3
2022-07-25T12:17:13,3,0,3,3
2022-07-25T12:26:11,3,0,3,3
2022-07-25T12:35:08,3,0,3,3
2022-07-25T12:44:07,3,0,3,3
2022-07-25T12:53:05,3,0,3,3
2022-07-25T13:02:03,3,0,3,3
2022-07-25T13:11:01,3,0,3,3
2022-07-25T13:20:00,3,0,3,3
2022-07-25T13:28:58,3,0,3,3
2022-07-25T13:37:58,3,0,3,3
2022-07-25T13:47:08,3,0,3,3
2022-07-25T13:56:07,3,0,3,3
2022-07-25T14:05:06,3,0,3,3
2022-07-25T14:14:07,3,0,3,3
2022-07-25T14:23:06,3,0,3,3
2022-07-25T14:32:05,3,0,3,3
2022-07-25T14:41:04,3,0,3,3
2022-07-25T14:50:03,3,0,3,3
2022-07-25T14:59:03,3,0,3,3
2022-07-25T15:08:02,3,0,3,3
2022-07-25T15:17:00,3,0,3,3
2022-07-25T15:25:58,3,0,3,3
2022-07-25T15:34:56,3,0,3,3
2022-07-25T15:43:56,3,0,3,3
2022-07-25T15:53:05,3,0,3,3
2022-07-25T16:02:04,3,0,3,3
2022-07-25T16:11:02,3,0,3,3
2022-07-25T16:20:03,3,0,3,3
2022-07-25T16:29:01,3,0,3,3
2022-07-25T16:37:59,3,0,3,3
2022-07-25T16:46:57,3,0,3,3
2022-07-25T16:55:55,3,0,3,3
2022-07-25T17:04:53,3,0,3,3
2022-07-25T17:13:52,3,0,3,3
2022-07-25T17:22:49,3,0,3,3
2022-07-25T17:31:47,3,0,3,3
2022-07-25T17:40:44,3,0,3,3
2022-07-25T17:49:41,3,0,3,3
2022-07-25T17:58:38,3,0,3,3
2022-07-25T18:07:55,3,0,3,3
2022-07-25T18:16:53,3,0,3,3
2022-07-25T18:25:50,3,0,3,3
2022-07-25T18:34:47,3,0,3,3
2022-07-25T18:43:44,3,0,3,3
2022-07-25T18:52:41,3,0,3,3
2022-07-25T19:01:40,3,0,3,3
2022-07-25T19:10:38,3,0,3,3
2022-07-25T19:19:35,3,0,3,3
2022-07-25T19:28:35,3,0,3,3
2022-07-25T19:37:32,3,0,3,3
2022-07-25T19:46:28,3,0,3,3
2022-07-25T19:55:25,3,0,3,3
2022-07-25T20:04:33,3,0,3,3
2022-07-25T20:13:30,3,0,3,3
2022-07-25T20:22:27,3,0,3,3
2022-07-25T20:31:24,3,0,3,3
2022-07-25T20:40:21,3,0,3,3
2022-07-25T20:49:18,3,0,3,3
2022-07-25T20:58:15,3,0,3,3
2022-07-25T21:07:12,3,0,3,3
2022-07-25T21:16:09,3,0,3,3
2022-07-25T21:25:06,3,0,3,3
2022-07-25T21:34:04,3,0,3,3
2022-07-25T21:43:01,3,0,3,3
2022-07-25T21:51:58,3,0,3,3
2022-07-25T22:00:55,3,0,3,3
2022-07-25T22:09:53,3,0,3,3
2022-07-25T22:18:50,3,0,3,3
2022-07-25T22:27:47,3,0,3,3
2022-07-25T22:36:44,3,0,3,3
2022-07-25T22:45:53,3,0,3,3
2022-07-25T22:54:50,3,0,3,3
2022-07-25T23:03:50,3,0,3,3
2022-07-25T23:12:48,3,0,3,3
2022-07-25T23:21:46,3,0,3,3
2022-07-25T23:30:43,3,0,3,3
2022-07-25T23:39:40,3,0,3,3
2022-07-25T23:48:37,3,0,3,3
2022-07-25T23:57:34,3,0,3,3
2022-07-26T00:06:32,3,0,3,3
2022-07-26T00:15:30,3,0,3,3
2022-07-26T00:24:29,3,0,3,3
2022-07-26T00:33:29,3,0,3,3
2022-07-26T00:42:27,3,0,3,3
2022-07-26T00:51:28,3,0,3,3
2022-07-26T01:00:28,3,0,3,3
2022-07-26T01:09:53,3,0,3,3
2022-07-26T01:18:53,3,0,3,3
2022-07-26T01:27:52,3,0,3,3
2022-07-26T01:36:50,3,0,3,3
2022-07-26T01:45:48,3,0,3,3
2022-07-26T01:54:48,3,0,3,3
2022-07-26T02:03:46,3,0,3,3
2022-07-26T02:12:45,3,0,3,3
2022-07-26T02:21:42,3,0,3,3
2022-07-26T02:30:40,3,0,3,3
2022-07-26T02:39:37,3,0,3,3
2022-07-26T02:48:33,3,0,3,3
2022-07-26T02:57:30,3,0,3,3
2022-07-26T03:06:26,3,0,3,3
2022-07-26T03:15:22,3,0,3,3
2022-07-26T03:24:18,3,0,3,3
2022-07-26T03:33:14,3,0,3,3
2022-07-26T03:42:11,3,0,3,3
2022-07-26T03:52:05,3,0,3,3
2022-07-26T04:02:34,3,0,3,3
2022-07-26T04:11:34,3,0,3,3
2022-07-26T04:30:40,3,0,3,3
2022-07-26T04:40:04,3,0,3,3
2022-07-26T04:49:06,3,0,3,3
2022-07-26T04:58:19,3,0,3,3
2022-07-26T05:07:20,3,0,3,3
2022-07-26T05:16:21,3,0,3,3
2022-07-26T05:25:20,3,0,3,3
2022-07-26T05:34:22,3,0,3,3
2022-07-26T05:43:21,3,0,3,3
2022-07-26T05:52:20,3,0,3,3
2022-07-26T06:01:20,3,0,3,3
2022-07-26T06:10:23,3,0,3,3
2022-07-26T06:19:22,3,0,3,3
2022-07-26T06:28:21,3,0,3,3
2022-07-26T06:37:20,3,0,3,3
2022-07-26T06:46:20,3,0,3,3
2022-07-26T06:55:21,3,0,3,3
2022-07-26T07:04:22,3,0,3,3
2022-07-26T07:13:21,3,0,3,3
2022-07-26T07:22:21,3,0,3,3
2022-07-26T07:31:21,3,0,3,3
2022-07-26T07:40:20,3,0,3,3
2022-07-26T07:49:18,3,0,3,3
2022-07-26T07:58:19,3,0,3,3
2022-07-26T08:07:18,3,0,3,3
2022-07-26T08:16:18,3,0,3,3
2022-07-26T08:25:18,3,0,3,3
2022-07-26T08:34:17,3,0,3,3
2022-07-26T08:43:16,3,0,3,3
2022-07-26T08:52:14,3,0,3,3
2022-07-26T09:01:12,3,0,3,3
2022-07-26T09:10:10,3,0,3,3
2022-07-26T09:19:09,3,0,3,3
2022-07-26T09:28:08,3,0,3,3
2022-07-26T09:37:32,3,0,3,3
2022-07-26T09:46:30,3,0,3,3
2022-07-26T09:55:29,3,0,3,3
2022-07-26T10:04:27,3,0,3,3
2022-07-26T10:13:26,3,0,3,3
2022-07-26T10:22:24,3,0,3,3
2022-07-26T10:31:22,3,0,3,3
2022-07-26T10:40:21,3,0,3,3
2022-07-26T10:49:19,3,0,3,3
2022-07-26T10:58:19,3,0,3,3
2022-07-26T11:07:17,3,0,3,3
2022-07-26T11:16:16,3,0,3,3
2022-07-26T11:25:15,3,0,3,3
2022-07-26T11:34:14,3,0,3,3
2022-07-26T11:43:12,3,0,3,3
2022-07-26T11:52:11,3,0,3,3
2022-07-26T12:01:09,3,0,3,3
2022-07-26T12:10:08,3,0,3,3
2022-07-26T12:19:19,3,0,3,3
2022-07-26T12:28:17,3,0,3,3
2022-07-26T12:37:14,3,0,3,3
2022-07-26T12:46:12,3,0,3,3
2022-07-26T12:55:10,3,0,3,3
2022-07-26T13:04:09,3,0,3,3
2022-07-26T13:13:07,3,0,3,3
2022-07-26T13:22:05,3,0,3,3
2022-07-26T13:31:04,3,0,3,3
2022-07-26T13:40:03,3,0,3,3
2022-07-26T13:49:01,3,0,3,3
2022-07-26T13:58:27,3,0,3,3
2022-07-26T14:07:26,3,0,3,3
2022-07-26T14:16:25,3,0,3,3
2022-07-26T14:25:23,3,0,3,3
2022-07-26T14:34:21,3,0,3,3
2022-07-26T14:43:20,3,0,3,3
2022-07-26T14:52:18,3,0,3,3
2022-07-26T15:01:16,3,0,3,3
2022-07-26T15:10:14,3,0,3,3
2022-07-26T15:19:12,3,0,3,3
2022-07-26T15:28:11,3,0,3,3
2022-07-26T15:37:09,3,0,3,3
2022-07-26T15:46:09,3,0,3,3
2022-07-26T15:55:18,3,0,3,3
2022-07-26T16:04:17,3,0,3,3
2022-07-26T16:13:15,3,0,3,3
2022-07-26T16:22:13,3,0,3,3
2022-07-26T16:31:11,3,0,3,3
2022-07-26T16:40:08,3,0,3,3
2022-07-26T16:49:06,3,0,3,3
2022-07-26T16:58:04,3,0,3,3
2022-07-26T17:07:01,3,0,3,3
2022-07-26T17:16:00,3,0,3,3
2022-07-26T17:24:58,3,0,3,3
2022-07-26T17:34:13,3,0,3,3
2022-07-26T17:43:11,3,0,3,3
2022-07-26T17:52:08,3,0,3,3
2022-07-26T18:01:05,3,0,3,3
2022-07-26T18:10:03,3,0,3,3
2022-07-26T18:19:00,3,0,3,3
2022-07-26T18:27:57,3,0,3,3
2022-07-26T18:36:54,3,0,3,3
2022-07-26T18:45:52,3,0,3,3
2022-07-26T18:54:49,3,0,3,3
2022-07-26T19:03:47,3,0,3,3
2022-07-26T19:12:44,3,0,3,3
2022-07-26T19:21:42,3,0,3,3
2022-07-26T19:30:40,3,0,3,3
2022-07-26T19:39:48,3,0,3,3
2022-07-26T19:48:45,3,0,3,3
2022-07-26T19:57:42,3,0,3,3
2022-07-26T20:06:38,3,0,3,3
2022-07-26T20:15:36,3,0,3,3
2022-07-26T20:24:33,3,0,3,3
2022-07-26T20:33:30,3,0,3,3
2022-07-26T20:42:27,3,0,3,3
2022-07-26T20:51:24,3,0,3,3
2022-07-26T21:00:21,3,0,3,3
2022-07-26T21:09:18,3,0,3,3
2022-07-26T21:18:15,3,0,3,3
2022-07-26T21:27:12,3,0,3,3
2022-07-26T21:36:09,3,0,3,3
2022-07-26T21:45:06,3,0,3,3
2022-07-26T21:54:04,3,0,3,3
2022-07-26T22:03:21,3,0,3,3
2022-07-26T22:12:18,3,0,3,3
2022-07-26T22:21:16,3,0,3,3
2022-07-26T22:30:12,3,0,3,3
2022-07-26T22:39:08,3,0,3,3
2022-07-26T22:48:08,3,0,3,3
2022-07-26T22:57:05,3,0,3,3
2022-07-26T23:06:03,3,0,3,3
2022-07-26T23:15:00,3,0,3,3
2022-07-26T23:23:58,3,0,3,3
2022-07-26T23:32:55,3,0,3,3
2022-07-26T23:41:52,3,0,3,3
2022-07-26T23:50:49,3,0,3,3
2022-07-26T23:59:45,3,0,3,3
2022-07-27T00:08:43,3,0,3,3
2022-07-27T00:17:44,3,0,3,3
2022-07-27T00:26:42,3,0,3,3
2022-07-27T00:35:40,3,0,3,3
2022-07-27T00:44:40,3,0,3,3
2022-07-27T00:53:51,3,0,3,3
2022-07-27T01:02:52,3,0,3,3
2022-07-27T01:11:50,3,0,3,3
2022-07-27T01:20:50,3,0,3,3
2022-07-27T01:29:50,3,0,3,3
2022-07-27T01:38:50,3,0,3,3
2022-07-27T01:47:49,3,0,3,3
2022-07-27T01:56:48,3,0,3,3
2022-07-27T02:05:46,3,0,3,3
2022-07-27T02:14:45,3,0,3,3
2022-07-27T02:23:53,3,0,3,3
2022-07-27T02:32:52,3,0,3,3
2022-07-27T02:41:51,3,0,3,3
2022-07-27T02:50:49,3,0,3,3
2022-07-27T02:59:47,3,0,3,3
2022-07-27T03:08:45,3,0,3,3
2022-07-27T03:17:41,3,0,3,3
2022-07-27T03:26:38,3,0,3,3
2022-07-27T03:35:36,3,0,3,3
2022-07-27T03:44:35,3,0,3,3
2022-07-27T03:53:33,3,0,3,3
2022-07-27T04:02:32,3,0,3,3
2022-07-27T04:21:05,3,0,3,3
2022-07-27T04:30:27,3,0,3,3
2022-07-27T04:39:28,3,0,3,3
2022-07-27T04:48:29,3,0,3,3
2022-07-27T04:57:28,3,0,3,3
2022-07-27T05:06:28,3,0,3,3
2022-07-27T05:15:26,3,0,3,3
2022-07-27T05:24:25,3,0,3,3
2022-07-27T05:34:46,3,0,3,3
2022-07-27T05:44:04,3,0,3,3
2022-07-27T05:53:04,3,0,3,3
2022-07-27T06:02:04,3,0,3,3
2022-07-27T06:11:03,3,0,3,3
2022-07-27T06:20:00,3,0,3,3
2022-07-27T06:28:57,3,0,3,3
2022-07-27T06:37:54,3,0,3,3
2022-07-27T08:24:05,3,0,3,3
2022-07-27T08:33:31,3,0,3,3
2022-07-27T08:42:30,3,0,3,3
2022-07-27T08:51:28,3,0,3,3
2022-07-27T09:00:27,3,0,3,3
2022-07-27T09:09:25,3,0,3,3
2022-07-27T09:18:24,3,0,3,3
2022-07-27T09:27:22,3,0,3,3
2022-07-27T09:36:20,3,0,3,3
2022-07-27T09:45:19,3,0,3,3
2022-07-27T09:54:17,3,0,3,3
2022-07-27T10:03:17,3,0,3,3
2022-07-27T10:12:16,3,0,3,3
2022-07-27T10:21:14,3,0,3,3
2022-07-27T10:30:13,3,0,3,3
2022-07-27T10:39:11,3,0,3,3
2022-07-27T10:48:09,3,0,3,3
2022-07-27T10:57:08,3,0,3,3
2022-07-27T11:06:07,3,0,3,3
2022-07-27T11:15:06,3,0,3,3
2022-07-27T11:24:15,3,0,3,3
2022-07-27T11:33:13,3,0,3,3
2022-07-27T11:42:12,3,0,3,3
2022-07-27T11:51:10,3,0,3,3
2022-07-27T12:00:08,3,0,3,3
2022-07-27T12:09:06,3,0,3,3
2022-07-27T12:18:04,3,0,3,3
2022-07-27T12:27:02,3,0,3,3
2022-07-27T12:36:00,3,0,3,3
2022-07-27T12:44:59,3,0,3,3
2022-07-27T12:53:57,3,0,3,3
2022-07-27T13:02:55,3,0,3,3
2022-07-27T13:11:53,3,0,3,3
2022-07-27T13:20:52,3,0,3,3
2022-07-27T13:29:50,3,0,3,3
2022-07-27T13:38:49,3,0,3,3
2022-07-27T13:47:48,3,0,3,3
2022-07-27T13:56:57,3,0,3,3
2022-07-27T14:05:56,3,0,3,3
2022-07-27T14:14:54,3,0,3,3
2022-07-27T14:23:53,3,0,3,3
2022-07-27T14:32:51,3,0,3,3
2022-07-27T14:41:50,3,0,3,3
2022-07-27T14:50:48,3,0,3,3
2022-07-27T14:59:46,3,0,3,3
2022-07-27T15:08:44,3,0,3,3
2022-07-27T15:17:42,3,0,3,3
2022-07-27T15:26:40,3,0,3,3
2022-07-27T15:35:38,3,0,3,3
2022-07-27T15:44:36,3,0,3,3
2022-07-27T15:53:34,3,0,3,3
2022-07-27T16:02:32,3,0,3,3
2022-07-27T16:11:43,3,0,3,3
2022-07-27T16:20:41,3,0,3,3
2022-07-27T16:29:39,3,0,3,3
2022-07-27T16:38:36,3,0,3,3
2022-07-27T16:47:34,3,0,3,3
2022-07-27T16:56:32,3,0,3,3
2022-07-27T17:05:30,3,0,3,3
2022-07-27T17:14:28,3,0,3,3
2022-07-27T17:23:25,3,0,3,3
2022-07-27T17:32:22,3,0,3,3
2022-07-27T17:41:19,3,0,3,3
2022-07-27T17:50:16,3,0,3,3
2022-07-27T17:59:14,3,0,3,3
2022-07-27T18:08:22,3,0,3,3
2022-07-27T18:17:19,3,0,3,3
2022-07-27T18:26:17,3,0,3,3
2022-07-27T18:35:14,3,0,3,3
2022-07-27T18:44:12,3,0,3,3
2022-07-27T18:53:08,3,0,3,3
2022-07-27T19:02:06,3,0,3,3
2022-07-27T19:11:03,3,0,3,3
2022-07-27T19:20:00,3,0,3,3
2022-07-27T19:28:58,3,0,3,3
2022-07-27T19:37:55,3,0,3,3
2022-07-27T19:46:52,3,0,3,3
2022-07-27T19:55:49,3,0,3,3
2022-07-27T20:04:46,3,0,3,3
2022-07-27T20:13:43,3,0,3,3
2022-07-27T20:22:40,3,0,3,3
2022-07-27T20:31:38,3,0,3,3
2022-07-27T20:40:35,3,0,3,3
2022-07-27T20:49:32,3,0,3,3
2022-07-27T20:58:39,3,0,3,3
2022-07-27T21:07:37,3,0,3,3
2022-07-27T21:16:34,3,0,3,3
2022-07-27T21:25:31,3,0,3,3
2022-07-27T21:34:30,3,0,3,3
2022-07-27T21:43:27,3,0,3,3
2022-07-27T21:52:25,3,0,3,3
2022-07-27T22:01:23,3,0,3,3
2022-07-27T22:10:20,3,0,3,3
2022-07-27T22:19:17,3,0,3,3
2022-07-27T22:28:14,3,0,3,3
2022-07-27T22:37:11,3,0,3,3
2022-07-27T22:46:08,3,0,3,3
2022-07-27T22:55:06,3,0,3,3
2022-07-27T23:04:04,3,0,3,3
2022-07-27T23:13:01,3,0,3,3
2022-07-27T23:21:59,3,0,3,3
2022-07-27T23:30:56,3,0,3,3
2022-07-27T23:39:53,3,0,3,3
2022-07-27T23:48:51,3,0,3,3
2022-07-27T23:57:48,3,0,3,3
2022-07-28T00:06:45,3,0,3,3
2022-07-28T00:15:45,3,0,3,3
2022-07-28T00:24:44,3,0,3,3
2022-07-28T00:33:42,3,0,3,3
2022-07-28T00:43:13,3,0,3,3
2022-07-28T00:52:14,3,0,3,3
2022-07-28T01:01:13,3,0,3,3
2022-07-28T01:10:11,3,0,3,3
2022-07-28T01:19:10,3,0,3,3
2022-07-28T01:28:09,3,0,3,3
2022-07-28T01:37:08,3,0,3,3
2022-07-28T01:46:07,3,0,3,3
2022-07-28T01:55:07,3,0,3,3
2022-07-28T02:04:05,3,0,3,3
2022-07-28T02:13:03,3,0,3,3
2022-07-28T02:22:00,3,0,3,3
2022-07-28T02:30:57,3,0,3,3
2022-07-28T02:39:54,3,0,3,3
2022-07-28T02:48:51,3,0,3,3
2022-07-28T02:57:47,3,0,3,3
2022-07-28T03:06:43,3,0,3,3
2022-07-28T03:15:39,3,0,3,3
2022-07-28T03:24:36,3,0,3,3
2022-07-28T03:33:32,3,0,3,3
2022-07-28T03:42:30,3,0,3,3
2022-07-28T03:51:28,3,0,3,3
2022-07-28T04:00:27,3,0,3,3
2022-07-28T04:10:57,3,0,3,3
2022-07-28T04:29:46,3,0,3,3
2022-07-28T04:39:09,3,0,3,3
2022-07-28T04:48:10,3,0,3,3
2022-07-28T04:57:09,3,0,3,3
2022-07-28T05:06:12,3,0,3,3
2022-07-28T05:15:13,3,0,3,3
2022-07-28T05:24:12,3,0,3,3
2022-07-28T05:33:11,3,0,3,3
2022-07-28T05:42:10,3,0,3,3
2022-07-28T05:51:11,3,0,3,3
2022-07-28T06:00:12,3,0,3,3
2022-07-28T06:09:12,3,0,3,3
2022-07-28T06:18:11,3,0,3,3
2022-07-28T06:27:10,3,0,3,3
2022-07-28T06:36:08,3,0,3,3
2022-07-28T06:45:06,3,0,3,3
2022-07-28T06:54:04,3,0,3,3
2022-07-28T07:03:08,3,0,3,3
2022-07-28T07:12:07,3,0,3,3
2022-07-28T07:21:06,3,0,3,3
2022-07-28T07:30:04,3,0,3,3
2022-07-28T07:39:04,3,0,3,3
2022-07-28T07:48:02,3,0,3,3
2022-07-28T07:57:01,3,0,3,3
2022-07-28T08:06:03,3,0,3,3
2022-07-28T08:15:02,3,0,3,3
2022-07-28T08:24:02,3,0,3,3
2022-07-28T08:33:01,3,0,3,3
2022-07-28T08:41:59,3,0,3,3
2022-07-28T08:50:57,3,0,3,3
2022-07-28T08:59:54,3,0,3,3
2022-07-28T09:08:52,3,0,3,3
2022-07-28T09:17:50,3,0,3,3
2022-07-28T09:26:51,3,0,3,3
2022-07-28T09:35:51,3,0,3,3
2022-07-28T09:44:59,3,0,3,3
2022-07-28T09:53:59,3,0,3,3
2022-07-28T10:03:03,3,0,3,3
2022-07-28T10:12:09,3,0,3,3
2022-07-28T10:21:13,3,0,3,3
2022-07-28T10:30:17,3,0,3,3
2022-07-28T10:39:22,3,0,3,3
2022-07-28T10:48:29,3,0,3,3
2022-07-28T10:57:34,3,0,3,3
2022-07-28T11:06:39,3,0,3,3
2022-07-28T11:15:44,3,0,3,3
2022-07-28T11:24:48,3,0,3,3
2022-07-28T11:33:49,3,0,3,3
2022-07-28T11:43:03,3,0,3,3
2022-07-28T11:52:05,3,0,3,3
2022-07-28T12:01:03,3,0,3,3
2022-07-28T12:10:00,3,0,3,3
2022-07-28T12:18:58,3,0,3,3
2022-07-28T12:27:56,3,0,3,3
2022-07-28T12:36:53,3,0,3,3
2022-07-28T12:45:51,3,0,3,3
2022-07-28T12:54:48,3,0,3,3
2022-07-28T13:03:46,3,0,3,3
2022-07-28T13:12:44,3,0,3,3
2022-07-28T13:21:42,3,0,3,3
2022-07-28T13:30:40,3,0,3,3
2022-07-28T13:39:38,3,0,3,3
2022-07-28T13:48:37,3,0,3,3
2022-07-28T13:57:35,3,0,3,3
2022-07-28T14:06:35,3,0,3,3
2022-07-28T14:15:33,3,0,3,3
2022-07-28T14:24:31,3,0,3,3
2022-07-28T14:33:30,3,0,3,3
2022-07-28T14:42:40,3,0,3,3
2022-07-28T14:51:38,3,0,3,3
2022-07-28T15:00:37,3,0,3,3
2022-07-28T15:09:36,3,0,3,3
2022-07-28T15:18:34,3,0,3,3
2022-07-28T15:27:32,3,0,3,3
2022-07-28T15:36:30,3,0,3,3
2022-07-28T15:45:29,3,0,3,3
2022-07-28T15:54:27,3,0,3,3
2022-07-28T16:03:25,3,0,3,3
2022-07-28T16:12:23,3,0,3,3
2022-07-28T16:21:21,3,0,3,3
2022-07-28T16:30:19,3,0,3,3
2022-07-28T16:39:29,3,0,3,3
2022-07-28T16:48:27,3,0,3,3
2022-07-28T16:57:24,3,0,3,3
2022-07-28T17:06:22,3,0,3,3
2022-07-28T17:15:21,3,0,3,3
2022-07-28T17:24:19,3,0,3,3
2022-07-28T17:33:16,3,0,3,3
2022-07-28T17:42:13,3,0,3,3
2022-07-28T17:51:12,3,0,3,3
2022-07-28T18:00:09,3,0,3,3
2022-07-28T18:09:07,3,0,3,3
2022-07-28T18:18:05,3,0,3,3
2022-07-28T18:27:03,3,0,3,3
2022-07-28T18:36:00,3,0,3,3
2022-07-28T18:44:58,3,0,3,3
2022-07-28T18:53:55,3,0,3,3
2022-07-28T19:02:54,3,0,3,3
2022-07-28T19:11:51,3,0,3,3
2022-07-28T19:21:01,3,0,3,3
2022-07-28T19:29:58,3,0,3,3
2022-07-28T19:38:55,3,0,3,3
2022-07-28T19:47:52,3,0,3,3
2022-07-28T19:56:49,3,0,3,3
2022-07-28T20:05:47,3,0,3,3
2022-07-28T20:14:44,3,0,3,3
2022-07-28T20:23:41,3,0,3,3
2022-07-28T20:32:37,3,0,3,3
2022-07-28T20:41:36,3,0,3,3
2022-07-28T20:50:43,3,0,3,3
2022-07-28T20:59:51,3,0,3,3
2022-07-28T21:08:59,3,0,3,3
2022-07-28T21:18:07,3,0,3,3
2022-07-28T21:27:16,3,0,3,3
2022-07-28T21:36:32,3,0,3,3
2022-07-28T21:45:43,3,0,3,3
2022-07-28T21:54:54,3,0,3,3
2022-07-28T22:04:16,3,0,3,3
2022-07-28T22:13:28,3,0,3,3
2022-07-28T22:22:41,3,0,3,3
2022-07-28T22:31:49,3,0,3,3
2022-07-28T22:40:57,3,0,3,3
2022-07-28T22:50:05,3,0,3,3
2022-07-28T22:59:13,3,0,3,3
2022-07-28T23:08:23,3,0,3,3
2022-07-28T23:17:32,3,0,3,3
2022-07-28T23:26:41,3,0,3,3
2022-07-28T23:35:42,3,0,3,3
2022-07-28T23:44:45,3,0,3,3
2022-07-28T23:53:45,3,0,3,3
2022-07-29T00:02:44,3,0,3,3
2022-07-29T00:11:42,3,0,3,3
2022-07-29T00:20:44,3,0,3,3
2022-07-29T00:29:43,3,0,3,3
2022-07-29T00:38:42,3,0,3,3
2022-07-29T00:47:54,3,0,3,3
2022-07-29T00:56:55,3,0,3,3
2022-07-29T01:05:55,3,0,3,3
2022-07-29T01:14:54,3,0,3,3
2022-07-29T01:23:55,3,0,3,3
2022-07-29T01:32:56,3,0,3,3
2022-07-29T01:41:54,3,0,3,3
2022-07-29T01:50:53,3,0,3,3
2022-07-29T01:59:51,3,0,3,3
2022-07-29T02:08:51,3,0,3,3
2022-07-29T02:17:49,3,0,3,3
2022-07-29T02:26:47,3,0,3,3
2022-07-29T02:35:46,3,0,3,3
2022-07-29T02:44:45,3,0,3,3
2022-07-29T02:53:46,3,0,3,3
2022-07-29T03:02:46,3,0,3,3
2022-07-29T03:11:51,3,0,3,3
2022-07-29T03:20:49,3,0,3,3
2022-07-29T03:29:47,3,0,3,3
2022-07-29T03:38:47,3,0,3,3
2022-07-29T03:47:47,3,0,3,3
2022-07-29T03:56:47,3,0,3,3
2022-07-29T04:05:45,3,0,3,3
2022-07-29T04:22:50,3,0,3,3
2022-07-29T04:32:15,3,0,3,3
2022-07-29T04:41:14,3,0,3,3
2022-07-29T04:50:14,3,0,3,3
2022-07-29T04:59:14,3,0,3,3
2022-07-29T05:08:15,3,0,3,3
2022-07-29T05:17:16,3,0,3,3
2022-07-29T05:26:15,3,0,3,3
2022-07-29T05:35:16,3,0,3,3
2022-07-29T05:44:16,3,0,3,3
2022-07-29T05:53:15,3,0,3,3
2022-07-29T06:02:13,3,0,3,3
2022-07-29T06:11:12,3,0,3,3
2022-07-29T06:20:11,3,0,3,3
2022-07-29T06:29:09,3,0,3,3
2022-07-29T06:38:09,3,0,3,3
2022-07-29T06:47:07,3,0,3,3
2022-07-29T06:56:05,3,0,3,3
2022-07-29T07:05:03,3,0,3,3
2022-07-29T07:14:00,3,0,3,3
2022-07-29T07:22:58,3,0,3,3
2022-07-29T07:31:56,3,0,3,3
2022-07-29T07:40:53,3,0,3,3
2022-07-29T07:49:51,3,0,3,3
2022-07-29T07:58:48,3,0,3,3
2022-07-29T08:07:46,3,0,3,3
2022-07-29T08:16:43,3,0,3,3
2022-07-29T08:25:41,3,0,3,3
2022-07-29T08:34:39,3,0,3,3
2022-07-29T08:43:37,3,0,3,3
2022-07-29T08:52:34,3,0,3,3
2022-07-29T09:01:32,3,0,3,3
2022-07-29T09:10:39,3,0,3,3
2022-07-29T09:19:37,3,0,3,3
2022-07-29T09:28:34,3,0,3,3
2022-07-29T09:37:32,3,0,3,3
2022-07-29T09:46:30,3,0,3,3
2022-07-29T09:55:28,3,0,3,3
2022-07-29T10:04:28,3,0,3,3
2022-07-29T10:13:27,3,0,3,3
2022-07-29T10:22:25,3,0,3,3
2022-07-29T10:31:23,3,0,3,3
2022-07-29T10:40:22,3,0,3,3
2022-07-29T10:49:20,3,0,3,3
2022-07-29T10:58:18,3,0,3,3
2022-07-29T11:07:17,3,0,3,3
2022-07-29T11:16:15,3,0,3,3
2022-07-29T11:25:26,3,0,3,3
2022-07-29T11:34:25,3,0,3,3
2022-07-29T11:43:23,3,0,3,3
2022-07-29T11:52:22,3,0,3,3
2022-07-29T12:01:20,3,0,3,3
2022-07-29T12:10:18,3,0,3,3
2022-07-29T12:19:16,3,0,3,3
2022-07-29T12:28:14,3,0,3,3
2022-07-29T12:37:12,3,0,3,3
2022-07-29T12:46:10,3,0,3,3
2022-07-29T12:55:08,3,0,3,3
2022-07-29T13:04:06,3,0,3,3
2022-07-29T13:13:05,3,0,3,3
2022-07-29T13:22:03,3,0,3,3
2022-07-29T13:31:12,3,0,3,3
2022-07-29T13:40:10,3,0,3,3
2022-07-29T13:49:09,3,0,3,3
2022-07-29T13:58:08,3,0,3,3
2022-07-29T14:07:07,3,0,3,3
2022-07-29T14:16:06,3,0,3,3
2022-07-29T14:25:05,3,0,3,3
2022-07-29T14:34:05,3,0,3,3
2022-07-29T14:43:04,3,0,3,3
2022-07-29T14:52:04,3,0,3,3
2022-07-29T15:01:04,3,0,3,3
2022-07-29T15:10:03,3,0,3,3
2022-07-29T15:19:05,3,0,3,3
2022-07-29T15:28:05,3,0,3,3
2022-07-29T15:37:04,3,0,3,3
2022-07-29T15:46:15,3,0,3,3
2022-07-29T15:55:15,3,0,3,3
2022-07-29T16:04:16,3,0,3,3
2022-07-29T16:13:16,3,0,3,3
2022-07-29T16:22:16,3,0,3,3
2022-07-29T16:31:16,3,0,3,3
2022-07-29T16:40:16,3,0,3,3
2022-07-29T16:49:16,3,0,3,3
2022-07-29T16:58:16,3,0,3,3
2022-07-29T17:07:16,3,0,3,3
2022-07-29T17:16:16,3,0,3,3
2022-07-29T17:25:27,3,0,3,3
2022-07-29T17:34:26,3,0,3,3
2022-07-29T17:43:26,3,0,3,3
2022-07-29T17:52:26,3,0,3,3
2022-07-29T18:01:26,3,0,3,3
2022-07-29T18:10:26,3,0,3,3
2022-07-29T18:19:26,3,0,3,3
2022-07-29T18:28:25,3,0,3,3
2022-07-29T18:37:24,3,0,3,3
2022-07-29T18:46:24,3,0,3,3
2022-07-29T18:55:24,3,0,3,3
2022-07-29T19:04:24,3,0,3,3
2022-07-29T19:13:23,3,0,3,3
2022-07-29T19:22:22,3,0,3,3
2022-07-29T19:31:23,3,0,3,3
2022-07-29T19:40:22,3,0,3,3
2022-07-29T19:49:32,3,0,3,3
2022-07-29T19:58:31,3,0,3,3
2022-07-29T20:07:31,3,0,3,3
2022-07-29T20:16:32,3,0,3,3
2022-07-29T20:25:31,3,0,3,3
2022-07-29T20:34:30,3,0,3,3
2022-07-29T20:43:29,3,0,3,3
2022-07-29T20:52:28,3,0,3,3
2022-07-29T21:01:27,3,0,3,3
2022-07-29T21:10:26,3,0,3,3
2022-07-29T21:19:26,3,0,3,3
2022-07-29T21:28:25,3,0,3,3
2022-07-29T21:37:25,3,0,3,3
2022-07-29T21:46:23,3,0,3,3
2022-07-29T21:55:22,3,0,3,3
2022-07-29T22:04:32,3,0,3,3
2022-07-29T22:13:32,3,0,3,3
2022-07-29T22:22:31,3,0,3,3
2022-07-29T22:31:31,3,0,3,3
2022-07-29T22:40:31,3,0,3,3
2022-07-29T22:49:30,3,0,3,3
2022-07-29T22:58:29,3,0,3,3
2022-07-29T23:07:29,3,0,3,3
2022-07-29T23:16:29,3,0,3,3
2022-07-29T23:25:28,3,0,3,3
2022-07-29T23:34:28,3,0,3,3
2022-07-29T23:43:27,3,0,3,3
2022-07-29T23:52:26,3,0,3,3
2022-07-30T00:01:26,3,0,3,3
2022-07-30T00:10:27,3,0,3,3
2022-07-30T00:19:28,3,0,3,3
2022-07-30T00:28:29,3,0,3,3
2022-07-30T00:37:31,3,0,3,3
2022-07-30T00:46:32,3,0,3,3
2022-07-30T00:55:46,3,0,3,3
2022-07-30T01:04:48,3,0,3,3
2022-07-30T01:13:49,3,0,3,3
2022-07-30T01:22:50,3,0,3,3
2022-07-30T01:31:52,3,0,3,3
2022-07-30T01:40:51,3,0,3,3
2022-07-30T01:49:52,3,0,3,3
2022-07-30T01:58:52,3,0,3,3
2022-07-30T02:07:51,3,0,3,3
2022-07-30T02:16:52,3,0,3,3
2022-07-30T02:25:52,3,0,3,3
2022-07-30T02:34:52,3,0,3,3
2022-07-30T02:43:52,3,0,3,3
2022-07-30T02:52:50,3,0,3,3
2022-07-30T03:01:49,3,0,3,3
2022-07-30T03:10:48,3,0,3,3
2022-07-30T03:19:47,3,0,3,3
2022-07-30T03:28:45,3,0,3,3
2022-07-30T03:37:44,3,0,3,3
2022-07-30T03:46:45,3,0,3,3
2022-07-30T03:55:45,3,0,3,3
2022-07-30T04:07:14,3,0,3,3
2022-07-30T04:23:10,3,0,3,3
2022-07-30T04:32:34,3,0,3,3
2022-07-30T04:41:38,3,0,3,3
2022-07-30T04:50:41,3,0,3,3
2022-07-30T04:59:41,3,0,3,3
2022-07-30T05:08:41,3,0,3,3
2022-07-30T05:17:44,3,0,3,3
2022-07-30T05:26:50,3,0,3,3
2022-07-30T05:35:52,3,0,3,3
2022-07-30T05:44:53,3,0,3,3
2022-07-30T05:53:54,3,0,3,3
2022-07-30T06:02:55,3,0,3,3
2022-07-30T06:11:56,3,0,3,3
2022-07-30T06:20:57,3,0,3,3
2022-07-30T06:29:58,3,0,3,3
2022-07-30T06:38:59,3,0,3,3
2022-07-30T06:48:00,3,0,3,3
2022-07-30T06:57:02,3,0,3,3
2022-07-30T07:06:03,3,0,3,3
2022-07-30T07:15:05,3,0,3,3
2022-07-30T07:24:08,3,0,3,3
2022-07-30T07:33:10,3,0,3,3
2022-07-30T07:42:10,3,0,3,3
2022-07-30T07:51:11,3,0,3,3
2022-07-30T08:00:13,3,0,3,3
2022-07-30T08:09:13,3,0,3,3
2022-07-30T08:18:14,3,0,3,3
2022-07-30T08:27:17,3,0,3,3
2022-07-30T08:36:18,3,0,3,3
2022-07-30T08:45:19,3,0,3,3
2022-07-30T08:54:20,3,0,3,3
2022-07-30T09:03:21,3,0,3,3
2022-07-30T09:12:23,3,0,3,3
2022-07-30T09:21:24,3,0,3,3
2022-07-30T09:30:25,3,0,3,3
2022-07-30T09:39:27,3,0,3,3
2022-07-30T09:48:27,3,0,3,3
2022-07-30T09:57:28,3,0,3,3
2022-07-30T10:06:29,3,0,3,3
2022-07-30T10:15:29,3,0,3,3
2022-07-30T10:24:29,3,0,3,3
2022-07-30T10:33:30,3,0,3,3
2022-07-30T10:42:31,3,0,3,3
2022-07-30T10:51:32,3,0,3,3
2022-07-30T11:00:32,3,0,3,3
2022-07-30T11:09:31,3,0,3,3
2022-07-30T11:18:30,3,0,3,3
2022-07-30T11:27:33,3,0,3,3
2022-07-30T11:36:32,3,0,3,3
2022-07-30T11:45:31,3,0,3,3
2022-07-30T11:54:30,3,0,3,3
2022-07-30T12:03:29,3,0,3,3
2022-07-30T12:12:28,3,0,3,3
2022-07-30T12:21:27,3,0,3,3
2022-07-30T12:30:35,3,0,3,3
2022-07-30T12:39:34,3,0,3,3
2022-07-30T12:48:33,3,0,3,3
2022-07-30T12:57:32,3,0,3,3
2022-07-30T13:06:31,3,0,3,3
2022-07-30T13:15:30,3,0,3,3
2022-07-30T13:24:30,3,0,3,3
2022-07-30T13:33:29,3,0,3,3
2022-07-30T13:42:28,3,0,3,3
2022-07-30T13:51:26,3,0,3,3
2022-07-30T14:00:25,3,0,3,3
2022-07-30T14:09:23,3,0,3,3
2022-07-30T14:18:22,3,0,3,3
2022-07-30T14:27:21,3,0,3,3
2022-07-30T14:36:20,3,0,3,3
2022-07-30T14:45:19,3,0,3,3
2022-07-30T14:54:18,3,0,3,3
2022-07-30T15:03:17,3,0,3,3
2022-07-30T15:12:15,3,0,3,3
2022-07-30T15:21:14,3,0,3,3
2022-07-30T15:30:13,3,0,3,3
2022-07-30T15:39:12,3,0,3,3
2022-07-30T15:48:11,3,0,3,3
2022-07-30T15:57:10,3,0,3,3
2022-07-30T16:06:08,3,0,3,3
2022-07-30T16:15:07,3,0,3,3
2022-07-30T16:24:18,3,0,3,3
2022-07-30T16:33:17,3,0,3,3
2022-07-30T16:42:16,3,0,3,3
2022-07-30T16:51:14,3,0,3,3
2022-07-30T17:00:13,3,0,3,3
2022-07-30T17:09:12,3,0,3,3
2022-07-30T17:18:12,3,0,3,3
2022-07-30T17:27:12,3,0,3,3
2022-07-30T17:36:10,3,0,3,3
2022-07-30T17:45:09,3,0,3,3
2022-07-30T17:54:07,3,0,3,3
2022-07-30T18:03:06,3,0,3,3
2022-07-30T18:12:05,3,0,3,3
2022-07-30T18:21:03,3,0,3,3
2022-07-30T18:30:02,3,0,3,3
2022-07-30T18:39:01,3,0,3,3
2022-07-30T18:48:00,3,0,3,3
2022-07-30T18:56:59,3,0,3,3
2022-07-30T19:05:58,3,0,3,3
2022-07-30T19:14:57,3,0,3,3
2022-07-30T19:24:06,3,0,3,3
2022-07-30T19:33:04,3,0,3,3
2022-07-30T19:42:03,3,0,3,3
2022-07-30T19:51:01,3,0,3,3
2022-07-30T20:00:00,3,0,3,3
2022-07-30T20:08:58,3,0,3,3
2022-07-30T20:17:57,3,0,3,3
2022-07-30T20:26:56,3,0,3,3
2022-07-30T20:35:55,3,0,3,3
2022-07-30T20:44:53,3,0,3,3
2022-07-30T20:53:52,3,0,3,3
2022-07-30T21:02:51,3,0,3,3
2022-07-30T21:11:49,3,0,3,3
2022-07-30T21:20:48,3,0,3,3
2022-07-30T21:29:47,3,0,3,3
2022-07-30T21:38:46,3,0,3,3
2022-07-30T21:47:45,3,0,3,3
2022-07-30T21:56:44,3,0,3,3
2022-07-30T22:05:42,3,0,3,3
2022-07-30T22:14:41,3,0,3,3
2022-07-30T22:23:39,3,0,3,3
2022-07-30T22:32:38,3,0,3,3
2022-07-30T22:41:37,3,0,3,3
2022-07-30T22:50:46,3,0,3,3
2022-07-30T22:59:45,3,0,3,3
2022-07-30T23:08:47,3,0,3,3
2022-07-30T23:17:45,3,0,3,3
2022-07-30T23:26:44,3,0,3,3
2022-07-30T23:35:43,3,0,3,3
2022-07-30T23:44:42,3,0,3,3
2022-07-30T23:53:41,3,0,3,3
2022-07-31T00:02:40,3,0,3,3
2022-07-31T00:11:40,3,0,3,3
2022-07-31T00:20:41,3,0,3,3
2022-07-31T00:29:42,3,0,3,3
2022-07-31T00:38:43,3,0,3,3
2022-07-31T00:47:44,3,0,3,3
2022-07-31T00:56:45,3,0,3,3
2022-07-31T01:05:46,3,0,3,3
2022-07-31T01:14:46,3,0,3,3
2022-07-31T01:23:46,3,0,3,3
2022-07-31T01:32:46,3,0,3,3
2022-07-31T01:41:46,3,0,3,3
2022-07-31T01:50:46,3,0,3,3
2022-07-31T01:59:47,3,0,3,3
2022-07-31T02:08:55,3,0,3,3
2022-07-31T02:17:56,3,0,3,3
2022-07-31T02:26:56,3,0,3,3
2022-07-31T02:35:58,3,0,3,3
2022-07-31T02:44:58,3,0,3,3
2022-07-31T02:53:57,3,0,3,3
2022-07-31T03:02:56,3,0,3,3
2022-07-31T03:11:55,3,0,3,3
2022-07-31T03:20:54,3,0,3,3
2022-07-31T03:29:54,3,0,3,3
2022-07-31T03:38:54,3,0,3,3
2022-07-31T03:47:55,3,0,3,3
2022-07-31T03:56:56,3,0,3,3
2022-07-31T04:05:58,3,0,3,3
2022-07-31T04:26:07,3,0,3,3
2022-07-31T04:35:31,3,0,3,3
2022-07-31T04:44:34,3,0,3,3
2022-07-31T04:53:37,3,0,3,3
2022-07-31T05:02:40,3,0,3,3
2022-07-31T05:11:42,3,0,3,3
2022-07-31T05:20:44,3,0,3,3
2022-07-31T05:29:46,3,0,3,3
2022-07-31T05:38:47,3,0,3,3
2022-07-31T05:47:47,3,0,3,3
2022-07-31T05:56:47,3,0,3,3
2022-07-31T06:05:47,3,0,3,3
2022-07-31T06:14:48,3,0,3,3
2022-07-31T06:23:48,3,0,3,3
2022-07-31T06:32:48,3,0,3,3
2022-07-31T06:41:47,3,0,3,3
2022-07-31T06:50:46,3,0,3,3
2022-07-31T06:59:44,3,0,3,3
2022-07-31T07:08:43,3,0,3,3
2022-07-31T07:17:42,3,0,3,3
2022-07-31T07:26:42,3,0,3,3
2022-07-31T07:35:41,3,0,3,3
2022-07-31T07:44:41,3,0,3,3
2022-07-31T07:53:40,3,0,3,3
2022-07-31T08:02:39,3,0,3,3
2022-07-31T08:11:37,3,0,3,3
2022-07-31T08:20:36,3,0,3,3
2022-07-31T08:29:37,3,0,3,3
2022-07-31T08:38:40,3,0,3,3
2022-07-31T08:47:40,3,0,3,3
2022-07-31T08:56:40,3,0,3,3
2022-07-31T09:05:39,3,0,3,3
2022-07-31T09:14:38,3,0,3,3
2022-07-31T09:23:38,3,0,3,3
2022-07-31T09:32:37,3,0,3,3
2022-07-31T09:41:37,3,0,3,3
2022-07-31T09:50:37,3,0,3,3
2022-07-31T09:59:36,3,0,3,3
2022-07-31T10:08:36,3,0,3,3
2022-07-31T10:17:36,3,0,3,3
2022-07-31T10:26:36,3,0,3,3
2022-07-31T10:35:36,3,0,3,3
2022-07-31T10:44:36,3,0,3,3
2022-07-31T10:53:37,3,0,3,3
2022-07-31T11:02:36,3,0,3,3
2022-07-31T11:11:35,3,0,3,3
2022-07-31T11:20:35,3,0,3,3
2022-07-31T11:29:35,3,0,3,3
2022-07-31T11:38:34,3,0,3,3
2022-07-31T11:47:34,3,0,3,3
2022-07-31T11:56:42,3,0,3,3
2022-07-31T12:05:41,3,0,3,3
2022-07-31T12:14:39,3,0,3,3
2022-07-31T12:23:39,3,0,3,3
2022-07-31T12:32:39,3,0,3,3
2022-07-31T12:41:39,3,0,3,3
2022-07-31T12:50:38,3,0,3,3
2022-07-31T12:59:37,3,0,3,3
2022-07-31T13:08:35,3,0,3,3
2022-07-31T13:17:34,3,0,3,3
2022-07-31T13:26:33,3,0,3,3
2022-07-31T13:35:31,3,0,3,3
2022-07-31T13:44:30,3,0,3,3
2022-07-31T13:53:29,3,0,3,3
2022-07-31T14:02:28,3,0,3,3
2022-07-31T14:11:27,3,0,3,3
2022-07-31T14:20:26,3,0,3,3
2022-07-31T14:29:25,3,0,3,3
2022-07-31T14:38:24,3,0,3,3
2022-07-31T14:47:23,3,0,3,3
2022-07-31T14:56:22,3,0,3,3
2022-07-31T15:05:33,3,0,3,3
2022-07-31T15:14:32,3,0,3,3
2022-07-31T15:23:31,3,0,3,3
2022-07-31T15:32:30,3,0,3,3
2022-07-31T15:41:28,3,0,3,3
2022-07-31T15:50:27,3,0,3,3
2022-07-31T15:59:26,3,0,3,3
2022-07-31T16:08:25,3,0,3,3
2022-07-31T16:17:24,3,0,3,3
2022-07-31T16:26:24,3,0,3,3
2022-07-31T16:35:22,3,0,3,3
2022-07-31T16:44:21,3,0,3,3
2022-07-31T16:53:19,3,0,3,3
2022-07-31T17:02:18,3,0,3,3
2022-07-31T17:11:17,3,0,3,3
2022-07-31T17:20:26,3,0,3,3
2022-07-31T17:29:27,3,0,3,3
2022-07-31T17:38:26,3,0,3,3
2022-07-31T17:47:27,3,0,3,3
2022-07-31T17:56:26,3,0,3,3
2022-07-31T18:05:25,3,0,3,3
2022-07-31T18:14:24,3,0,3,3
2022-07-31T18:23:23,3,0,3,3
2022-07-31T18:32:22,3,0,3,3
2022-07-31T18:41:21,3,0,3,3
2022-07-31T18:50:20,3,0,3,3
2022-07-31T18:59:19,3,0,3,3
2022-07-31T19:08:20,3,0,3,3
2022-07-31T19:17:20,3,0,3,3
2022-07-31T19:26:23,3,0,3,3
2022-07-31T19:35:22,3,0,3,3
2022-07-31T19:44:21,3,0,3,3
2022-07-31T19:53:29,3,0,3,3
2022-07-31T20:02:28,3,0,3,3
2022-07-31T20:11:30,3,0,3,3
2022-07-31T20:20:30,3,0,3,3
2022-07-31T20:29:32,3,0,3,3
2022-07-31T20:38:37,3,0,3,3
2022-07-31T20:47:39,3,0,3,3
2022-07-31T20:56:38,3,0,3,3
2022-07-31T21:05:37,3,0,3,3
2022-07-31T21:14:37,3,0,3,3
2022-07-31T21:23:36,3,0,3,3
2022-07-31T21:32:35,3,0,3,3
2022-07-31T21:41:36,3,0,3,3
2022-07-31T21:50:36,3,0,3,3
2022-07-31T21:59:36,3,0,3,3
2022-07-31T22:08:45,3,0,3,3
2022-07-31T22:17:44,3,0,3,3
2022-07-31T22:26:43,3,0,3,3
2022-07-31T22:35:43,3,0,3,3
2022-07-31T22:44:44,3,0,3,3
2022-07-31T22:53:43,3,0,3,3
2022-07-31T23:02:43,3,0,3,3
2022-07-31T23:11:44,3,0,3,3
2022-07-31T23:20:44,3,0,3,3
2022-07-31T23:29:44,3,0,3,3
2022-07-31T23:38:44,3,0,3,3
2022-07-31T23:47:44,3,0,3,3
2022-07-31T23:56:55,3,0,3,3
2022-08-01T00:05:55,3,0,3,3
2022-08-01T00:14:54,3,0,3,3
2022-08-01T00:23:55,3,0,3,3
2022-08-01T00:32:53,3,0,3,3
2022-08-01T00:41:52,3,0,3,3
2022-08-01T00:50:49,3,0,3,3
2022-08-01T00:59:48,3,0,3,3
2022-08-01T01:08:44,3,0,3,3
2022-08-01T01:17:43,3,0,3,3
2022-08-01T01:26:42,3,0,3,3
2022-08-01T01:35:40,3,0,3,3
2022-08-01T01:44:37,3,0,3,3
2022-08-01T01:53:34,3,0,3,3
2022-08-01T02:02:30,3,0,3,3
2022-08-01T02:11:26,3,0,3,3
2022-08-01T02:20:35,3,0,3,3
2022-08-01T02:29:36,3,0,3,3
2022-08-01T02:38:38,3,0,3,3
2022-08-01T02:47:40,3,0,3,3
2022-08-01T02:56:43,3,0,3,3
2022-08-01T03:05:43,3,0,3,3
2022-08-01T03:14:44,3,0,3,3
2022-08-01T03:23:43,3,0,3,3
2022-08-01T03:32:42,3,0,3,3
2022-08-01T03:41:43,3,0,3,3
2022-08-01T03:50:43,3,0,3,3
2022-08-01T04:01:34,3,0,3,3
2022-08-01T04:10:54,3,0,3,3
2022-08-01T04:31:47,3,0,3,3
2022-08-01T04:41:11,3,0,3,3
2022-08-01T04:50:14,3,0,3,3
2022-08-01T04:59:16,3,0,3,3
2022-08-01T05:08:21,3,0,3,3
2022-08-01T05:17:24,3,0,3,3
2022-08-01T05:26:26,3,0,3,3
2022-08-01T05:35:28,3,0,3,3
2022-08-01T05:44:30,3,0,3,3
2022-08-01T05:53:34,3,0,3,3
2022-08-01T06:02:37,3,0,3,3
2022-08-01T06:11:40,3,0,3,3
2022-08-01T06:20:42,3,0,3,3
2022-08-01T06:29:43,3,0,3,3
2022-08-01T06:38:44,3,0,3,3
2022-08-01T06:47:44,3,0,3,3
2022-08-01T06:56:44,3,0,3,3
2022-08-01T07:05:47,3,0,3,3
2022-08-01T07:14:47,3,0,3,3
2022-08-01T07:23:47,3,0,3,3
2022-08-01T07:32:48,3,0,3,3
2022-08-01T07:41:48,3,0,3,3
2022-08-01T07:50:47,3,0,3,3
2022-08-01T07:59:47,3,0,3,3
2022-08-01T08:08:48,3,0,3,3
2022-08-01T08:17:49,3,0,3,3
2022-08-01T08:26:50,3,0,3,3
2022-08-01T08:35:51,3,0,3,3
2022-08-01T08:45:01,3,0,3,3
2022-08-01T08:54:03,3,0,3,3
2022-08-01T09:03:07,3,0,3,3
2022-08-01T09:12:10,3,0,3,3
2022-08-01T09:21:12,3,0,3,3
2022-08-01T09:30:14,3,0,3,3
2022-08-01T09:39:15,3,0,3,3
2022-08-01T09:48:18,3,0,3,3
2022-08-01T09:57:19,3,0,3,3
2022-08-01T10:06:34,3,0,3,3
2022-08-01T10:15:36,3,0,3,3
2022-08-01T10:24:39,3,0,3,3
2022-08-01T10:33:40,3,0,3,3
2022-08-01T10:42:42,3,0,3,3
2022-08-01T10:51:57,3,0,3,3
2022-08-01T11:00:59,3,0,3,3
2022-08-01T11:10:01,3,0,3,3
2022-08-01T11:19:07,3,0,3,3
2022-08-01T11:28:20,3,0,3,3
2022-08-01T11:37:24,3,0,3,3
2022-08-01T11:46:29,3,0,3,3
2022-08-01T11:55:34,3,0,3,3
2022-08-01T12:04:49,3,0,3,3
2022-08-01T12:13:51,3,0,3,3
2022-08-01T12:22:54,3,0,3,3
2022-08-01T12:31:56,3,0,3,3
2022-08-01T12:41:09,3,0,3,3
2022-08-01T12:50:11,3,0,3,3
2022-08-01T12:59:13,3,0,3,3
2022-08-01T13:08:15,3,0,3,3
2022-08-01T13:17:17,3,0,3,3
2022-08-01T13:26:19,3,0,3,3
2022-08-01T13:35:31,3,0,3,3
2022-08-01T13:44:33,3,0,3,3
2022-08-01T13:53:35,3,0,3,3
2022-08-01T14:02:37,3,0,3,3
2022-08-01T14:11:39,3,0,3,3
2022-08-01T14:20:52,3,0,3,3
2022-08-01T14:29:54,3,0,3,3
2022-08-01T14:38:55,3,0,3,3
2022-08-01T14:48:07,3,0,3,3
2022-08-01T14:57:09,3,0,3,3
2022-08-01T15:06:11,3,0,3,3
2022-08-01T15:15:12,3,0,3,3
2022-08-01T15:24:25,3,0,3,3
2022-08-01T15:33:27,3,0,3,3
2022-08-01T15:42:29,3,0,3,3
2022-08-01T15:51:30,3,0,3,3
2022-08-01T16:00:33,3,0,3,3
2022-08-01T16:09:34,3,0,3,3
2022-08-01T16:18:45,3,0,3,3
2022-08-01T16:27:46,3,0,3,3
2022-08-01T16:36:47,3,0,3,3
2022-08-01T16:45:47,3,0,3,3
2022-08-01T16:54:48,3,0,3,3
2022-08-01T17:03:49,3,0,3,3
2022-08-01T17:13:01,3,0,3,3
2022-08-01T17:22:01,3,0,3,3
2022-08-01T17:31:02,3,0,3,3
2022-08-01T17:40:02,3,0,3,3
2022-08-01T17:49:02,3,0,3,3
2022-08-01T17:58:02,3,0,3,3
2022-08-01T18:07:02,3,0,3,3
2022-08-01T18:16:14,3,0,3,3
2022-08-01T18:25:14,3,0,3,3
2022-08-01T18:34:15,3,0,3,3
2022-08-01T18:43:15,3,0,3,3
2022-08-01T18:52:15,3,0,3,3
2022-08-01T19:01:15,3,0,3,3
2022-08-01T19:10:16,3,0,3,3
2022-08-01T19:19:16,3,0,3,3
2022-08-01T19:28:28,3,0,3,3
2022-08-01T19:37:28,3,0,3,3
2022-08-01T19:46:28,3,0,3,3
2022-08-01T19:55:29,3,0,3,3
2022-08-01T20:04:29,3,0,3,3
2022-08-01T20:13:28,3,0,3,3
2022-08-01T20:22:31,3,0,3,3
2022-08-01T20:31:42,3,0,3,3
2022-08-01T20:40:41,3,0,3,3
2022-08-01T20:49:41,3,0,3,3
2022-08-01T20:58:41,3,0,3,3
2022-08-01T21:07:41,3,0,3,3
2022-08-01T21:16:40,3,0,3,3
2022-08-01T21:25:41,3,0,3,3
2022-08-01T21:34:41,3,0,3,3
2022-08-01T21:43:52,3,0,3,3
2022-08-01T21:52:52,3,0,3,3
2022-08-01T22:01:51,3,0,3,3
2022-08-01T22:10:51,3,0,3,3
2022-08-01T22:19:51,3,0,3,3
2022-08-01T22:28:50,3,0,3,3
2022-08-01T22:37:50,3,0,3,3
2022-08-01T22:47:01,3,0,3,3
2022-08-01T22:56:01,3,0,3,3
2022-08-01T23:05:01,3,0,3,3
2022-08-01T23:14:03,3,0,3,3
2022-08-01T23:23:03,3,0,3,3
2022-08-01T23:32:03,3,0,3,3
2022-08-01T23:41:03,3,0,3,3
2022-08-01T23:50:02,3,0,3,3
2022-08-01T23:59:02,3,0,3,3
2022-08-02T00:08:02,3,0,3,3
2022-08-02T00:17:16,3,0,3,3
2022-08-02T00:26:18,3,0,3,3
2022-08-02T00:35:18,3,0,3,3
2022-08-02T00:44:20,3,0,3,3
2022-08-02T00:53:22,3,0,3,3
2022-08-02T01:02:24,3,0,3,3
2022-08-02T01:11:26,3,0,3,3
2022-08-02T01:20:27,3,0,3,3
2022-08-02T01:29:28,3,0,3,3
2022-08-02T01:38:30,3,0,3,3
2022-08-02T01:47:31,3,0,3,3
2022-08-02T01:56:32,3,0,3,3
2022-08-02T02:05:33,3,0,3,3
2022-08-02T02:14:34,3,0,3,3
2022-08-02T02:23:33,3,0,3,3
2022-08-02T02:32:33,3,0,3,3
2022-08-02T02:41:32,3,0,3,3
2022-08-02T02:50:31,3,0,3,3
2022-08-02T02:59:40,3,0,3,3
2022-08-02T03:08:39,3,0,3,3
2022-08-02T03:17:38,3,0,3,3
2022-08-02T03:26:37,3,0,3,3
2022-08-02T03:35:35,3,0,3,3
2022-08-02T03:44:36,3,0,3,3
2022-08-02T03:53:37,3,0,3,3
2022-08-02T04:04:57,3,0,3,3
2022-08-02T04:14:19,3,0,3,3
2022-08-02T04:34:31,3,0,3,3
2022-08-02T04:44:03,3,0,3,3
2022-08-02T04:53:07,3,0,3,3
2022-08-02T05:02:10,3,0,3,3
2022-08-02T05:11:14,3,0,3,3
2022-08-02T05:20:16,3,0,3,3
2022-08-02T05:29:16,3,0,3,3
2022-08-02T05:38:16,3,0,3,3
2022-08-02T05:47:17,3,0,3,3
2022-08-02T05:56:17,3,0,3,3
2022-08-02T06:05:17,3,0,3,3
2022-08-02T06:14:17,3,0,3,3
2022-08-02T06:23:18,3,0,3,3
2022-08-02T06:32:19,3,0,3,3
2022-08-02T06:41:24,3,0,3,3
2022-08-02T06:50:26,3,0,3,3
2022-08-02T06:59:27,3,0,3,3
2022-08-02T07:08:32,3,0,3,3
2022-08-02T07:17:35,3,0,3,3
2022-08-02T07:26:38,3,0,3,3
2022-08-02T07:35:40,3,0,3,3
2022-08-02T07:44:41,3,0,3,3
2022-08-02T07:53:44,3,0,3,3
2022-08-02T08:02:47,3,0,3,3
2022-08-02T08:11:49,3,0,3,3
2022-08-02T08:20:52,3,0,3,3
2022-08-02T08:29:56,3,0,3,3
2022-08-02T08:38:57,3,0,3,3
2022-08-02T08:47:58,3,0,3,3
2022-08-02T08:56:59,3,0,3,3
2022-08-02T09:06:12,3,0,3,3
2022-08-02T09:15:15,3,0,3,3
2022-08-02T09:24:16,3,0,3,3
2022-08-02T09:33:18,3,0,3,3
2022-08-02T09:42:20,3,0,3,3
2022-08-02T09:51:22,3,0,3,3
2022-08-02T10:00:23,3,0,3,3
2022-08-02T10:09:26,3,0,3,3
2022-08-02T10:18:30,3,0,3,3
2022-08-02T10:27:43,3,0,3,3
2022-08-02T10:36:48,3,0,3,3
2022-08-02T10:45:55,3,0,3,3
2022-08-02T10:55:01,3,0,3,3
2022-08-02T11:04:03,3,0,3,3
2022-08-02T11:13:05,3,0,3,3
2022-08-02T11:22:07,3,0,3,3
2022-08-02T11:31:20,3,0,3,3
2022-08-02T11:40:22,3,0,3,3
2022-08-02T11:49:24,3,0,3,3
2022-08-02T11:58:25,3,0,3,3
2022-08-02T12:07:27,3,0,3,3
2022-08-02T12:16:28,3,0,3,3
2022-08-02T12:25:30,3,0,3,3
2022-08-02T12:34:41,3,0,3,3
2022-08-02T12:43:42,3,0,3,3
2022-08-02T12:52:43,3,0,3,3
2022-08-02T13:01:46,3,0,3,3
2022-08-02T13:10:56,3,0,3,3
2022-08-02T13:19:58,3,0,3,3
2022-08-02T13:29:00,3,0,3,3
2022-08-02T13:38:01,3,0,3,3
2022-08-02T13:47:03,3,0,3,3
2022-08-02T13:56:06,3,0,3,3
2022-08-02T14:05:19,3,0,3,3
2022-08-02T14:14:21,3,0,3,3
2022-08-02T14:23:24,3,0,3,3
2022-08-02T14:32:26,3,0,3,3
2022-08-02T14:41:28,3,0,3,3
2022-08-02T14:50:30,3,0,3,3
2022-08-02T14:59:32,3,0,3,3
2022-08-02T15:08:45,3,0,3,3
2022-08-02T15:17:48,3,0,3,3
2022-08-02T15:26:49,3,0,3,3
2022-08-02T15:35:51,3,0,3,3
2022-08-02T15:44:53,3,0,3,3
2022-08-02T15:53:55,3,0,3,3
2022-08-02T16:02:56,3,0,3,3
2022-08-02T16:11:59,3,0,3,3
2022-08-02T16:21:15,3,0,3,3
2022-08-02T16:30:20,3,0,3,3
2022-08-02T16:39:22,3,0,3,3
2022-08-02T16:48:24,3,0,3,3
2022-08-02T16:57:25,3,0,3,3
2022-08-02T17:06:26,3,0,3,3
2022-08-02T17:15:27,3,0,3,3
2022-08-02T17:24:28,3,0,3,3
2022-08-02T17:33:28,3,0,3,3
2022-08-02T17:42:28,3,0,3,3
2022-08-02T17:51:28,3,0,3,3
2022-08-02T18:00:40,3,0,3,3
2022-08-02T18:09:40,3,0,3,3
2022-08-02T18:18:41,3,0,3,3
2022-08-02T18:27:41,3,0,3,3
2022-08-02T18:36:41,3,0,3,3
2022-08-02T18:45:44,3,0,3,3
2022-08-02T18:54:44,3,0,3,3
2022-08-02T19:03:55,3,0,3,3
2022-08-02T19:12:57,3,0,3,3
2022-08-02T19:21:57,3,0,3,3
2022-08-02T19:30:58,3,0,3,3
2022-08-02T19:39:58,3,0,3,3
2022-08-02T19:48:58,3,0,3,3
2022-08-02T19:57:57,3,0,3,3
2022-08-02T20:06:58,3,0,3,3
2022-08-02T20:16:09,3,0,3,3
2022-08-02T20:25:09,3,0,3,3
2022-08-02T20:34:09,3,0,3,3
2022-08-02T20:43:09,3,0,3,3
2022-08-02T20:52:09,3,0,3,3
2022-08-02T21:01:08,3,0,3,3
2022-08-02T21:10:09,3,0,3,3
2022-08-02T21:19:09,3,0,3,3
2022-08-02T21:28:20,3,0,3,3
2022-08-02T21:37:20,3,0,3,3
2022-08-02T21:46:19,3,0,3,3
2022-08-02T21:55:19,3,0,3,3
2022-08-02T22:04:19,3,0,3,3
2022-08-02T22:13:19,3,0,3,3
2022-08-02T22:22:18,3,0,3,3
2022-08-02T22:31:30,3,0,3,3
2022-08-02T22:40:29,3,0,3,3
2022-08-02T22:49:29,3,0,3,3
2022-08-02T22:58:29,3,0,3,3
2022-08-02T23:07:31,3,0,3,3
2022-08-02T23:16:32,3,0,3,3
2022-08-02T23:25:32,3,0,3,3
2022-08-02T23:34:43,3,0,3,3
2022-08-02T23:43:43,3,0,3,3
2022-08-02T23:52:42,3,0,3,3
2022-08-03T00:01:43,3,0,3,3
2022-08-03T00:10:56,3,0,3,3
2022-08-03T00:19:59,3,0,3,3
2022-08-03T00:29:00,3,0,3,3
2022-08-03T00:38:02,3,0,3,3
2022-08-03T00:47:15,3,0,3,3
2022-08-03T00:56:16,3,0,3,3
2022-08-03T01:05:19,3,0,3,3
2022-08-03T01:14:22,3,0,3,3
2022-08-03T01:23:23,3,0,3,3
2022-08-03T01:32:25,3,0,3,3
2022-08-03T01:41:36,3,0,3,3
2022-08-03T01:50:38,3,0,3,3
2022-08-03T01:59:42,3,0,3,3
2022-08-03T02:08:44,3,0,3,3
2022-08-03T02:17:45,3,0,3,3
2022-08-03T02:26:45,3,0,3,3
2022-08-03T02:35:46,3,0,3,3
2022-08-03T02:44:48,3,0,3,3
2022-08-03T02:53:50,3,0,3,3
2022-08-03T03:02:52,3,0,3,3
2022-08-03T03:11:52,3,0,3,3
2022-08-03T03:20:52,3,0,3,3
2022-08-03T03:29:52,3,0,3,3
2022-08-03T03:38:52,3,0,3,3
2022-08-03T03:47:53,3,0,3,3
2022-08-03T03:59:10,3,0,3,3
2022-08-03T04:21:27,3,0,3,3
2022-08-03T04:30:56,3,0,3,3
2022-08-03T04:39:59,3,0,3,3
2022-08-03T04:49:00,3,0,3,3
2022-08-03T04:58:02,3,0,3,3
2022-08-03T05:07:04,3,0,3,3
2022-08-03T05:16:08,3,0,3,3
2022-08-03T05:25:11,3,0,3,3
2022-08-03T05:34:16,3,0,3,3
2022-08-03T05:43:19,3,0,3,3
2022-08-03T05:52:21,3,0,3,3
2022-08-03T06:01:23,3,0,3,3
2022-08-03T06:10:25,3,0,3,3
2022-08-03T06:19:27,3,0,3,3
2022-08-03T06:28:29,3,0,3,3
2022-08-03T06:37:31,3,0,3,3
2022-08-03T06:46:31,3,0,3,3
2022-08-03T06:55:30,3,0,3,3
2022-08-03T07:04:31,3,0,3,3
2022-08-03T07:13:32,3,0,3,3
2022-08-03T07:22:32,3,0,3,3
2022-08-03T07:31:33,3,0,3,3
2022-08-03T07:40:58,3,0,3,3
2022-08-03T07:49:59,3,0,3,3
2022-08-03T07:58:59,3,0,3,3
2022-08-03T08:07:59,3,0,3,3
2022-08-03T08:17:00,3,0,3,3
2022-08-03T08:26:01,3,0,3,3
2022-08-03T08:35:02,3,0,3,3
2022-08-03T08:44:03,3,0,3,3
2022-08-03T08:53:03,3,0,3,3
2022-08-03T09:02:04,3,0,3,3
2022-08-03T09:11:05,3,0,3,3
2022-08-03T09:20:06,3,0,3,3
2022-08-03T09:29:09,3,0,3,3
2022-08-03T09:38:21,3,0,3,3
2022-08-03T09:47:22,3,0,3,3
2022-08-03T09:56:23,3,0,3,3
2022-08-03T10:05:26,3,0,3,3
2022-08-03T10:14:27,3,0,3,3
2022-08-03T10:23:29,3,0,3,3
2022-08-03T10:32:31,3,0,3,3
2022-08-03T10:41:32,3,0,3,3
2022-08-03T10:50:47,3,0,3,3
2022-08-03T10:59:49,3,0,3,3
2022-08-03T11:08:52,3,0,3,3
2022-08-03T11:17:54,3,0,3,3
2022-08-03T11:26:55,3,0,3,3
2022-08-03T11:35:57,3,0,3,3
2022-08-03T11:44:58,3,0,3,3
2022-08-03T11:54:10,3,0,3,3
2022-08-03T12:03:11,3,0,3,3
2022-08-03T12:12:11,3,0,3,3
2022-08-03T12:21:12,3,0,3,3
2022-08-03T12:30:12,3,0,3,3
2022-08-03T12:39:13,3,0,3,3
2022-08-03T12:48:24,3,0,3,3
2022-08-03T12:57:25,3,0,3,3
2022-08-03T13:06:26,3,0,3,3
2022-08-03T13:15:26,3,0,3,3
2022-08-03T13:24:27,3,0,3,3
2022-08-03T13:33:29,3,0,3,3
2022-08-03T13:42:30,3,0,3,3
2022-08-03T13:51:57,3,0,3,3
2022-08-03T14:00:58,3,0,3,3
2022-08-03T14:09:59,3,0,3,3
2022-08-03T14:19:02,3,0,3,3
2022-08-03T14:28:04,3,0,3,3
2022-08-03T14:37:07,3,0,3,3
2022-08-03T14:46:09,3,0,3,3
2022-08-03T14:55:22,3,0,3,3
2022-08-03T15:04:24,3,0,3,3
2022-08-03T15:13:24,3,0,3,3
2022-08-03T15:22:26,3,0,3,3
2022-08-03T15:31:28,3,0,3,3
2022-08-03T15:40:39,3,0,3,3
2022-08-03T15:49:40,3,0,3,3
2022-08-03T15:58:42,3,0,3,3
2022-08-03T16:07:44,3,0,3,3
2022-08-03T16:16:45,3,0,3,3
2022-08-03T16:25:46,3,0,3,3
2022-08-03T16:34:47,3,0,3,3
2022-08-03T16:43:47,3,0,3,3
2022-08-03T16:52:49,3,0,3,3
2022-08-03T17:02:09,3,0,3,3
2022-08-03T17:11:11,3,0,3,3
2022-08-03T17:20:12,3,0,3,3
2022-08-03T17:29:13,3,0,3,3
2022-08-03T17:38:13,3,0,3,3
2022-08-03T17:47:14,3,0,3,3
2022-08-03T17:56:15,3,0,3,3
2022-08-03T18:05:17,3,0,3,3
2022-08-03T18:14:17,3,0,3,3
2022-08-03T18:23:18,3,0,3,3
2022-08-03T18:32:18,3,0,3,3
2022-08-03T18:41:30,3,0,3,3
2022-08-03T18:50:31,3,0,3,3
2022-08-03T18:59:31,3,0,3,3
2022-08-03T19:08:32,3,0,3,3
2022-08-03T19:17:32,3,0,3,3
2022-08-03T19:26:32,3,0,3,3
2022-08-03T19:36:01,3,0,3,3
2022-08-03T19:45:01,3,0,3,3
2022-08-03T19:54:01,3,0,3,3
2022-08-03T20:03:01,3,0,3,3
2022-08-03T20:12:01,3,0,3,3
2022-08-03T20:21:01,3,0,3,3
2022-08-03T20:30:01,3,0,3,3
2022-08-03T20:39:02,3,0,3,3
2022-08-03T20:48:02,3,0,3,3
2022-08-03T20:57:02,3,0,3,3
2022-08-03T21:06:03,3,0,3,3
2022-08-03T21:15:15,3,0,3,3
2022-08-03T21:24:14,3,0,3,3
2022-08-03T21:33:14,3,0,3,3
2022-08-03T21:42:14,3,0,3,3
2022-08-03T21:51:14,3,0,3,3
2022-08-03T22:00:14,3,0,3,3
2022-08-03T22:09:16,3,0,3,3
2022-08-03T22:18:16,3,0,3,3
2022-08-03T22:27:17,3,0,3,3
2022-08-03T22:36:17,3,0,3,3
2022-08-03T22:45:16,3,0,3,3
2022-08-03T22:54:26,3,0,3,3
2022-08-03T23:03:27,3,0,3,3
2022-08-03T23:12:27,3,0,3,3
2022-08-03T23:21:29,3,0,3,3
2022-08-03T23:30:29,3,0,3,3
2022-08-03T23:39:29,3,0,3,3
2022-08-03T23:48:29,3,0,3,3
2022-08-03T23:57:29,3,0,3,3
2022-08-04T00:06:31,3,0,3,3
2022-08-04T00:15:34,3,0,3,3
2022-08-04T00:24:37,3,0,3,3
2022-08-04T00:33:38,3,0,3,3
2022-08-04T00:43:00,3,0,3,3
2022-08-04T00:52:03,3,0,3,3
2022-08-04T01:01:06,3,0,3,3
2022-08-04T01:10:08,3,0,3,3
2022-08-04T01:19:09,3,0,3,3
2022-08-04T01:28:12,3,0,3,3
2022-08-04T01:37:13,3,0,3,3
2022-08-04T01:46:15,3,0,3,3
2022-08-04T01:55:18,3,0,3,3
2022-08-04T02:04:20,3,0,3,3
2022-08-04T02:13:21,3,0,3,3
2022-08-04T02:22:21,3,0,3,3
2022-08-04T02:31:20,3,0,3,3
2022-08-04T02:40:20,3,0,3,3
2022-08-04T02:49:20,3,0,3,3
2022-08-04T02:58:19,3,0,3,3
2022-08-04T03:07:19,3,0,3,3
2022-08-04T03:16:18,3,0,3,3
2022-08-04T03:25:18,3,0,3,3
2022-08-04T03:34:17,3,0,3,3
2022-08-04T03:43:17,3,0,3,3
2022-08-04T03:52:18,3,0,3,3
2022-08-04T04:01:19,3,0,3,3
2022-08-04T04:22:56,3,0,3,3
2022-08-04T04:32:21,3,0,3,3
2022-08-04T04:41:24,3,0,3,3
2022-08-04T04:50:27,3,0,3,3
2022-08-04T04:59:28,3,0,3,3
2022-08-04T05:08:29,3,0,3,3
2022-08-04T05:17:29,3,0,3,3
2022-08-04T05:26:32,3,0,3,3
2022-08-04T05:35:42,3,0,3,3
2022-08-04T05:44:44,3,0,3,3
2022-08-04T05:53:47,3,0,3,3
2022-08-04T06:02:49,3,0,3,3
2022-08-04T06:11:51,3,0,3,3
2022-08-04T06:20:53,3,0,3,3
2022-08-04T06:29:56,3,0,3,3
2022-08-04T06:38:57,3,0,3,3
2022-08-04T06:48:00,3,0,3,3
2022-08-04T06:57:01,3,0,3,3
2022-08-04T07:06:07,3,0,3,3
2022-08-04T07:15:09,3,0,3,3
2022-08-04T07:24:11,3,0,3,3
2022-08-04T07:33:13,3,0,3,3
2022-08-04T07:42:15,3,0,3,3
2022-08-04T07:51:16,3,0,3,3
2022-08-04T08:00:19,3,0,3,3
2022-08-04T08:09:21,3,0,3,3
2022-08-04T08:18:23,3,0,3,3
2022-08-04T08:27:25,3,0,3,3
2022-08-04T08:36:28,3,0,3,3
2022-08-04T08:45:30,3,0,3,3
2022-08-04T08:54:33,3,0,3,3
2022-08-04T09:03:37,3,0,3,3
2022-08-04T09:13:06,3,0,3,3
2022-08-04T09:22:08,3,0,3,3
2022-08-04T09:31:10,3,0,3,3
2022-08-04T09:40:11,3,0,3,3
2022-08-04T09:49:12,3,0,3,3
2022-08-04T09:58:13,3,0,3,3
2022-08-04T10:07:15,3,0,3,3
2022-08-04T10:16:16,3,0,3,3
2022-08-04T10:25:17,3,0,3,3
2022-08-04T10:34:19,3,0,3,3
2022-08-04T10:43:20,3,0,3,3
2022-08-04T10:52:38,3,0,3,3
2022-08-04T11:01:41,3,0,3,3
2022-08-04T11:10:43,3,0,3,3
2022-08-04T11:19:44,3,0,3,3
2022-08-04T11:28:46,3,0,3,3
2022-08-04T11:37:47,3,0,3,3
2022-08-04T11:46:48,3,0,3,3
2022-08-04T11:55:50,3,0,3,3
2022-08-04T12:04:51,3,0,3,3
2022-08-04T12:13:52,3,0,3,3
2022-08-04T12:23:06,3,0,3,3
2022-08-04T12:32:07,3,0,3,3
2022-08-04T12:41:09,3,0,3,3
2022-08-04T12:50:11,3,0,3,3
2022-08-04T12:59:12,3,0,3,3
2022-08-04T13:08:14,3,0,3,3
2022-08-04T13:17:15,3,0,3,3
2022-08-04T13:26:16,3,0,3,3
2022-08-04T13:35:18,3,0,3,3
2022-08-04T13:44:19,3,0,3,3
2022-08-04T13:53:20,3,0,3,3
2022-08-04T14:02:32,3,0,3,3
2022-08-04T14:11:34,3,0,3,3
2022-08-04T14:20:36,3,0,3,3
2022-08-04T14:29:39,3,0,3,3
2022-08-04T14:38:43,3,0,3,3
2022-08-04T14:47:45,3,0,3,3
2022-08-04T14:56:46,3,0,3,3
2022-08-04T15:05:48,3,0,3,3
2022-08-04T15:14:49,3,0,3,3
2022-08-04T15:23:50,3,0,3,3
2022-08-04T15:33:01,3,0,3,3
2022-08-04T15:42:03,3,0,3,3
2022-08-04T15:51:05,3,0,3,3
2022-08-04T16:00:06,3,0,3,3
2022-08-04T16:09:08,3,0,3,3
2022-08-04T16:18:10,3,0,3,3
2022-08-04T16:27:11,3,0,3,3
2022-08-04T16:36:13,3,0,3,3
2022-08-04T16:45:15,3,0,3,3
2022-08-04T16:54:15,3,0,3,3
2022-08-04T17:03:45,3,0,3,3
2022-08-04T17:12:47,3,0,3,3
2022-08-04T17:21:48,3,0,3,3
2022-08-04T17:30:48,3,0,3,3
2022-08-04T17:39:51,3,0,3,3
2022-08-04T17:48:52,3,0,3,3
2022-08-04T17:57:52,3,0,3,3
2022-08-04T18:06:52,3,0,3,3
2022-08-04T18:15:53,3,0,3,3
2022-08-04T18:24:53,3,0,3,3
2022-08-04T18:34:03,3,0,3,3
2022-08-04T18:43:03,3,0,3,3
2022-08-04T18:52:03,3,0,3,3
2022-08-04T19:01:03,3,0,3,3
2022-08-04T19:10:03,3,0,3,3
2022-08-04T19:19:03,3,0,3,3
2022-08-04T19:28:03,3,0,3,3
2022-08-04T19:37:04,3,0,3,3
2022-08-04T19:46:03,3,0,3,3
2022-08-04T19:55:03,3,0,3,3
2022-08-04T20:04:03,3,0,3,3
2022-08-04T20:13:03,3,0,3,3
2022-08-04T20:22:12,3,0,3,3
2022-08-04T20:31:36,3,0,3,3
2022-08-04T20:40:50,3,0,3,3
2022-08-04T20:50:03,3,0,3,3
2022-08-04T20:59:14,3,0,3,3
2022-08-04T21:08:27,3,0,3,3
2022-08-04T21:17:46,3,0,3,3
2022-08-04T21:27:05,3,0,3,3
2022-08-04T21:36:59,3,0,3,3
2022-08-04T21:46:15,3,0,3,3
2022-08-04T21:55:28,3,0,3,3
2022-08-04T22:04:38,3,0,3,3
2022-08-04T22:13:48,3,0,3,3
2022-08-04T22:22:59,3,0,3,3
2022-08-04T22:32:10,3,0,3,3
2022-08-04T22:41:17,3,0,3,3
2022-08-04T22:50:22,3,0,3,3
2022-08-04T22:59:26,3,0,3,3
2022-08-04T23:08:29,3,0,3,3
2022-08-04T23:17:30,3,0,3,3
2022-08-04T23:26:30,3,0,3,3
2022-08-04T23:35:30,3,0,3,3
2022-08-04T23:44:30,3,0,3,3
2022-08-04T23:53:30,3,0,3,3
2022-08-05T00:02:42,3,0,3,3
2022-08-05T00:11:43,3,0,3,3
2022-08-05T00:20:47,3,0,3,3
2022-08-05T00:29:48,3,0,3,3
2022-08-05T00:38:51,3,0,3,3
2022-08-05T00:47:53,3,0,3,3
2022-08-05T00:56:58,3,0,3,3
2022-08-05T01:06:00,3,0,3,3
2022-08-05T01:15:02,3,0,3,3
2022-08-05T01:24:05,3,0,3,3
2022-08-05T01:33:07,3,0,3,3
2022-08-05T01:42:08,3,0,3,3
2022-08-05T01:51:10,3,0,3,3
2022-08-05T02:00:12,3,0,3,3
2022-08-05T02:09:14,3,0,3,3
2022-08-05T02:18:18,3,0,3,3
2022-08-05T02:27:34,3,0,3,3
2022-08-05T02:36:36,3,0,3,3
2022-08-05T02:45:38,3,0,3,3
2022-08-05T02:54:38,3,0,3,3
2022-08-05T03:03:40,3,0,3,3
2022-08-05T03:12:40,3,0,3,3
2022-08-05T03:21:40,3,0,3,3
2022-08-05T03:30:40,3,0,3,3
2022-08-05T03:39:41,3,0,3,3
2022-08-05T03:50:02,3,0,3,3
2022-08-05T04:00:08,3,0,3,3
2022-08-05T04:19:58,3,0,3,3
2022-08-05T04:29:25,3,0,3,3
2022-08-05T04:38:30,3,0,3,3
2022-08-05T04:47:34,3,0,3,3
2022-08-05T04:56:37,3,0,3,3
2022-08-05T05:05:42,3,0,3,3
2022-08-05T05:14:44,3,0,3,3
2022-08-05T05:23:46,3,0,3,3
2022-08-05T05:32:48,3,0,3,3
2022-08-05T05:41:49,3,0,3,3
2022-08-05T05:50:52,3,0,3,3
2022-08-05T05:59:54,3,0,3,3
2022-08-05T06:08:56,3,0,3,3
2022-08-05T06:17:57,3,0,3,3
2022-08-05T06:26:58,3,0,3,3
2022-08-05T06:35:59,3,0,3,3
2022-08-05T06:44:59,3,0,3,3
2022-08-05T06:53:58,3,0,3,3
2022-08-05T07:02:59,3,0,3,3
2022-08-05T07:11:59,3,0,3,3
2022-08-05T07:20:59,3,0,3,3
2022-08-05T07:29:59,3,0,3,3
2022-08-05T07:39:01,3,0,3,3
2022-08-05T07:48:02,3,0,3,3
2022-08-05T07:57:03,3,0,3,3
2022-08-05T08:06:03,3,0,3,3
2022-08-05T08:15:04,3,0,3,3
2022-08-05T08:24:05,3,0,3,3
2022-08-05T08:33:06,3,0,3,3
2022-08-05T08:42:06,3,0,3,3
2022-08-05T08:51:06,3,0,3,3
2022-08-05T09:00:07,3,0,3,3
2022-08-05T09:09:08,3,0,3,3
2022-08-05T09:18:12,3,0,3,3
2022-08-05T09:27:13,3,0,3,3
2022-08-05T09:36:14,3,0,3,3
2022-08-05T09:45:15,3,0,3,3
2022-08-05T09:54:15,3,0,3,3
2022-08-05T10:03:17,3,0,3,3
2022-08-05T10:12:18,3,0,3,3
2022-08-05T10:21:19,3,0,3,3
2022-08-05T10:30:21,3,0,3,3
2022-08-05T10:39:34,3,0,3,3
2022-08-05T10:48:35,3,0,3,3
2022-08-05T10:57:36,3,0,3,3
2022-08-05T11:06:38,3,0,3,3
2022-08-05T11:15:39,3,0,3,3
2022-08-05T11:24:42,3,0,3,3
2022-08-05T11:33:44,3,0,3,3
2022-08-05T11:42:45,3,0,3,3
2022-08-05T11:51:46,3,0,3,3
2022-08-05T12:00:46,3,0,3,3
2022-08-05T12:09:46,3,0,3,3
2022-08-05T12:18:47,3,0,3,3
2022-08-05T12:27:47,3,0,3,3
2022-08-05T12:36:48,3,0,3,3
2022-08-05T12:46:03,3,0,3,3
2022-08-05T12:55:03,3,0,3,3
2022-08-05T13:04:05,3,0,3,3
2022-08-05T13:13:06,3,0,3,3
2022-08-05T13:22:06,3,0,3,3
2022-08-05T13:31:08,3,0,3,3
2022-08-05T15:06:24,3,0,3,3
2022-08-05T15:15:26,3,0,3,3
2022-08-05T15:24:27,3,0,3,3
2022-08-05T15:33:29,3,0,3,3
2022-08-05T15:42:31,3,0,3,3
2022-08-05T15:51:32,3,0,3,3
2022-08-05T16:00:33,3,0,3,3
2022-08-05T16:09:33,3,0,3,3
2022-08-05T16:18:34,3,0,3,3
2022-08-05T16:27:36,3,0,3,3
2022-08-05T16:36:36,3,0,3,3
2022-08-05T16:45:36,3,0,3,3
2022-08-05T16:54:36,3,0,3,3
2022-08-05T17:03:36,3,0,3,3
2022-08-05T17:12:49,3,0,3,3
2022-08-05T17:21:49,3,0,3,3
2022-08-05T17:30:49,3,0,3,3
2022-08-05T17:39:49,3,0,3,3
2022-08-05T17:48:49,3,0,3,3
2022-08-05T17:57:48,3,0,3,3
2022-08-05T18:06:48,3,0,3,3
2022-08-05T18:15:48,3,0,3,3
2022-08-05T18:24:48,3,0,3,3
2022-08-05T18:33:49,3,0,3,3
2022-08-05T18:42:50,3,0,3,3
2022-08-05T18:51:51,3,0,3,3
2022-08-05T19:00:51,3,0,3,3
2022-08-05T19:09:51,3,0,3,3
2022-08-05T19:18:51,3,0,3,3
2022-08-05T19:27:51,3,0,3,3
2022-08-05T19:36:51,3,0,3,3
2022-08-05T19:45:50,3,0,3,3
2022-08-05T19:54:50,3,0,3,3
2022-08-05T20:04:00,3,0,3,3
2022-08-05T20:13:00,3,0,3,3
2022-08-05T20:22:00,3,0,3,3
2022-08-05T20:31:00,3,0,3,3
2022-08-05T20:39:59,3,0,3,3
2022-08-05T20:48:59,3,0,3,3
2022-08-05T20:57:59,3,0,3,3
2022-08-05T21:06:58,3,0,3,3
2022-08-05T21:15:58,3,0,3,3
2022-08-05T21:24:57,3,0,3,3
2022-08-05T21:33:57,3,0,3,3
2022-08-05T21:42:57,3,0,3,3
2022-08-05T21:51:57,3,0,3,3
2022-08-05T22:00:57,3,0,3,3
2022-08-05T22:09:56,3,0,3,3
2022-08-05T22:18:55,3,0,3,3
2022-08-05T22:27:55,3,0,3,3
2022-08-05T22:37:06,3,0,3,3
2022-08-05T22:46:05,3,0,3,3
2022-08-05T22:55:05,3,0,3,3
2022-08-05T23:04:05,3,0,3,3
2022-08-05T23:13:06,3,0,3,3
2022-08-05T23:22:06,3,0,3,3
2022-08-05T23:31:06,3,0,3,3
2022-08-05T23:40:07,3,0,3,3
2022-08-05T23:49:07,3,0,3,3
2022-08-05T23:58:08,3,0,3,3
2022-08-06T00:07:09,3,0,3,3
2022-08-06T00:16:14,3,0,3,3
2022-08-06T00:25:16,3,0,3,3
2022-08-06T00:34:18,3,0,3,3
2022-08-06T00:43:20,3,0,3,3
2022-08-06T00:52:32,3,0,3,3
2022-08-06T01:01:35,3,0,3,3
2022-08-06T01:10:38,3,0,3,3
2022-08-06T01:19:41,3,0,3,3
2022-08-06T01:28:43,3,0,3,3
2022-08-06T01:37:45,3,0,3,3
2022-08-06T01:46:45,3,0,3,3
2022-08-06T01:55:47,3,0,3,3
2022-08-06T02:04:48,3,0,3,3
2022-08-06T02:13:48,3,0,3,3
2022-08-06T02:22:48,3,0,3,3
2022-08-06T02:31:47,3,0,3,3
2022-08-06T02:40:47,3,0,3,3
2022-08-06T02:49:46,3,0,3,3
2022-08-06T02:58:45,3,0,3,3
2022-08-06T03:07:44,3,0,3,3
2022-08-06T03:16:43,3,0,3,3
2022-08-06T03:25:42,3,0,3,3
2022-08-06T03:34:42,3,0,3,3
2022-08-06T03:43:42,3,0,3,3
2022-08-06T03:52:43,3,0,3,3
2022-08-06T04:01:45,3,0,3,3
2022-08-06T04:10:46,3,0,3,3
2022-08-06T04:28:56,3,0,3,3
2022-08-06T04:38:01,3,0,3,3
2022-08-06T04:47:04,3,0,3,3
2022-08-06T04:56:06,3,0,3,3
2022-08-06T05:05:09,3,0,3,3
2022-08-06T05:14:17,3,0,3,3
2022-08-06T05:23:20,3,0,3,3
2022-08-06T05:32:24,3,0,3,3
2022-08-06T05:41:26,3,0,3,3
2022-08-06T05:50:28,3,0,3,3
2022-08-06T05:59:29,3,0,3,3
2022-08-06T06:08:31,3,0,3,3
2022-08-06T06:17:33,3,0,3,3
2022-08-06T06:26:35,3,0,3,3
2022-08-06T06:35:37,3,0,3,3
2022-08-06T06:44:39,3,0,3,3
2022-08-06T06:53:40,3,0,3,3
2022-08-06T07:02:42,3,0,3,3
2022-08-06T07:11:45,3,0,3,3
2022-08-06T07:20:47,3,0,3,3
2022-08-06T07:29:50,3,0,3,3
2022-08-06T07:38:51,3,0,3,3
2022-08-06T07:47:53,3,0,3,3
2022-08-06T07:56:55,3,0,3,3
2022-08-06T08:05:57,3,0,3,3
2022-08-06T08:14:59,3,0,3,3
2022-08-06T08:24:00,3,0,3,3
2022-08-06T08:33:02,3,0,3,3
2022-08-06T08:42:03,3,0,3,3
2022-08-06T08:51:05,3,0,3,3
2022-08-06T09:00:08,3,0,3,3
2022-08-06T09:09:13,3,0,3,3
2022-08-06T09:18:13,3,0,3,3
2022-08-06T09:27:14,3,0,3,3
2022-08-06T09:36:15,3,0,3,3
2022-08-06T09:45:15,3,0,3,3
2022-08-06T09:54:16,3,0,3,3
2022-08-06T10:03:17,3,0,3,3
2022-08-06T10:12:18,3,0,3,3
2022-08-06T10:21:35,3,0,3,3
2022-08-06T10:30:37,3,0,3,3
2022-08-06T10:39:38,3,0,3,3
2022-08-06T10:48:39,3,0,3,3
2022-08-06T10:57:38,3,0,3,3
2022-08-06T11:06:38,3,0,3,3
2022-08-06T11:15:37,3,0,3,3
2022-08-06T11:24:37,3,0,3,3
2022-08-06T11:33:36,3,0,3,3
2022-08-06T11:42:35,3,0,3,3
2022-08-06T11:51:35,3,0,3,3
2022-08-06T12:00:34,3,0,3,3
2022-08-06T12:09:33,3,0,3,3
2022-08-06T12:18:33,3,0,3,3
2022-08-06T12:27:32,3,0,3,3
2022-08-06T12:36:32,3,0,3,3
2022-08-06T12:45:32,3,0,3,3
2022-08-06T12:54:42,3,0,3,3
2022-08-06T13:03:41,3,0,3,3
2022-08-06T13:12:40,3,0,3,3
2022-08-06T13:21:40,3,0,3,3
2022-08-06T13:30:39,3,0,3,3
2022-08-06T13:39:39,3,0,3,3
2022-08-06T13:48:39,3,0,3,3
2022-08-06T13:57:39,3,0,3,3
2022-08-06T14:06:39,3,0,3,3
2022-08-06T14:15:39,3,0,3,3
2022-08-06T14:24:39,3,0,3,3
2022-08-06T14:33:39,3,0,3,3
2022-08-06T14:42:38,3,0,3,3
2022-08-06T14:51:38,3,0,3,3
2022-08-06T15:00:37,3,0,3,3
2022-08-06T15:09:37,3,0,3,3
2022-08-06T15:18:36,3,0,3,3
2022-08-06T15:27:36,3,0,3,3
2022-08-06T15:36:35,3,0,3,3
2022-08-06T15:45:35,3,0,3,3
2022-08-06T15:54:35,3,0,3,3
2022-08-06T16:03:35,3,0,3,3
2022-08-06T16:12:34,3,0,3,3
2022-08-06T16:21:34,3,0,3,3
2022-08-06T16:30:33,3,0,3,3
2022-08-06T16:39:43,3,0,3,3
2022-08-06T16:48:43,3,0,3,3
2022-08-06T16:57:42,3,0,3,3
2022-08-06T17:06:42,3,0,3,3
2022-08-06T17:15:41,3,0,3,3
2022-08-06T17:24:40,3,0,3,3
2022-08-06T17:33:39,3,0,3,3
2022-08-06T17:42:38,3,0,3,3
2022-08-06T17:51:38,3,0,3,3
2022-08-06T18:00:38,3,0,3,3
2022-08-06T18:09:37,3,0,3,3
2022-08-06T18:18:36,3,0,3,3
2022-08-06T18:27:36,3,0,3,3
2022-08-06T18:36:35,3,0,3,3
2022-08-06T18:45:35,3,0,3,3
2022-08-06T18:54:34,3,0,3,3
2022-08-06T19:03:43,3,0,3,3
2022-08-06T19:12:42,3,0,3,3
2022-08-06T19:21:41,3,0,3,3
2022-08-06T19:30:40,3,0,3,3
2022-08-06T19:39:39,3,0,3,3
2022-08-06T19:48:38,3,0,3,3
2022-08-06T19:57:38,3,0,3,3
2022-08-06T20:06:37,3,0,3,3
2022-08-06T20:15:36,3,0,3,3
2022-08-06T20:24:36,3,0,3,3
2022-08-06T20:33:35,3,0,3,3
2022-08-06T20:42:34,3,0,3,3
2022-08-06T20:51:33,3,0,3,3
2022-08-06T21:00:32,3,0,3,3
2022-08-06T21:09:32,3,0,3,3
2022-08-06T21:18:32,3,0,3,3
2022-08-06T21:27:31,3,0,3,3
2022-08-06T21:36:30,3,0,3,3
2022-08-06T21:45:29,3,0,3,3
2022-08-06T21:54:38,3,0,3,3
2022-08-06T22:03:39,3,0,3,3
2022-08-06T22:12:39,3,0,3,3
2022-08-06T22:21:38,3,0,3,3
2022-08-06T22:30:37,3,0,3,3
2022-08-06T22:39:37,3,0,3,3
2022-08-06T22:48:36,3,0,3,3
2022-08-06T22:57:35,3,0,3,3
2022-08-06T23:06:35,3,0,3,3
2022-08-06T23:15:35,3,0,3,3
2022-08-06T23:24:35,3,0,3,3
2022-08-06T23:33:34,3,0,3,3
2022-08-06T23:42:33,3,0,3,3
2022-08-06T23:51:33,3,0,3,3
2022-08-07T00:00:33,3,0,3,3
2022-08-07T00:09:44,3,0,3,3
2022-08-07T00:18:46,3,0,3,3
2022-08-07T00:27:46,3,0,3,3
2022-08-07T00:36:47,3,0,3,3
2022-08-07T00:45:46,3,0,3,3
2022-08-07T00:54:45,3,0,3,3
2022-08-07T01:03:48,3,0,3,3
2022-08-07T01:12:51,3,0,3,3
2022-08-07T01:21:54,3,0,3,3
2022-08-07T01:30:56,3,0,3,3
2022-08-07T01:39:59,3,0,3,3
2022-08-07T01:49:00,3,0,3,3
2022-08-07T01:58:04,3,0,3,3
2022-08-07T02:07:15,3,0,3,3
2022-08-07T02:16:17,3,0,3,3
2022-08-07T02:25:18,3,0,3,3
2022-08-07T02:34:24,3,0,3,3
2022-08-07T02:43:24,3,0,3,3
2022-08-07T02:52:24,3,0,3,3
2022-08-07T03:01:25,3,0,3,3
2022-08-07T03:10:26,3,0,3,3
2022-08-07T03:19:26,3,0,3,3
2022-08-07T03:28:26,3,0,3,3
2022-08-07T03:37:25,3,0,3,3
2022-08-07T03:46:27,3,0,3,3
2022-08-07T03:55:29,3,0,3,3
2022-08-07T04:04:31,3,0,3,3
2022-08-07T04:27:20,3,0,3,3
2022-08-07T04:36:48,3,0,3,3
2022-08-07T04:45:50,3,0,3,3
2022-08-07T04:54:52,3,0,3,3
2022-08-07T05:03:55,3,0,3,3
2022-08-07T05:12:58,3,0,3,3
2022-08-07T05:22:00,3,0,3,3
2022-08-07T05:31:02,3,0,3,3
2022-08-07T05:40:04,3,0,3,3
2022-08-07T05:49:03,3,0,3,3
2022-08-07T05:58:03,3,0,3,3
2022-08-07T06:07:04,3,0,3,3
2022-08-07T06:16:05,3,0,3,3
2022-08-07T06:25:06,3,0,3,3
2022-08-07T06:34:06,3,0,3,3
2022-08-07T06:43:05,3,0,3,3
2022-08-07T06:52:04,3,0,3,3
2022-08-07T07:01:04,3,0,3,3
2022-08-07T07:10:04,3,0,3,3
2022-08-07T07:19:04,3,0,3,3
2022-08-07T07:28:04,3,0,3,3
2022-08-07T07:37:05,3,0,3,3
2022-08-07T07:46:05,3,0,3,3
2022-08-07T07:55:05,3,0,3,3
2022-08-07T08:04:05,3,0,3,3
2022-08-07T08:13:04,3,0,3,3
2022-08-07T08:22:04,3,0,3,3
2022-08-07T08:31:06,3,0,3,3
2022-08-07T08:40:06,3,0,3,3
2022-08-07T08:49:05,3,0,3,3
2022-08-07T08:58:04,3,0,3,3
2022-08-07T09:07:03,3,0,3,3
2022-08-07T09:16:03,3,0,3,3
2022-08-07T09:25:03,3,0,3,3
2022-08-07T09:34:03,3,0,3,3
2022-08-07T09:43:03,3,0,3,3
2022-08-07T09:52:05,3,0,3,3
2022-08-07T10:01:05,3,0,3,3
2022-08-07T10:10:04,3,0,3,3
2022-08-07T10:19:04,3,0,3,3
2022-08-07T10:28:04,3,0,3,3
2022-08-07T10:37:03,3,0,3,3
2022-08-07T10:46:03,3,0,3,3
2022-08-07T10:55:03,3,0,3,3
2022-08-07T11:04:03,3,0,3,3
2022-08-07T11:13:03,3,0,3,3
2022-08-07T11:22:03,3,0,3,3
2022-08-07T11:31:03,3,0,3,3
2022-08-07T11:40:02,3,0,3,3
2022-08-07T11:49:02,3,0,3,3
2022-08-07T11:58:01,3,0,3,3
2022-08-07T12:07:00,3,0,3,3
2022-08-07T12:16:00,3,0,3,3
2022-08-07T12:24:59,3,0,3,3
2022-08-07T12:34:09,3,0,3,3
2022-08-07T12:43:09,3,0,3,3
2022-08-07T12:52:08,3,0,3,3
2022-08-07T13:01:08,3,0,3,3
2022-08-07T13:10:07,3,0,3,3
2022-08-07T13:19:06,3,0,3,3
2022-08-07T13:28:05,3,0,3,3
2022-08-07T13:37:04,3,0,3,3
2022-08-07T13:46:03,3,0,3,3
2022-08-07T13:55:03,3,0,3,3
2022-08-07T14:04:02,3,0,3,3
2022-08-07T14:13:02,3,0,3,3
2022-08-07T14:22:03,3,0,3,3
2022-08-07T14:31:03,3,0,3,3
2022-08-07T14:40:02,3,0,3,3
2022-08-07T14:49:02,3,0,3,3
2022-08-07T14:58:01,3,0,3,3
2022-08-07T15:07:01,3,0,3,3
2022-08-07T15:16:00,3,0,3,3
2022-08-07T15:25:00,3,0,3,3
2022-08-07T15:33:59,3,0,3,3
2022-08-07T15:42:58,3,0,3,3
2022-08-07T15:52:08,3,0,3,3
2022-08-07T16:01:08,3,0,3,3
2022-08-07T16:10:07,3,0,3,3
2022-08-07T16:19:07,3,0,3,3
2022-08-07T16:28:07,3,0,3,3
2022-08-07T16:37:07,3,0,3,3
2022-08-07T16:46:07,3,0,3,3
2022-08-07T16:55:06,3,0,3,3
2022-08-07T17:04:06,3,0,3,3
2022-08-07T17:13:06,3,0,3,3
2022-08-07T17:22:06,3,0,3,3
2022-08-07T17:31:08,3,0,3,3
2022-08-07T17:40:08,3,0,3,3
2022-08-07T17:49:07,3,0,3,3
2022-08-07T17:58:06,3,0,3,3
2022-08-07T18:07:06,3,0,3,3
2022-08-07T18:16:05,3,0,3,3
2022-08-07T18:25:05,3,0,3,3
2022-08-07T18:34:04,3,0,3,3
2022-08-07T18:43:03,3,0,3,3
2022-08-07T18:52:03,3,0,3,3
2022-08-07T19:01:03,3,0,3,3
2022-08-07T19:10:13,3,0,3,3
2022-08-07T19:19:14,3,0,3,3
2022-08-07T19:28:14,3,0,3,3
2022-08-07T19:37:13,3,0,3,3
2022-08-07T19:46:13,3,0,3,3
2022-08-07T19:55:12,3,0,3,3
2022-08-07T20:04:12,3,0,3,3
2022-08-07T20:13:11,3,0,3,3
2022-08-07T20:22:12,3,0,3,3
2022-08-07T20:31:11,3,0,3,3
2022-08-07T20:40:10,3,0,3,3
2022-08-07T20:49:10,3,0,3,3
2022-08-07T20:58:09,3,0,3,3
2022-08-07T21:07:08,3,0,3,3
2022-08-07T21:16:08,3,0,3,3
2022-08-07T21:25:08,3,0,3,3
2022-08-07T21:34:08,3,0,3,3
2022-08-07T21:43:08,3,0,3,3
2022-08-07T21:52:08,3,0,3,3
2022-08-07T22:01:07,3,0,3,3
2022-08-07T22:10:17,3,0,3,3
2022-08-07T22:19:16,3,0,3,3
2022-08-07T22:28:15,3,0,3,3
2022-08-07T22:37:15,3,0,3,3
2022-08-07T22:46:14,3,0,3,3
2022-08-07T22:55:14,3,0,3,3
2022-08-07T23:04:14,3,0,3,3
2022-08-07T23:13:15,3,0,3,3
2022-08-07T23:22:15,3,0,3,3
2022-08-07T23:31:15,3,0,3,3
2022-08-07T23:40:15,3,0,3,3
2022-08-07T23:49:14,3,0,3,3
2022-08-07T23:58:14,3,0,3,3
2022-08-08T00:07:15,3,0,3,3
2022-08-08T00:16:21,3,0,3,3
2022-08-08T00:25:24,3,0,3,3
2022-08-08T00:34:27,3,0,3,3
2022-08-08T00:43:28,3,0,3,3
2022-08-08T00:52:29,3,0,3,3
2022-08-08T01:01:29,3,0,3,3
2022-08-08T01:10:48,3,0,3,3
2022-08-08T01:19:50,3,0,3,3
2022-08-08T01:28:53,3,0,3,3
2022-08-08T01:37:55,3,0,3,3
2022-08-08T01:46:55,3,0,3,3
2022-08-08T01:55:57,3,0,3,3
2022-08-08T02:05:08,3,0,3,3
2022-08-08T02:14:10,3,0,3,3
2022-08-08T02:23:11,3,0,3,3
2022-08-08T02:32:13,3,0,3,3
2022-08-08T02:41:13,3,0,3,3
2022-08-08T02:50:13,3,0,3,3
2022-08-08T02:59:15,3,0,3,3
2022-08-08T03:08:17,3,0,3,3
2022-08-08T03:17:17,3,0,3,3
2022-08-08T03:26:18,3,0,3,3
2022-08-08T03:35:18,3,0,3,3
2022-08-08T03:44:20,3,0,3,3
2022-08-08T03:53:22,3,0,3,3
2022-08-08T04:02:24,3,0,3,3
2022-08-08T04:18:11,3,0,3,3
2022-08-08T04:27:35,3,0,3,3
2022-08-08T04:36:37,3,0,3,3
2022-08-08T04:45:39,3,0,3,3
2022-08-08T04:54:41,3,0,3,3
2022-08-08T05:03:44,3,0,3,3
2022-08-08T05:12:47,3,0,3,3
2022-08-08T05:21:51,3,0,3,3
2022-08-08T05:30:54,3,0,3,3
2022-08-08T05:39:58,3,0,3,3
2022-08-08T05:49:04,3,0,3,3
2022-08-08T05:58:06,3,0,3,3
2022-08-08T06:07:08,3,0,3,3
2022-08-08T06:16:09,3,0,3,3
2022-08-08T06:25:11,3,0,3,3
2022-08-08T06:34:13,3,0,3,3
2022-08-08T06:43:14,3,0,3,3
2022-08-08T06:52:14,3,0,3,3
2022-08-08T07:01:14,3,0,3,3
2022-08-08T07:10:15,3,0,3,3
2022-08-08T07:19:16,3,0,3,3
2022-08-08T07:28:16,3,0,3,3
2022-08-08T07:37:17,3,0,3,3
2022-08-08T07:46:17,3,0,3,3
2022-08-08T07:55:18,3,0,3,3
2022-08-08T08:04:18,3,0,3,3
2022-08-08T08:13:19,3,0,3,3
2022-08-08T08:22:19,3,0,3,3
2022-08-08T08:31:21,3,0,3,3
2022-08-08T08:40:23,3,0,3,3
2022-08-08T08:49:25,3,0,3,3
2022-08-08T08:58:26,3,0,3,3
2022-08-08T09:07:38,3,0,3,3
2022-08-08T09:16:40,3,0,3,3
2022-08-08T09:25:42,3,0,3,3
2022-08-08T09:34:43,3,0,3,3
2022-08-08T09:43:45,3,0,3,3
2022-08-08T09:52:47,3,0,3,3
2022-08-08T10:01:50,3,0,3,3
2022-08-08T10:10:53,3,0,3,3
2022-08-08T10:19:55,3,0,3,3
2022-08-08T10:28:57,3,0,3,3
2022-08-08T10:38:00,3,0,3,3
2022-08-08T10:47:02,3,0,3,3
2022-08-08T10:56:05,3,0,3,3
2022-08-08T11:05:08,3,0,3,3
2022-08-08T11:14:10,3,0,3,3
2022-08-08T11:23:23,3,0,3,3
2022-08-08T11:32:26,3,0,3,3
2022-08-08T11:41:28,3,0,3,3
2022-08-08T11:50:30,3,0,3,3
2022-08-08T11:59:32,3,0,3,3
2022-08-08T12:08:34,3,0,3,3
2022-08-08T12:17:35,3,0,3,3
2022-08-08T12:26:37,3,0,3,3
2022-08-08T12:35:41,3,0,3,3
2022-08-08T12:44:42,3,0,3,3
2022-08-08T12:53:54,3,0,3,3
2022-08-08T13:02:55,3,0,3,3
2022-08-08T13:11:56,3,0,3,3
2022-08-08T13:20:58,3,0,3,3
2022-08-08T13:30:01,3,0,3,3
2022-08-08T13:39:03,3,0,3,3
2022-08-08T13:48:06,3,0,3,3
2022-08-08T13:57:08,3,0,3,3
2022-08-08T14:06:11,3,0,3,3
2022-08-08T14:15:14,3,0,3,3
2022-08-08T14:24:17,3,0,3,3
2022-08-08T14:33:30,3,0,3,3
2022-08-08T14:42:33,3,0,3,3
2022-08-08T14:51:35,3,0,3,3
2022-08-08T15:00:38,3,0,3,3
2022-08-08T15:09:42,3,0,3,3
2022-08-08T15:18:46,3,0,3,3
2022-08-08T15:27:50,3,0,3,3
2022-08-08T15:36:55,3,0,3,3
2022-08-08T15:46:00,3,0,3,3
2022-08-08T15:55:04,3,0,3,3
2022-08-08T16:04:05,3,0,3,3
2022-08-08T16:13:07,3,0,3,3
2022-08-08T16:22:20,3,0,3,3
2022-08-08T16:31:22,3,0,3,3
2022-08-08T16:40:23,3,0,3,3
2022-08-08T16:49:24,3,0,3,3
2022-08-08T16:58:25,3,0,3,3
2022-08-08T17:07:26,3,0,3,3
2022-08-08T17:16:28,3,0,3,3
2022-08-08T17:25:29,3,0,3,3
2022-08-08T17:34:29,3,0,3,3
2022-08-08T17:43:29,3,0,3,3
2022-08-08T17:52:30,3,0,3,3
2022-08-08T18:01:31,3,0,3,3
2022-08-08T18:10:31,3,0,3,3
2022-08-08T18:19:32,3,0,3,3
2022-08-08T18:28:32,3,0,3,3
2022-08-08T18:37:33,3,0,3,3
2022-08-08T18:46:33,3,0,3,3
2022-08-08T18:55:33,3,0,3,3
2022-08-08T19:04:34,3,0,3,3
2022-08-08T19:13:34,3,0,3,3
2022-08-08T19:22:44,3,0,3,3
2022-08-08T19:31:45,3,0,3,3
2022-08-08T19:40:45,3,0,3,3
2022-08-08T19:49:45,3,0,3,3
2022-08-08T19:58:45,3,0,3,3
2022-08-08T20:07:48,3,0,3,3
2022-08-08T20:16:50,3,0,3,3
2022-08-08T20:25:51,3,0,3,3
2022-08-08T20:34:51,3,0,3,3
2022-08-08T20:43:51,3,0,3,3
2022-08-08T20:52:51,3,0,3,3
2022-08-08T21:01:51,3,0,3,3
2022-08-08T21:10:52,3,0,3,3
2022-08-08T21:19:52,3,0,3,3
2022-08-08T21:28:52,3,0,3,3
2022-08-08T21:37:53,3,0,3,3
2022-08-08T21:46:53,3,0,3,3
2022-08-08T21:56:04,3,0,3,3
2022-08-08T22:05:05,3,0,3,3
2022-08-08T22:14:06,3,0,3,3
2022-08-08T22:23:06,3,0,3,3
2022-08-08T22:32:06,3,0,3,3
2022-08-08T22:41:06,3,0,3,3
2022-08-08T22:50:06,3,0,3,3
2022-08-08T22:59:06,3,0,3,3
2022-08-08T23:08:07,3,0,3,3
2022-08-08T23:17:07,3,0,3,3
2022-08-08T23:26:08,3,0,3,3
2022-08-08T23:35:09,3,0,3,3
2022-08-08T23:44:10,3,0,3,3
2022-08-08T23:53:11,3,0,3,3
2022-08-09T00:02:13,3,0,3,3
2022-08-09T00:11:29,3,0,3,3
2022-08-09T00:20:33,3,0,3,3
2022-08-09T00:29:35,3,0,3,3
2022-08-09T00:38:37,3,0,3,3
2022-08-09T00:47:40,3,0,3,3
2022-08-09T00:56:42,3,0,3,3
2022-08-09T01:05:45,3,0,3,3
2022-08-09T01:14:47,3,0,3,3
2022-08-09T01:23:49,3,0,3,3
2022-08-09T01:32:53,3,0,3,3
2022-08-09T01:41:55,3,0,3,3
2022-08-09T01:50:58,3,0,3,3
2022-08-09T02:00:01,3,0,3,3
2022-08-09T02:09:04,3,0,3,3
2022-08-09T02:18:05,3,0,3,3
2022-08-09T02:27:05,3,0,3,3
2022-08-09T02:36:04,3,0,3,3
2022-08-09T02:45:04,3,0,3,3
2022-08-09T02:54:03,3,0,3,3
2022-08-09T03:03:03,3,0,3,3
2022-08-09T03:12:03,3,0,3,3
2022-08-09T03:21:03,3,0,3,3
2022-08-09T03:30:02,3,0,3,3
2022-08-09T03:39:01,3,0,3,3
2022-08-09T03:48:02,3,0,3,3
2022-08-09T03:57:04,3,0,3,3
2022-08-09T04:08:24,3,0,3,3
2022-08-09T04:30:27,3,0,3,3
2022-08-09T04:39:53,3,0,3,3
2022-08-09T04:48:59,3,0,3,3
2022-08-09T04:58:03,3,0,3,3
2022-08-09T05:07:07,3,0,3,3
2022-08-09T05:16:12,3,0,3,3
2022-08-09T05:25:15,3,0,3,3
2022-08-09T05:34:17,3,0,3,3
2022-08-09T05:43:18,3,0,3,3
2022-08-09T05:52:20,3,0,3,3
2022-08-09T06:01:22,3,0,3,3
2022-08-09T06:10:24,3,0,3,3
2022-08-09T06:19:28,3,0,3,3
2022-08-09T06:28:31,3,0,3,3
2022-08-09T06:37:37,3,0,3,3
2022-08-09T06:46:38,3,0,3,3
2022-08-09T06:55:41,3,0,3,3
2022-08-09T07:04:44,3,0,3,3
2022-08-09T07:13:47,3,0,3,3
2022-08-09T07:22:48,3,0,3,3
2022-08-09T07:31:51,3,0,3,3
2022-08-09T07:40:52,3,0,3,3
2022-08-09T07:49:56,3,0,3,3
2022-08-09T07:59:00,3,0,3,3
2022-08-09T08:08:03,3,0,3,3
2022-08-09T08:17:04,3,0,3,3
2022-08-09T08:26:05,3,0,3,3
2022-08-09T08:35:07,3,0,3,3
2022-08-09T08:44:08,3,0,3,3
2022-08-09T08:53:08,3,0,3,3
2022-08-09T09:02:09,3,0,3,3
2022-08-09T09:11:11,3,0,3,3
2022-08-09T09:20:22,3,0,3,3
2022-08-09T09:29:23,3,0,3,3
2022-08-09T09:38:25,3,0,3,3
2022-08-09T09:47:26,3,0,3,3
2022-08-09T09:56:28,3,0,3,3
2022-08-09T10:05:30,3,0,3,3
2022-08-09T10:14:32,3,0,3,3
2022-08-09T10:23:34,3,0,3,3
2022-08-09T10:32:35,3,0,3,3
2022-08-09T10:41:38,3,0,3,3
2022-08-09T10:50:41,3,0,3,3
2022-08-09T10:59:44,3,0,3,3
2022-08-09T11:08:58,3,0,3,3
2022-08-09T11:18:00,3,0,3,3
2022-08-09T11:27:02,3,0,3,3
2022-08-09T11:36:06,3,0,3,3
2022-08-09T11:45:09,3,0,3,3
2022-08-09T11:54:10,3,0,3,3
2022-08-09T12:03:14,3,0,3,3
2022-08-09T12:12:24,3,0,3,3
2022-08-09T12:21:33,3,0,3,3
2022-08-09T12:30:42,3,0,3,3
2022-08-09T12:39:50,3,0,3,3
2022-08-09T12:49:10,3,0,3,3
2022-08-09T12:58:18,3,0,3,3
2022-08-09T13:07:26,3,0,3,3
2022-08-09T13:16:35,3,0,3,3
2022-08-09T13:25:43,3,0,3,3
2022-08-09T13:34:51,3,0,3,3
2022-08-09T13:43:57,3,0,3,3
2022-08-09T13:53:01,3,0,3,3
2022-08-09T14:02:16,3,0,3,3
2022-08-09T14:11:18,3,0,3,3
2022-08-09T14:20:20,3,0,3,3
2022-08-09T14:29:22,3,0,3,3
2022-08-09T14:38:26,3,0,3,3
2022-08-09T14:47:28,3,0,3,3
2022-08-09T14:56:31,3,0,3,3
2022-08-09T15:05:33,3,0,3,3
2022-08-09T15:14:34,3,0,3,3
2022-08-09T15:23:48,3,0,3,3
2022-08-09T15:32:50,3,0,3,3
2022-08-09T15:41:53,3,0,3,3
2022-08-09T15:50:55,3,0,3,3
2022-08-09T15:59:57,3,0,3,3
2022-08-09T16:08:59,3,0,3,3
2022-08-09T16:18:00,3,0,3,3
2022-08-09T16:27:14,3,0,3,3
2022-08-09T16:36:15,3,0,3,3
2022-08-09T16:45:16,3,0,3,3
2022-08-09T16:54:17,3,0,3,3
2022-08-09T17:03:18,3,0,3,3
2022-08-09T17:12:19,3,0,3,3
2022-08-09T17:21:20,3,0,3,3
2022-08-09T17:30:21,3,0,3,3
2022-08-09T17:39:22,3,0,3,3
2022-08-09T17:48:33,3,0,3,3
2022-08-09T17:57:33,3,0,3,3
2022-08-09T18:06:35,3,0,3,3
2022-08-09T18:15:35,3,0,3,3
2022-08-09T18:24:35,3,0,3,3
2022-08-09T18:33:37,3,0,3,3
2022-08-09T18:42:38,3,0,3,3
2022-08-09T18:51:38,3,0,3,3
2022-08-09T19:00:38,3,0,3,3
2022-08-09T19:09:39,3,0,3,3
2022-08-09T19:18:40,3,0,3,3
2022-08-09T19:27:40,3,0,3,3
2022-08-09T19:36:40,3,0,3,3
2022-08-09T19:45:52,3,0,3,3
2022-08-09T19:54:53,3,0,3,3
2022-08-09T20:03:53,3,0,3,3
2022-08-09T20:12:53,3,0,3,3
2022-08-09T20:21:53,3,0,3,3
2022-08-09T20:30:53,3,0,3,3
2022-08-09T20:39:53,3,0,3,3
2022-08-09T20:48:53,3,0,3,3
2022-08-09T20:57:53,3,0,3,3
2022-08-09T21:06:53,3,0,3,3
2022-08-09T21:16:04,3,0,3,3
2022-08-09T21:25:05,3,0,3,3
2022-08-09T21:34:05,3,0,3,3
2022-08-09T21:43:05,3,0,3,3
2022-08-09T21:52:06,3,0,3,3
2022-08-09T22:01:05,3,0,3,3
2022-08-09T22:10:06,3,0,3,3
2022-08-09T22:19:06,3,0,3,3
2022-08-09T22:28:07,3,0,3,3
2022-08-09T22:37:06,3,0,3,3
2022-08-09T22:46:06,3,0,3,3
2022-08-09T22:55:06,3,0,3,3
2022-08-09T23:04:07,3,0,3,3
2022-08-09T23:13:07,3,0,3,3
2022-08-09T23:22:09,3,0,3,3
2022-08-09T23:31:09,3,0,3,3
2022-08-09T23:40:22,3,0,3,3
2022-08-09T23:49:22,3,0,3,3
2022-08-09T23:58:22,3,0,3,3
2022-08-10T00:07:23,3,0,3,3
2022-08-10T00:16:26,3,0,3,3
2022-08-10T00:25:28,3,0,3,3
2022-08-10T00:34:29,3,0,3,3
2022-08-10T00:43:32,3,0,3,3
2022-08-10T00:52:35,3,0,3,3
2022-08-10T01:01:39,3,0,3,3
2022-08-10T01:10:41,3,0,3,3
2022-08-10T01:19:44,3,0,3,3
2022-08-10T01:28:47,3,0,3,3
2022-08-10T01:37:51,3,0,3,3
2022-08-10T01:46:53,3,0,3,3
2022-08-10T01:55:55,3,0,3,3
2022-08-10T02:04:55,3,0,3,3
2022-08-10T02:13:57,3,0,3,3
2022-08-10T02:22:57,3,0,3,3
2022-08-10T02:31:58,3,0,3,3
2022-08-10T02:41:00,3,0,3,3
2022-08-10T02:50:05,3,0,3,3
2022-08-10T02:59:16,3,0,3,3
2022-08-10T03:08:19,3,0,3,3
2022-08-10T03:17:21,3,0,3,3
2022-08-10T03:26:22,3,0,3,3
2022-08-10T03:35:22,3,0,3,3
2022-08-10T03:44:24,3,0,3,3
2022-08-10T03:53:26,3,0,3,3
2022-08-10T04:04:34,3,0,3,3
2022-08-10T04:14:09,3,0,3,3
2022-08-10T04:32:25,3,0,3,3
2022-08-10T04:41:40,3,0,3,3
2022-08-10T04:50:43,3,0,3,3
2022-08-10T04:59:46,3,0,3,3
2022-08-10T05:08:52,3,0,3,3
2022-08-10T05:17:54,3,0,3,3
2022-08-10T05:26:58,3,0,3,3
2022-08-10T05:36:01,3,0,3,3
2022-08-10T05:45:03,3,0,3,3
2022-08-10T05:54:06,3,0,3,3
2022-08-10T06:03:09,3,0,3,3
2022-08-10T06:12:12,3,0,3,3
2022-08-10T06:21:16,3,0,3,3
2022-08-10T06:30:19,3,0,3,3
2022-08-10T06:39:21,3,0,3,3
2022-08-10T06:48:21,3,0,3,3
2022-08-10T06:57:21,3,0,3,3
2022-08-10T07:06:23,3,0,3,3
2022-08-10T07:15:24,3,0,3,3
2022-08-10T07:24:40,3,0,3,3
2022-08-10T07:33:46,3,0,3,3
2022-08-10T07:42:47,3,0,3,3
2022-08-10T07:51:48,3,0,3,3
2022-08-10T08:00:48,3,0,3,3
2022-08-10T08:09:49,3,0,3,3
2022-08-10T08:18:50,3,0,3,3
2022-08-10T08:27:52,3,0,3,3
2022-08-10T08:37:05,3,0,3,3
2022-08-10T08:46:07,3,0,3,3
2022-08-10T08:55:09,3,0,3,3
2022-08-10T09:04:10,3,0,3,3
2022-08-10T09:13:11,3,0,3,3
2022-08-10T09:22:13,3,0,3,3
2022-08-10T09:31:15,3,0,3,3
2022-08-10T09:40:17,3,0,3,3
2022-08-10T09:49:18,3,0,3,3
2022-08-10T09:58:20,3,0,3,3
2022-08-10T10:07:22,3,0,3,3
2022-08-10T10:16:23,3,0,3,3
2022-08-10T10:25:25,3,0,3,3
2022-08-10T10:34:27,3,0,3,3
2022-08-10T10:43:42,3,0,3,3
2022-08-10T10:52:43,3,0,3,3
2022-08-10T11:01:45,3,0,3,3
2022-08-10T11:10:47,3,0,3,3
2022-08-10T11:19:49,3,0,3,3
2022-08-10T11:28:50,3,0,3,3
2022-08-10T11:37:52,3,0,3,3
2022-08-10T11:46:54,3,0,3,3
2022-08-10T11:55:56,3,0,3,3
2022-08-10T12:04:58,3,0,3,3
2022-08-10T12:13:59,3,0,3,3
2022-08-10T12:23:00,3,0,3,3
2022-08-10T12:32:14,3,0,3,3
2022-08-10T12:41:15,3,0,3,3
2022-08-10T12:50:16,3,0,3,3
2022-08-10T12:59:18,3,0,3,3
2022-08-10T13:08:20,3,0,3,3
2022-08-10T13:17:21,3,0,3,3
2022-08-10T13:26:23,3,0,3,3
2022-08-10T13:35:25,3,0,3,3
2022-08-10T13:44:28,3,0,3,3
2022-08-10T13:53:31,3,0,3,3
2022-08-10T14:02:34,3,0,3,3
2022-08-10T14:11:47,3,0,3,3
2022-08-10T14:20:49,3,0,3,3
2022-08-10T14:29:51,3,0,3,3
2022-08-10T14:38:53,3,0,3,3
2022-08-10T14:47:54,3,0,3,3
2022-08-10T14:56:57,3,0,3,3
2022-08-10T15:05:59,3,0,3,3
2022-08-10T15:15:00,3,0,3,3
2022-08-10T15:24:01,3,0,3,3
2022-08-10T15:33:05,3,0,3,3
2022-08-10T15:42:07,3,0,3,3
2022-08-10T15:51:09,3,0,3,3
2022-08-10T16:00:21,3,0,3,3
2022-08-10T16:09:22,3,0,3,3
2022-08-10T16:18:25,3,0,3,3
2022-08-10T16:27:25,3,0,3,3
2022-08-10T16:36:26,3,0,3,3
2022-08-10T16:45:26,3,0,3,3
2022-08-10T16:54:27,3,0,3,3
2022-08-10T17:03:28,3,0,3,3
2022-08-10T17:12:30,3,0,3,3
2022-08-10T17:21:31,3,0,3,3
2022-08-10T17:30:31,3,0,3,3
2022-08-10T17:39:31,3,0,3,3
2022-08-10T17:48:42,3,0,3,3
2022-08-10T17:57:42,3,0,3,3
2022-08-10T18:06:43,3,0,3,3
2022-08-10T18:15:44,3,0,3,3
2022-08-10T18:24:45,3,0,3,3
2022-08-10T18:33:45,3,0,3,3
2022-08-10T18:42:45,3,0,3,3
2022-08-10T18:51:46,3,0,3,3
2022-08-10T19:00:46,3,0,3,3
2022-08-10T19:09:46,3,0,3,3
2022-08-10T19:18:48,3,0,3,3
2022-08-10T19:27:49,3,0,3,3
2022-08-10T19:36:49,3,0,3,3
2022-08-10T19:46:00,3,0,3,3
2022-08-10T19:55:00,3,0,3,3
2022-08-10T20:04:00,3,0,3,3
2022-08-10T20:13:00,3,0,3,3
2022-08-10T20:22:01,3,0,3,3
2022-08-10T20:31:01,3,0,3,3
2022-08-10T20:40:01,3,0,3,3
2022-08-10T20:49:02,3,0,3,3
2022-08-10T20:58:02,3,0,3,3
2022-08-10T21:07:02,3,0,3,3
2022-08-10T21:16:02,3,0,3,3
2022-08-10T21:25:03,3,0,3,3
2022-08-10T21:34:02,3,0,3,3
2022-08-10T21:43:02,3,0,3,3
2022-08-10T21:52:02,3,0,3,3
2022-08-10T22:01:14,3,0,3,3
2022-08-10T22:10:14,3,0,3,3
2022-08-10T22:19:14,3,0,3,3
2022-08-10T22:28:13,3,0,3,3
2022-08-10T22:37:12,3,0,3,3
2022-08-10T22:46:12,3,0,3,3
2022-08-10T22:55:11,3,0,3,3
2022-08-10T23:04:12,3,0,3,3
2022-08-10T23:13:13,3,0,3,3
2022-08-10T23:26:49,3,0,3,3
2022-08-10T23:35:49,3,0,3,3
2022-08-10T23:44:50,3,0,3,3
2022-08-10T23:53:50,3,0,3,3
2022-08-11T00:02:52,3,0,3,3
2022-08-11T00:11:54,3,0,3,3
2022-08-11T00:20:57,3,0,3,3
2022-08-11T00:29:59,3,0,3,3
2022-08-11T00:39:01,3,0,3,3
2022-08-11T00:48:04,3,0,3,3
2022-08-11T00:57:06,3,0,3,3
2022-08-11T01:06:09,3,0,3,3
2022-08-11T01:15:11,3,0,3,3
2022-08-11T01:24:25,3,0,3,3
2022-08-11T01:33:28,3,0,3,3
2022-08-11T01:42:30,3,0,3,3
2022-08-11T01:51:32,3,0,3,3
2022-08-11T02:00:35,3,0,3,3
2022-08-11T02:09:36,3,0,3,3
2022-08-11T02:18:36,3,0,3,3
2022-08-11T02:27:37,3,0,3,3
2022-08-11T02:36:36,3,0,3,3
2022-08-11T02:45:36,3,0,3,3
2022-08-11T02:54:36,3,0,3,3
2022-08-11T03:03:36,3,0,3,3
2022-08-11T03:12:36,3,0,3,3
2022-08-11T03:21:36,3,0,3,3
2022-08-11T03:30:36,3,0,3,3
2022-08-11T03:39:37,3,0,3,3
2022-08-11T03:48:39,3,0,3,3
2022-08-11T03:57:42,3,0,3,3
2022-08-11T04:06:44,3,0,3,3
2022-08-11T04:23:03,3,0,3,3
2022-08-11T04:32:54,3,0,3,3
2022-08-11T04:41:59,3,0,3,3
2022-08-11T04:51:04,3,0,3,3
2022-08-11T05:00:07,3,0,3,3
2022-08-11T05:09:13,3,0,3,3
2022-08-11T05:18:15,3,0,3,3
2022-08-11T05:27:17,3,0,3,3
2022-08-11T05:36:19,3,0,3,3
2022-08-11T05:45:19,3,0,3,3
2022-08-11T05:54:20,3,0,3,3
2022-08-11T06:03:21,3,0,3,3
2022-08-11T06:12:23,3,0,3,3
2022-08-11T06:21:24,3,0,3,3
2022-08-11T06:30:25,3,0,3,3
2022-08-11T06:39:26,3,0,3,3
2022-08-11T06:48:26,3,0,3,3
2022-08-11T06:57:28,3,0,3,3
2022-08-11T07:06:43,3,0,3,3
2022-08-11T07:15:48,3,0,3,3
2022-08-11T07:24:52,3,0,3,3
2022-08-11T07:33:55,3,0,3,3
2022-08-11T07:42:58,3,0,3,3
2022-08-11T07:52:01,3,0,3,3
2022-08-11T08:01:04,3,0,3,3
2022-08-11T08:10:07,3,0,3,3
2022-08-11T08:19:14,3,0,3,3
2022-08-11T08:28:25,3,0,3,3
2022-08-11T08:37:43,3,0,3,3
2022-08-11T08:46:54,3,0,3,3
2022-08-11T08:56:09,3,0,3,3
2022-08-11T09:05:29,3,0,3,3
2022-08-11T09:14:45,3,0,3,3
2022-08-11T09:24:01,3,0,3,3
2022-08-11T09:33:20,3,0,3,3
2022-08-11T09:42:40,3,0,3,3
2022-08-11T09:52:07,3,0,3,3
2022-08-11T10:01:19,3,0,3,3
2022-08-11T10:10:33,3,0,3,3
2022-08-11T10:19:45,3,0,3,3
2022-08-11T10:28:58,3,0,3,3
2022-08-11T10:38:13,3,0,3,3
2022-08-11T10:47:26,3,0,3,3
2022-08-11T10:56:39,3,0,3,3
2022-08-11T11:05:45,3,0,3,3
2022-08-11T11:14:49,3,0,3,3
2022-08-11T11:23:54,3,0,3,3
2022-08-11T11:32:56,3,0,3,3
2022-08-11T11:41:57,3,0,3,3
2022-08-11T11:50:59,3,0,3,3
2022-08-11T12:00:12,3,0,3,3
2022-08-11T12:09:14,3,0,3,3
2022-08-11T12:18:15,3,0,3,3
2022-08-11T12:27:15,3,0,3,3
2022-08-11T12:36:16,3,0,3,3
2022-08-11T12:45:18,3,0,3,3
2022-08-11T12:54:19,3,0,3,3
2022-08-11T13:03:20,3,0,3,3
2022-08-11T13:12:22,3,0,3,3
2022-08-11T13:21:23,3,0,3,3
2022-08-11T13:30:36,3,0,3,3
2022-08-11T13:39:38,3,0,3,3
2022-08-11T13:48:40,3,0,3,3
2022-08-11T13:57:41,3,0,3,3
2022-08-11T14:06:43,3,0,3,3
2022-08-11T14:15:44,3,0,3,3
2022-08-11T14:24:46,3,0,3,3
2022-08-11T14:33:48,3,0,3,3
2022-08-11T14:42:50,3,0,3,3
2022-08-11T14:52:02,3,0,3,3
2022-08-11T15:01:05,3,0,3,3
2022-08-11T15:10:06,3,0,3,3
2022-08-11T15:19:08,3,0,3,3
2022-08-11T15:28:10,3,0,3,3
2022-08-11T15:37:12,3,0,3,3
2022-08-11T15:46:14,3,0,3,3
2022-08-11T15:55:15,3,0,3,3
2022-08-11T16:04:17,3,0,3,3
2022-08-11T16:13:18,3,0,3,3
2022-08-11T16:22:19,3,0,3,3
2022-08-11T16:31:21,3,0,3,3
2022-08-11T16:40:22,3,0,3,3
2022-08-11T16:49:22,3,0,3,3
2022-08-11T16:58:33,3,0,3,3
2022-08-11T17:07:34,3,0,3,3
2022-08-11T17:16:36,3,0,3,3
2022-08-11T17:25:36,3,0,3,3
2022-08-11T17:34:37,3,0,3,3
2022-08-11T17:43:37,3,0,3,3
2022-08-11T17:52:39,3,0,3,3
2022-08-11T18:01:40,3,0,3,3
2022-08-11T18:10:41,3,0,3,3
2022-08-11T18:19:42,3,0,3,3
2022-08-11T18:28:43,3,0,3,3
2022-08-11T18:37:44,3,0,3,3
2022-08-11T18:46:44,3,0,3,3
2022-08-11T18:55:46,3,0,3,3
2022-08-11T19:04:58,3,0,3,3
2022-08-11T19:13:59,3,0,3,3
2022-08-11T19:22:59,3,0,3,3
2022-08-11T19:32:00,3,0,3,3
2022-08-11T19:41:00,3,0,3,3
2022-08-11T19:50:00,3,0,3,3
2022-08-11T19:59:00,3,0,3,3
2022-08-11T20:08:00,3,0,3,3
2022-08-11T20:17:01,3,0,3,3
2022-08-11T20:26:01,3,0,3,3
2022-08-11T20:35:01,3,0,3,3
2022-08-11T20:44:01,3,0,3,3
2022-08-11T20:53:01,3,0,3,3
2022-08-11T21:02:02,3,0,3,3
2022-08-11T21:11:04,3,0,3,3
2022-08-11T21:20:05,3,0,3,3
2022-08-11T21:29:05,3,0,3,3
2022-08-11T21:38:17,3,0,3,3
2022-08-11T21:47:17,3,0,3,3
2022-08-11T21:56:17,3,0,3,3
2022-08-11T22:05:17,3,0,3,3
2022-08-11T22:14:18,3,0,3,3
2022-08-11T22:23:18,3,0,3,3
2022-08-11T22:32:18,3,0,3,3
2022-08-11T22:41:18,3,0,3,3
2022-08-11T22:50:18,3,0,3,3
2022-08-11T22:59:19,3,0,3,3
2022-08-11T23:08:20,3,0,3,3
2022-08-11T23:17:21,3,0,3,3
2022-08-11T23:26:21,3,0,3,3
2022-08-11T23:35:21,3,0,3,3
2022-08-11T23:44:21,3,0,3,3
2022-08-11T23:53:21,3,0,3,3
2022-08-12T00:02:21,3,0,3,3
2022-08-12T00:11:22,3,0,3,3
2022-08-12T00:20:27,3,0,3,3
2022-08-12T00:29:30,3,0,3,3
2022-08-12T00:38:33,3,0,3,3
2022-08-12T00:47:36,3,0,3,3
2022-08-12T00:56:39,3,0,3,3
2022-08-12T01:05:42,3,0,3,3
2022-08-12T01:14:46,3,0,3,3
2022-08-12T01:23:48,3,0,3,3
2022-08-12T01:32:51,3,0,3,3
2022-08-12T01:41:54,3,0,3,3
2022-08-12T01:50:57,3,0,3,3
2022-08-12T01:59:59,3,0,3,3
2022-08-12T02:09:01,3,0,3,3
2022-08-12T02:18:03,3,0,3,3
2022-08-12T02:27:25,3,0,3,3
2022-08-12T02:36:28,3,0,3,3
2022-08-12T02:45:32,3,0,3,3
2022-08-12T02:54:34,3,0,3,3
2022-08-12T03:03:36,3,0,3,3
2022-08-12T03:12:37,3,0,3,3
2022-08-12T03:21:38,3,0,3,3
2022-08-12T03:30:38,3,0,3,3
2022-08-12T03:39:41,3,0,3,3
2022-08-12T03:48:44,3,0,3,3
2022-08-12T03:57:47,3,0,3,3
2022-08-12T04:06:49,3,0,3,3
2022-08-12T04:29:09,3,0,3,3
2022-08-12T04:38:14,3,0,3,3
2022-08-12T04:47:17,3,0,3,3
2022-08-12T04:56:22,3,0,3,3
2022-08-12T05:05:27,3,0,3,3
2022-08-12T05:14:30,3,0,3,3
2022-08-12T05:23:33,3,0,3,3
2022-08-12T05:32:37,3,0,3,3
2022-08-12T05:41:39,3,0,3,3
2022-08-12T05:50:42,3,0,3,3
2022-08-12T05:59:45,3,0,3,3
2022-08-12T06:08:47,3,0,3,3
2022-08-12T06:17:48,3,0,3,3
2022-08-12T06:26:50,3,0,3,3
2022-08-12T06:35:51,3,0,3,3
2022-08-12T06:44:51,3,0,3,3
2022-08-12T06:53:51,3,0,3,3
2022-08-12T07:02:52,3,0,3,3
2022-08-12T07:11:53,3,0,3,3
2022-08-12T07:20:54,3,0,3,3
2022-08-12T07:29:54,3,0,3,3
2022-08-12T07:38:55,3,0,3,3
2022-08-12T07:47:56,3,0,3,3
2022-08-12T07:56:56,3,0,3,3
2022-08-12T08:05:57,3,0,3,3
2022-08-12T08:14:59,3,0,3,3
2022-08-12T08:24:00,3,0,3,3
2022-08-12T08:33:01,3,0,3,3
2022-08-12T08:42:02,3,0,3,3
2022-08-12T08:51:03,3,0,3,3
2022-08-12T09:00:03,3,0,3,3
2022-08-12T09:09:05,3,0,3,3
2022-08-12T09:18:06,3,0,3,3
2022-08-12T09:27:07,3,0,3,3
2022-08-12T09:36:08,3,0,3,3
2022-08-12T09:45:12,3,0,3,3
2022-08-12T09:54:13,3,0,3,3
2022-08-12T10:03:14,3,0,3,3
2022-08-12T10:12:16,3,0,3,3
2022-08-12T10:21:17,3,0,3,3
2022-08-12T10:30:18,3,0,3,3
2022-08-12T10:39:19,3,0,3,3
2022-08-12T10:48:20,3,0,3,3
2022-08-12T10:57:21,3,0,3,3
2022-08-12T11:06:23,3,0,3,3
2022-08-12T11:15:35,3,0,3,3
2022-08-12T11:24:38,3,0,3,3
2022-08-12T11:33:40,3,0,3,3
2022-08-12T11:42:42,3,0,3,3
2022-08-12T11:51:45,3,0,3,3
2022-08-12T12:00:56,3,0,3,3
2022-08-12T12:09:58,3,0,3,3
2022-08-12T12:18:59,3,0,3,3
2022-08-12T12:28:00,3,0,3,3
2022-08-12T12:37:02,3,0,3,3
2022-08-12T12:46:04,3,0,3,3
2022-08-12T12:55:06,3,0,3,3
2022-08-12T13:04:07,3,0,3,3
2022-08-12T13:13:09,3,0,3,3
2022-08-12T13:22:11,3,0,3,3
2022-08-12T13:31:22,3,0,3,3
2022-08-12T13:40:24,3,0,3,3
2022-08-12T13:49:26,3,0,3,3
2022-08-12T13:58:27,3,0,3,3
2022-08-12T14:07:29,3,0,3,3
2022-08-12T14:16:31,3,0,3,3
2022-08-12T14:25:34,3,0,3,3
2022-08-12T14:34:36,3,0,3,3
2022-08-12T14:43:38,3,0,3,3
2022-08-12T14:52:40,3,0,3,3
2022-08-12T15:01:41,3,0,3,3
2022-08-12T15:10:43,3,0,3,3
2022-08-12T15:19:45,3,0,3,3
2022-08-12T15:28:59,3,0,3,3
2022-08-12T15:38:01,3,0,3,3
2022-08-12T15:47:02,3,0,3,3
2022-08-12T15:56:04,3,0,3,3
2022-08-12T16:05:05,3,12,3,15
2022-08-12T16:14:07,3,12,3,15
2022-08-12T16:23:08,3,12,3,15
2022-08-12T16:32:09,3,12,3,15
2022-08-12T16:41:11,3,12,3,15
2022-08-12T16:50:12,3,12,3,15
2022-08-12T16:59:13,3,12,3,15
2022-08-12T17:08:14,3,12,3,15
2022-08-12T17:17:16,3,12,3,15
2022-08-12T17:26:16,3,12,3,15
2022-08-12T17:35:17,3,12,3,15
2022-08-12T17:44:17,3,12,3,15
2022-08-12T17:53:18,3,12,3,15
2022-08-12T18:02:29,3,12,3,15
2022-08-12T18:11:30,3,12,3,15
2022-08-12T18:20:30,3,12,3,15
2022-08-12T18:29:31,3,12,3,15
2022-08-12T18:38:31,3,12,3,15
2022-08-12T18:47:31,3,12,3,15
2022-08-12T18:56:31,3,12,3,15
2022-08-12T19:05:33,3,12,3,15
2022-08-12T19:14:34,3,12,3,15
2022-08-12T19:23:35,3,12,3,15
2022-08-12T19:32:36,3,12,3,15
2022-08-12T19:41:37,3,12,3,15
2022-08-12T19:50:38,3,12,3,15
2022-08-12T19:59:40,3,12,3,15
2022-08-12T20:08:41,3,12,3,15
2022-08-12T20:17:42,3,12,3,15
2022-08-12T20:26:43,3,12,3,15
2022-08-12T20:35:43,3,12,3,15
2022-08-12T20:44:44,3,12,3,15
2022-08-12T20:53:45,3,12,3,15
2022-08-12T21:02:45,3,12,3,15
2022-08-12T21:11:45,3,12,3,15
2022-08-12T21:20:46,3,12,3,15
2022-08-12T21:29:46,3,12,3,15
2022-08-12T21:38:46,3,12,3,15
2022-08-12T21:47:46,3,12,3,15
2022-08-12T21:56:47,3,12,3,15
2022-08-12T22:05:47,3,12,3,15
2022-08-12T22:14:58,3,12,3,15
2022-08-12T22:23:59,3,12,3,15
2022-08-12T22:33:00,3,12,3,15
2022-08-12T22:42:00,3,12,3,15
2022-08-12T22:51:00,3,12,3,15
2022-08-12T23:00:00,3,12,3,15
2022-08-12T23:09:02,3,12,3,15
2022-08-12T23:18:02,3,12,3,15
2022-08-12T23:27:03,3,12,3,15
2022-08-12T23:36:04,3,12,3,15
2022-08-12T23:45:05,3,12,3,15
2022-08-12T23:54:05,3,12,3,15
2022-08-13T00:03:06,3,12,3,15
2022-08-13T00:12:09,3,12,3,15
2022-08-13T00:21:15,3,12,3,15
2022-08-13T00:30:16,3,12,3,15
2022-08-13T00:39:20,3,12,3,15
2022-08-13T00:48:23,3,12,3,15
2022-08-13T00:57:36,3,12,3,15
2022-08-13T01:06:40,3,12,3,15
2022-08-13T01:15:44,3,12,3,15
2022-08-13T01:24:47,3,12,3,15
2022-08-13T01:33:51,3,12,3,15
2022-08-13T01:42:54,3,12,3,15
2022-08-13T01:51:57,3,12,3,15
2022-08-13T02:00:59,3,12,3,15
2022-08-13T02:10:03,3,12,3,15
2022-08-13T02:19:04,3,12,3,15
2022-08-13T02:28:04,3,12,3,15
2022-08-13T02:37:05,3,12,3,15
2022-08-13T02:46:05,3,12,3,15
2022-08-13T02:55:05,3,12,3,15
2022-08-13T03:04:06,3,12,3,15
2022-08-13T03:13:06,3,12,3,15
2022-08-13T03:22:07,3,12,3,15
2022-08-13T03:31:07,3,12,3,15
2022-08-13T03:40:08,3,12,3,15
2022-08-13T03:49:10,3,12,3,15
2022-08-13T03:58:12,3,12,3,15
2022-08-13T04:07:15,3,12,3,15
2022-08-13T04:26:21,3,12,3,15
2022-08-13T04:35:26,3,12,3,15
2022-08-13T04:44:29,3,12,3,15
2022-08-13T04:53:32,3,12,3,15
2022-08-13T05:02:33,3,12,3,15
2022-08-13T05:11:34,3,12,3,15
2022-08-13T05:20:34,3,12,3,15
2022-08-13T05:29:35,3,12,3,15
2022-08-13T05:38:38,3,12,3,15
2022-08-13T05:47:53,3,12,3,15
2022-08-13T05:56:56,3,12,3,15
2022-08-13T06:05:59,3,12,3,15
2022-08-13T06:15:02,3,12,3,15
2022-08-13T06:24:05,3,12,3,15
2022-08-13T06:33:08,3,12,3,15
2022-08-13T06:42:12,3,12,3,15
2022-08-13T06:51:15,3,12,3,15
2022-08-13T07:00:18,3,12,3,15
2022-08-13T07:09:21,3,12,3,15
2022-08-13T07:18:25,3,12,3,15
2022-08-13T07:27:27,3,12,3,15
2022-08-13T07:36:30,3,12,3,15
2022-08-13T07:45:34,3,12,3,15
2022-08-13T07:54:38,3,12,3,15
2022-08-13T08:03:45,3,12,3,15
2022-08-13T08:12:55,3,12,3,15
2022-08-13T08:21:58,3,12,3,15
2022-08-13T08:31:01,3,12,3,15
2022-08-13T08:40:03,3,12,3,15
2022-08-13T08:49:05,3,12,3,15
2022-08-13T08:58:07,3,12,3,15
2022-08-13T09:07:10,3,12,3,15
2022-08-13T09:16:12,3,12,3,15
2022-08-13T09:25:14,3,12,3,15
2022-08-13T09:34:17,3,12,3,15
2022-08-13T09:43:20,3,12,3,15
2022-08-13T09:52:23,3,12,3,15
2022-08-13T10:01:24,3,12,3,15
2022-08-13T10:10:26,3,12,3,15
2022-08-13T10:19:28,3,12,3,15
2022-08-13T10:28:31,3,12,3,15
2022-08-13T10:37:33,3,12,3,15
2022-08-13T10:46:34,3,12,3,15
2022-08-13T10:55:34,3,12,3,15
2022-08-13T11:04:34,3,12,3,15
2022-08-13T11:13:34,3,12,3,15
2022-08-13T11:22:34,3,12,3,15
2022-08-13T11:31:35,3,12,3,15
2022-08-13T11:40:35,3,12,3,15
2022-08-13T11:49:36,3,12,3,15
2022-08-13T11:58:37,3,12,3,15
2022-08-13T12:07:37,3,12,3,15
2022-08-13T12:16:37,3,12,3,15
2022-08-13T12:25:38,3,12,3,15
2022-08-13T12:34:39,3,12,3,15
2022-08-13T12:43:40,3,12,3,15
2022-08-13T12:52:40,3,12,3,15
2022-08-13T13:01:41,3,12,3,15
2022-08-13T13:10:48,3,12,3,15
2022-08-13T13:19:56,3,12,3,15
2022-08-13T13:29:03,3,12,3,15
2022-08-13T13:38:09,3,12,3,15
2022-08-13T13:47:15,3,12,3,15
2022-08-13T13:56:23,3,12,3,15
2022-08-13T14:05:30,3,12,3,15
2022-08-13T14:14:38,3,12,3,15
2022-08-13T14:23:46,3,12,3,15
2022-08-13T14:32:52,3,12,3,15
2022-08-13T14:41:56,3,12,3,15
2022-08-13T14:51:00,3,12,3,15
2022-08-13T15:00:03,3,12,3,15
2022-08-13T15:09:03,3,12,3,15
2022-08-13T15:18:03,3,12,3,15
2022-08-13T15:27:03,3,12,3,15
2022-08-13T15:36:03,3,12,3,15
2022-08-13T15:45:03,3,12,3,15
2022-08-13T15:54:03,3,12,3,15
2022-08-13T16:03:03,3,12,3,15
2022-08-13T16:12:03,3,12,3,15
2022-08-13T16:21:03,3,12,3,15
2022-08-13T16:30:03,3,12,3,15
2022-08-13T16:39:03,3,12,3,15
2022-08-13T16:48:03,3,12,3,15
2022-08-13T16:57:03,3,12,3,15
2022-08-13T17:06:03,3,12,3,15
2022-08-13T17:15:04,3,12,3,15
2022-08-13T17:24:04,3,12,3,15
2022-08-13T17:33:04,3,12,3,15
2022-08-13T17:42:04,3,12,3,15
2022-08-13T17:51:04,3,12,3,15
2022-08-13T18:00:03,3,12,3,15
2022-08-13T18:09:03,3,12,3,15
2022-08-13T18:18:03,3,12,3,15
2022-08-13T18:27:03,3,12,3,15
2022-08-13T18:36:03,3,12,3,15
2022-08-13T18:45:03,3,12,3,15
2022-08-13T18:54:03,3,12,3,15
2022-08-13T19:03:03,3,12,3,15
2022-08-13T19:12:03,3,12,3,15
2022-08-13T19:21:03,3,12,3,15
2022-08-13T19:30:03,3,12,3,15
2022-08-13T19:39:03,3,12,3,15
2022-08-13T19:48:03,3,12,3,15
2022-08-13T19:57:04,3,12,3,15
2022-08-13T20:06:04,3,12,3,15
2022-08-13T20:15:04,3,12,3,15
2022-08-13T20:24:04,3,12,3,15
2022-08-13T20:33:04,3,12,3,15
2022-08-13T20:42:04,3,12,3,15
2022-08-13T20:51:06,3,12,3,15
2022-08-13T21:00:06,3,12,3,15
2022-08-13T21:09:06,3,12,3,15
2022-08-13T21:18:06,3,12,3,15
2022-08-13T21:27:06,3,12,3,15
2022-08-13T21:36:06,3,12,3,15
2022-08-13T21:45:05,3,12,3,15
2022-08-13T21:54:05,3,12,3,15
2022-08-13T22:03:05,3,12,3,15
2022-08-13T22:12:05,3,12,3,15
2022-08-13T22:21:05,3,12,3,15
2022-08-13T22:30:05,3,12,3,15
2022-08-13T22:39:06,3,12,3,15
2022-08-13T22:48:06,3,12,3,15
2022-08-13T22:57:06,3,12,3,15
2022-08-13T23:06:07,3,12,3,15
2022-08-13T23:15:07,3,12,3,15
2022-08-13T23:24:08,3,12,3,15
2022-08-13T23:33:07,3,12,3,15
2022-08-13T23:42:07,3,12,3,15
2022-08-13T23:51:07,3,12,3,15
2022-08-14T00:00:07,3,12,3,15
2022-08-14T00:09:09,3,12,3,15
2022-08-14T00:18:12,3,12,3,15
2022-08-14T00:27:13,3,12,3,15
2022-08-14T00:36:14,3,12,3,15
2022-08-14T00:45:14,3,12,3,15
2022-08-14T00:54:14,3,12,3,15
2022-08-14T01:03:13,3,12,3,15
2022-08-14T01:12:13,3,12,3,15
2022-08-14T01:21:13,3,12,3,15
2022-08-14T01:30:13,3,12,3,15
2022-08-14T01:39:12,3,12,3,15
2022-08-14T01:48:12,3,12,3,15
2022-08-14T01:57:12,3,12,3,15
2022-08-14T02:06:12,3,12,3,15
2022-08-14T02:15:12,3,12,3,15
2022-08-14T02:24:14,3,12,3,15
2022-08-14T02:33:23,3,12,3,15
2022-08-14T02:42:27,3,12,3,15
2022-08-14T02:51:31,3,12,3,15
2022-08-14T03:00:54,3,12,3,15
2022-08-14T03:09:59,3,12,3,15
2022-08-14T03:19:03,3,12,3,15
2022-08-14T03:28:06,3,12,3,15
2022-08-14T03:37:09,3,12,3,15
2022-08-14T03:46:12,3,12,3,15
2022-08-14T03:55:14,3,12,3,15
2022-08-14T04:04:16,3,12,3,15
2022-08-14T04:27:17,3,12,3,15
2022-08-14T04:36:21,3,12,3,15
2022-08-14T04:45:26,3,12,3,15
2022-08-14T04:54:30,3,12,3,15
2022-08-14T05:03:35,3,12,3,15
2022-08-14T05:12:38,3,12,3,15
2022-08-14T05:21:41,3,12,3,15
2022-08-14T05:30:43,3,12,3,15
2022-08-14T05:39:47,3,12,3,15
2022-08-14T05:48:49,3,12,3,15
2022-08-14T05:57:51,3,12,3,15
2022-08-14T06:06:53,3,12,3,15
2022-08-14T06:15:56,3,12,3,15
2022-08-14T06:24:58,3,12,3,15
2022-08-14T06:34:01,3,12,3,15
2022-08-14T06:43:04,3,12,3,15
2022-08-14T06:52:05,3,12,3,15
2022-08-14T07:01:05,3,12,3,15
2022-08-14T07:10:06,3,12,3,15
2022-08-14T07:19:06,3,12,3,15
2022-08-14T07:28:06,3,12,3,15
2022-08-14T07:37:07,3,12,3,15
2022-08-14T07:46:07,3,12,3,15
2022-08-14T07:55:08,3,12,3,15
2022-08-14T08:04:08,3,12,3,15
2022-08-14T08:13:08,3,12,3,15
2022-08-14T08:22:08,3,12,3,15
2022-08-14T08:31:10,3,12,3,15
2022-08-14T08:40:10,3,12,3,15
2022-08-14T08:49:10,3,12,3,15
2022-08-14T08:58:10,3,12,3,15
2022-08-14T09:07:09,3,12,3,15
2022-08-14T09:16:09,3,12,3,15
2022-08-14T09:25:09,3,12,3,15
2022-08-14T09:34:08,3,12,3,15
2022-08-14T09:43:09,3,12,3,15
2022-08-14T09:52:09,3,12,3,15
2022-08-14T10:01:09,3,12,3,15
2022-08-14T10:10:10,3,12,3,15
2022-08-14T10:19:10,3,12,3,15
2022-08-14T10:28:11,3,12,3,15
2022-08-14T10:37:11,3,12,3,15
2022-08-14T10:46:11,3,12,3,15
2022-08-14T10:55:11,3,12,3,15
2022-08-14T11:04:12,3,12,3,15
2022-08-14T11:13:12,3,12,3,15
2022-08-14T11:22:13,3,12,3,15
2022-08-14T11:31:13,3,12,3,15
2022-08-14T11:40:14,3,12,3,15
2022-08-14T11:49:14,3,12,3,15
2022-08-14T11:58:14,3,12,3,15
2022-08-14T12:07:14,3,12,3,15
2022-08-14T12:16:14,3,12,3,15
2022-08-14T12:25:15,3,12,3,15
2022-08-14T12:34:15,3,12,3,15
2022-08-14T12:43:15,3,12,3,15
2022-08-14T12:52:15,3,12,3,15
2022-08-14T13:01:15,3,12,3,15
2022-08-14T13:10:16,3,12,3,15
2022-08-14T13:19:15,3,12,3,15
2022-08-14T13:28:15,3,12,3,15
2022-08-14T13:37:15,3,12,3,15
2022-08-14T13:46:15,3,12,3,15
2022-08-14T13:55:15,3,12,3,15
2022-08-14T14:04:15,3,12,3,15
2022-08-14T14:13:15,3,12,3,15
2022-08-14T14:22:16,3,12,3,15
2022-08-14T14:31:16,3,12,3,15
2022-08-14T14:40:16,3,12,3,15
2022-08-14T14:49:16,3,12,3,15
2022-08-14T14:58:16,3,12,3,15
2022-08-14T15:07:16,3,12,3,15
2022-08-14T15:16:16,3,12,3,15
2022-08-14T15:25:16,3,12,3,15
2022-08-14T15:34:16,3,12,3,15
2022-08-14T15:43:16,3,12,3,15
2022-08-14T15:52:16,3,12,3,15
2022-08-14T16:01:16,3,12,3,15
2022-08-14T16:10:16,3,12,3,15
2022-08-14T16:19:17,3,12,3,15
2022-08-14T16:28:17,3,12,3,15
2022-08-14T16:37:18,3,12,3,15
2022-08-14T16:46:18,3,12,3,15
2022-08-14T16:55:18,3,12,3,15
2022-08-14T17:04:18,3,12,3,15
2022-08-14T17:13:18,3,12,3,15
2022-08-14T17:22:18,3,12,3,15
2022-08-14T17:31:18,3,12,3,15
2022-08-14T17:40:18,3,12,3,15
2022-08-14T17:49:18,3,12,3,15
2022-08-14T17:58:18,3,12,3,15
2022-08-14T18:07:18,3,12,3,15
2022-08-14T18:16:18,3,12,3,15
2022-08-14T18:25:18,3,12,3,15
2022-08-14T18:34:18,3,12,3,15
2022-08-14T18:43:18,3,12,3,15
2022-08-14T18:52:19,3,12,3,15
2022-08-14T19:01:19,3,12,3,15
2022-08-14T19:10:20,3,12,3,15
2022-08-14T19:19:22,3,12,3,15
2022-08-14T19:28:22,3,12,3,15
2022-08-14T19:37:25,3,12,3,15
2022-08-14T19:46:25,3,12,3,15
2022-08-14T19:55:24,3,12,3,15
2022-08-14T20:04:24,3,12,3,15
2022-08-14T20:13:24,3,12,3,15
2022-08-14T20:22:24,3,12,3,15
2022-08-14T20:31:24,3,12,3,15
2022-08-14T20:40:25,3,12,3,15
2022-08-14T20:49:24,3,12,3,15
2022-08-14T20:58:25,3,12,3,15
2022-08-14T21:07:26,3,12,3,15
2022-08-14T21:16:26,3,12,3,15
2022-08-14T21:25:26,3,12,3,15
2022-08-14T21:34:27,3,12,3,15
2022-08-14T21:43:27,3,12,3,15
2022-08-14T21:52:28,3,12,3,15
2022-08-14T22:01:28,3,12,3,15
2022-08-14T22:10:28,3,12,3,15
2022-08-14T22:19:28,3,9,3,12
2022-08-14T22:28:28,3,9,3,12
2022-08-14T22:37:28,3,9,3,12
2022-08-14T22:46:37,3,9,3,12
2022-08-14T22:55:37,3,9,3,12
2022-08-14T23:04:38,3,9,3,12
2022-08-14T23:13:39,3,9,3,12
2022-08-14T23:22:40,3,9,3,12
2022-08-14T23:31:41,3,9,3,12
2022-08-14T23:40:42,3,9,3,12
2022-08-14T23:49:43,3,9,3,12
2022-08-14T23:58:43,3,9,3,12
2022-08-15T00:07:44,3,9,3,12
2022-08-15T00:16:50,3,9,3,12
2022-08-15T00:25:52,3,9,3,12
2022-08-15T00:34:54,3,9,3,12
2022-08-15T00:43:57,3,9,3,12
2022-08-15T00:52:59,3,9,3,12
2022-08-15T01:02:00,3,9,3,12
2022-08-15T01:11:06,3,9,3,12
2022-08-15T01:20:09,3,9,3,12
2022-08-15T01:29:13,3,9,3,12
2022-08-15T01:38:16,3,9,3,12
2022-08-15T01:47:17,3,9,3,12
2022-08-15T01:56:19,3,9,3,12
2022-08-15T02:05:31,3,9,3,12
2022-08-15T02:14:34,3,9,3,12
2022-08-15T02:23:36,3,9,3,12
2022-08-15T02:32:38,3,9,3,12
2022-08-15T02:41:39,3,9,3,12
2022-08-15T02:50:40,3,9,3,12
2022-08-15T02:59:41,3,9,3,12
2022-08-15T03:08:42,3,9,3,12
2022-08-15T03:17:43,3,9,3,12
2022-08-15T03:26:44,3,9,3,12
2022-08-15T03:35:45,3,9,3,12
2022-08-15T03:44:48,3,9,3,12
2022-08-15T03:53:52,3,9,3,12
2022-08-15T04:02:55,3,9,3,12
2022-08-15T04:11:58,3,9,3,12
2022-08-15T04:29:50,3,9,3,12
2022-08-15T04:39:14,3,9,3,12
2022-08-15T04:48:18,3,9,3,12
2022-08-15T04:57:20,3,9,3,12
2022-08-15T05:06:24,3,9,3,12
2022-08-15T05:15:27,3,9,3,12
2022-08-15T05:24:31,3,9,3,12
2022-08-15T05:34:40,3,9,3,12
2022-08-15T05:43:58,3,9,3,12
2022-08-15T05:53:01,3,9,3,12
2022-08-15T06:02:02,3,9,3,12
2022-08-15T06:11:06,3,9,3,12
2022-08-15T06:20:07,3,9,3,12
2022-08-15T06:29:09,3,9,3,12
2022-08-15T06:38:11,3,9,3,12
2022-08-15T06:47:12,3,9,3,12
2022-08-15T06:56:13,3,9,3,12
2022-08-15T07:05:14,3,9,3,12
2022-08-15T07:14:15,3,9,3,12
2022-08-15T07:23:16,3,9,3,12
2022-08-15T07:32:18,3,9,3,12
2022-08-15T07:41:19,3,9,3,12
2022-08-15T07:50:20,3,9,3,12
2022-08-15T07:59:22,3,9,3,12
2022-08-15T08:08:23,3,9,3,12
2022-08-15T08:17:25,3,9,3,12
2022-08-15T08:26:27,3,9,3,12
2022-08-15T08:35:28,3,9,3,12
2022-08-15T08:44:30,3,9,3,12
2022-08-15T08:53:31,3,9,3,12
2022-08-15T09:02:32,3,9,3,12
2022-08-15T09:11:34,3,9,3,12
2022-08-15T09:20:36,3,9,3,12
2022-08-15T09:29:40,3,9,3,12
2022-08-15T09:38:44,3,9,3,12
2022-08-15T09:47:46,3,9,3,12
2022-08-15T09:56:48,3,9,3,12
2022-08-15T10:05:52,3,9,3,12
2022-08-15T10:14:55,3,9,3,12
2022-08-15T10:23:57,3,9,3,12
2022-08-15T10:33:08,3,9,3,12
2022-08-15T10:42:10,3,9,3,12
2022-08-15T10:51:13,3,9,3,12
2022-08-15T11:00:15,3,9,3,12
2022-08-15T11:09:18,3,9,3,12
2022-08-15T11:18:21,3,9,3,12
2022-08-15T11:27:22,3,9,3,12
2022-08-15T11:36:25,3,9,3,12
2022-08-15T11:45:27,3,9,3,12
2022-08-15T11:54:43,3,9,3,12
2022-08-15T12:03:47,3,9,3,12
2022-08-15T12:12:49,3,9,3,12
2022-08-15T12:22:02,3,9,3,12
2022-08-15T12:31:04,3,9,3,12
2022-08-15T12:40:07,3,9,3,12
2022-08-15T12:49:09,3,9,3,12
2022-08-15T12:58:11,3,9,3,12
2022-08-15T13:07:23,3,9,3,12
2022-08-15T13:16:25,3,9,3,12
2022-08-15T13:25:27,3,9,3,12
2022-08-15T13:34:30,3,9,3,12
2022-08-15T13:43:33,3,9,3,12
2022-08-15T13:52:37,3,9,3,12
2022-08-15T14:01:39,3,9,3,12
2022-08-15T14:10:52,3,9,3,12
2022-08-15T14:19:56,3,9,3,12
2022-08-15T14:29:00,3,9,3,12
2022-08-15T14:38:02,3,9,3,12
2022-08-15T14:47:04,3,9,3,12
2022-08-15T14:56:07,3,9,3,12
2022-08-15T15:05:10,3,9,3,12
2022-08-15T15:14:12,3,9,3,12
2022-08-15T15:23:14,3,9,3,12
2022-08-15T15:32:27,3,9,3,12
2022-08-15T15:41:29,3,9,3,12
2022-08-15T15:50:32,3,9,3,12
2022-08-15T15:59:34,3,9,3,12
2022-08-15T16:08:47,3,9,3,12
2022-08-15T16:17:50,3,9,3,12
2022-08-15T16:26:53,3,9,3,12
2022-08-15T16:35:55,3,9,3,12
2022-08-15T16:45:07,3,9,3,12
2022-08-15T16:54:08,3,9,3,12
2022-08-15T17:03:10,3,9,3,12
2022-08-15T17:12:14,3,9,3,12
2022-08-15T17:21:15,3,9,3,12
2022-08-15T17:30:16,3,9,3,12
2022-08-15T17:39:17,3,9,3,12
2022-08-15T17:48:18,3,9,3,12
2022-08-15T17:57:19,3,9,3,12
2022-08-15T18:06:20,3,9,3,12
2022-08-15T18:15:32,3,9,3,12
2022-08-15T18:24:33,3,9,3,12
2022-08-15T18:33:35,3,9,3,12
2022-08-15T18:42:36,3,9,3,12
2022-08-15T18:51:37,3,9,3,12
2022-08-15T19:00:38,3,9,3,12
2022-08-15T19:09:39,3,9,3,12
2022-08-15T19:18:40,3,9,3,12
2022-08-15T19:27:51,3,9,3,12
2022-08-15T19:36:52,3,9,3,12
2022-08-15T19:45:54,3,9,3,12
2022-08-15T19:54:56,3,9,3,12
2022-08-15T20:03:57,3,9,3,12
2022-08-15T20:12:58,3,9,3,12
2022-08-15T20:21:59,3,9,3,12
2022-08-15T20:31:00,3,9,3,12
2022-08-15T20:40:02,3,9,3,12
2022-08-15T20:49:02,3,9,3,12
2022-08-15T20:58:04,3,9,3,12
2022-08-15T21:07:05,3,9,3,12
2022-08-15T21:16:07,3,9,3,12
2022-08-15T21:25:17,3,9,3,12
2022-08-15T21:34:18,3,9,3,12
2022-08-15T21:43:19,3,9,3,12
2022-08-15T21:52:20,3,9,3,12
2022-08-15T22:01:21,3,9,3,12
2022-08-15T22:10:24,3,9,3,12
2022-08-15T22:19:25,3,9,3,12
2022-08-15T22:28:26,3,9,3,12
2022-08-15T22:37:27,3,9,3,12
2022-08-15T22:46:28,3,9,3,12
2022-08-15T22:55:38,3,9,3,12
2022-08-15T23:04:40,3,9,3,12
2022-08-15T23:13:42,3,9,3,12
2022-08-15T23:22:43,3,9,3,12
2022-08-15T23:31:44,3,9,3,12
2022-08-15T23:40:45,3,9,3,12
2022-08-15T23:49:46,3,9,3,12
2022-08-15T23:58:46,3,9,3,12
2022-08-16T00:07:49,3,9,3,12
2022-08-16T00:16:55,3,9,3,12
2022-08-16T00:26:00,3,9,3,12
2022-08-16T00:35:04,3,9,3,12
2022-08-16T00:44:18,3,9,3,12
2022-08-16T00:53:22,3,9,3,12
2022-08-16T01:02:26,3,9,3,12
2022-08-16T01:11:27,3,9,3,12
2022-08-16T01:20:30,3,9,3,12
2022-08-16T01:29:33,3,9,3,12
2022-08-16T01:38:36,3,9,3,12
2022-08-16T01:47:37,3,9,3,12
2022-08-16T01:56:40,3,9,3,12
2022-08-16T02:05:42,3,9,3,12
2022-08-16T02:14:43,3,9,3,12
2022-08-16T02:23:44,3,9,3,12
2022-08-16T02:32:44,3,9,3,12
2022-08-16T02:41:44,3,9,3,12
2022-08-16T02:50:44,3,9,3,12
2022-08-16T02:59:44,3,9,3,12
2022-08-16T03:08:45,3,9,3,12
2022-08-16T03:17:45,3,9,3,12
2022-08-16T03:26:45,3,9,3,12
2022-08-16T03:35:45,3,9,3,12
2022-08-16T03:44:47,3,9,3,12
2022-08-16T03:55:37,3,9,3,12
2022-08-16T04:04:40,3,9,3,12
2022-08-16T04:13:42,3,9,3,12
2022-08-16T04:28:10,3,9,3,12
2022-08-16T04:37:34,3,9,3,12
2022-08-16T04:46:38,3,9,3,12
2022-08-16T04:55:44,3,9,3,12
2022-08-16T05:04:48,3,9,3,12
2022-08-16T05:14:00,3,9,3,12
2022-08-16T05:23:04,3,9,3,12
2022-08-16T05:32:07,3,9,3,12
2022-08-16T05:41:10,3,9,3,12
2022-08-16T05:50:13,3,9,3,12
2022-08-16T05:59:16,3,9,3,12
2022-08-16T06:08:20,3,9,3,12
2022-08-16T06:17:22,3,9,3,12
2022-08-16T06:26:25,3,9,3,12
2022-08-16T06:35:27,3,9,3,12
2022-08-16T06:44:29,3,9,3,12
2022-08-16T06:53:31,3,9,3,12
2022-08-16T07:02:34,3,9,3,12
2022-08-16T07:11:38,3,9,3,12
2022-08-16T07:20:42,3,9,3,12
2022-08-16T07:29:45,3,9,3,12
2022-08-16T07:38:48,3,9,3,12
2022-08-16T07:47:52,3,9,3,12
2022-08-16T07:56:55,3,9,3,12
2022-08-16T08:05:58,3,9,3,12
2022-08-16T08:15:03,3,9,3,12
2022-08-16T08:24:08,3,9,3,12
2022-08-16T08:33:13,3,9,3,12
2022-08-16T08:42:17,3,9,3,12
2022-08-16T08:51:21,3,9,3,12
2022-08-16T09:00:27,3,9,3,12
2022-08-16T09:09:33,3,9,3,12
2022-08-16T09:18:46,3,9,3,12
2022-08-16T09:27:49,3,9,3,12
2022-08-16T09:36:53,3,9,3,12
2022-08-16T09:45:56,3,9,3,12
2022-08-16T09:55:00,3,9,3,12
2022-08-16T10:04:04,3,9,3,12
2022-08-16T10:13:08,3,9,3,12
2022-08-16T10:22:12,3,9,3,12
2022-08-16T10:31:16,3,9,3,12
2022-08-16T10:40:21,3,9,3,12
2022-08-16T10:49:24,3,9,3,12
2022-08-16T10:58:37,3,9,3,12
2022-08-16T11:07:40,3,9,3,12
2022-08-16T11:16:44,3,9,3,12
2022-08-16T11:25:47,3,9,3,12
2022-08-16T11:34:51,3,9,3,12
2022-08-16T11:43:55,3,9,3,12
2022-08-16T11:52:59,3,9,3,12
2022-08-16T12:02:02,3,9,3,12
2022-08-16T12:11:06,3,9,3,12
2022-08-16T12:20:11,3,9,3,12
2022-08-16T12:29:24,3,9,3,12
2022-08-16T12:38:28,3,9,3,12
2022-08-16T12:47:30,3,9,3,12
2022-08-16T12:56:33,3,9,3,12
2022-08-16T13:05:36,3,9,3,12
2022-08-16T13:14:39,3,9,3,12
2022-08-16T13:23:42,3,9,3,12
2022-08-16T13:32:56,3,9,3,12
2022-08-16T13:41:59,3,9,3,12
2022-08-16T13:51:03,3,9,3,12
2022-08-16T14:00:07,3,9,3,12
2022-08-16T14:09:12,3,9,3,12
2022-08-16T14:18:16,3,9,3,12
2022-08-16T14:27:20,3,9,3,12
2022-08-16T14:36:23,3,9,3,12
2022-08-16T14:45:27,3,9,3,12
2022-08-16T14:54:42,3,9,3,12
2022-08-16T15:03:45,3,9,3,12
2022-08-16T15:12:49,3,9,3,12
2022-08-16T15:21:52,3,9,3,12
2022-08-16T15:30:56,3,9,3,12
2022-08-16T15:40:00,3,9,3,12
2022-08-16T15:49:03,3,9,3,12
2022-08-16T15:58:08,3,9,3,12
2022-08-16T16:07:13,3,9,3,12
2022-08-16T16:16:17,3,9,3,12
2022-08-16T16:25:31,3,9,3,12
2022-08-16T16:34:35,3,9,3,12
2022-08-16T16:43:38,3,9,3,12
2022-08-16T16:52:40,3,9,3,12
2022-08-16T17:01:43,3,9,3,12
2022-08-16T17:10:46,3,9,3,12
2022-08-16T17:19:49,3,9,3,12
2022-08-16T17:28:52,3,9,3,12
2022-08-16T17:38:04,3,9,3,12
2022-08-16T17:47:07,3,9,3,12
2022-08-16T17:56:09,3,9,3,12
2022-08-16T18:05:12,3,9,3,12
2022-08-16T18:14:15,3,9,3,12
2022-08-16T18:23:18,3,9,3,12
2022-08-16T18:32:21,3,9,3,12
2022-08-16T18:41:24,3,9,3,12
2022-08-16T18:50:26,3,9,3,12
2022-08-16T18:59:29,3,9,3,12
2022-08-16T19:08:32,3,9,3,12
2022-08-16T19:17:45,3,9,3,12
2022-08-16T19:26:47,3,9,3,12
2022-08-16T19:35:50,3,9,3,12
2022-08-16T19:44:52,3,9,3,12
2022-08-16T19:53:55,3,9,3,12
2022-08-16T20:02:57,3,9,3,12
2022-08-16T20:12:01,3,9,3,12
2022-08-16T20:21:03,3,9,3,12
2022-08-16T20:30:16,3,9,3,12
2022-08-16T20:39:19,3,9,3,12
2022-08-16T20:48:21,3,9,3,12
2022-08-16T20:57:24,3,9,3,12
2022-08-16T21:06:26,3,9,3,12
2022-08-16T21:15:30,3,9,3,12
2022-08-16T21:24:32,3,9,3,12
2022-08-16T21:33:34,3,9,3,12
2022-08-16T21:42:36,3,9,3,12
2022-08-16T21:51:49,3,9,3,12
2022-08-16T22:00:51,3,9,3,12
2022-08-16T22:09:53,3,9,3,12
2022-08-16T22:18:56,3,9,3,12
2022-08-16T22:27:58,3,9,3,12
2022-08-16T22:37:00,3,9,3,12
2022-08-16T22:46:12,3,9,3,12
2022-08-16T22:55:15,3,9,3,12
2022-08-16T23:04:17,3,9,3,12
2022-08-16T23:13:20,3,9,3,12
2022-08-16T23:22:23,3,9,3,12
2022-08-16T23:31:27,3,9,3,12
2022-08-16T23:40:29,3,9,3,12
2022-08-16T23:49:31,3,9,3,12
2022-08-16T23:58:33,3,9,3,12
2022-08-17T00:07:38,3,9,3,12
2022-08-17T00:17:02,3,9,3,12
2022-08-17T00:26:08,3,9,3,12
2022-08-17T00:35:12,3,9,3,12
2022-08-17T00:44:15,3,9,3,12
2022-08-17T00:53:20,3,9,3,12
2022-08-17T01:02:27,3,9,3,12
2022-08-17T01:11:32,3,9,3,12
2022-08-17T01:20:36,3,9,3,12
2022-08-17T01:29:46,3,9,3,12
2022-08-17T01:38:57,3,9,3,12
2022-08-17T01:48:08,3,9,3,12
2022-08-17T01:57:29,3,9,3,12
2022-08-17T02:06:40,3,9,3,12
2022-08-17T02:15:49,3,9,3,12
2022-08-17T02:24:58,3,9,3,12
2022-08-17T02:34:07,3,9,3,12
2022-08-17T02:43:16,3,9,3,12
2022-08-17T02:52:25,3,9,3,12
2022-08-17T03:01:30,3,9,3,12
2022-08-17T03:10:35,3,9,3,12
2022-08-17T03:19:40,3,9,3,12
2022-08-17T03:28:43,3,9,3,12
2022-08-17T03:37:43,3,9,3,12
2022-08-17T03:46:46,3,9,3,12
2022-08-17T03:55:50,3,9,3,12
2022-08-17T04:07:02,3,9,3,12
2022-08-17T04:34:50,3,9,3,12
2022-08-17T04:43:56,3,9,3,12
2022-08-17T04:53:01,3,9,3,12
2022-08-17T05:02:08,3,9,3,12
2022-08-17T05:11:15,3,9,3,12
2022-08-17T05:20:22,3,9,3,12
2022-08-17T05:29:26,3,9,3,12
2022-08-17T05:38:30,3,9,3,12
2022-08-17T05:47:34,3,9,3,12
2022-08-17T05:56:38,3,9,3,12
2022-08-17T06:05:42,3,9,3,12
2022-08-17T06:14:46,3,9,3,12
2022-08-17T06:23:50,3,9,3,12
2022-08-17T06:32:54,3,9,3,12
2022-08-17T06:41:59,3,9,3,12
2022-08-17T06:51:03,3,9,3,12
2022-08-17T07:00:07,3,9,3,12
2022-08-17T07:09:15,3,9,3,12
2022-08-17T07:18:19,3,9,3,12
2022-08-17T07:27:32,3,9,3,12
2022-08-17T07:36:37,3,9,3,12
2022-08-17T07:45:41,3,9,3,12
2022-08-17T07:54:46,3,9,3,12
2022-08-17T08:03:52,3,9,3,12
2022-08-17T08:12:56,4,8,3,12
2022-08-17T08:22:01,5,7,3,12
2022-08-17T08:31:06,5,7,3,12
2022-08-17T08:40:10,5,7,3,12
2022-08-17T08:49:14,5,7,3,12
2022-08-17T08:58:18,5,7,3,12
2022-08-17T09:07:36,6,6,3,12
2022-08-17T09:16:42,6,6,3,12
2022-08-17T09:25:48,6,6,3,12
2022-08-17T09:34:53,6,6,3,12
2022-08-17T09:43:59,6,6,3,12
2022-08-17T09:53:03,6,6,3,12
2022-08-17T10:02:20,6,6,3,12
2022-08-17T10:11:25,6,6,3,12
2022-08-17T10:20:32,6,6,3,12
2022-08-17T10:29:37,6,6,3,12
2022-08-17T10:38:46,6,6,3,12
2022-08-17T10:47:52,6,6,3,12
2022-08-17T10:57:10,6,6,3,12
2022-08-17T11:06:17,6,6,3,12
2022-08-17T11:15:24,6,6,3,12
2022-08-17T11:24:30,6,6,3,12
2022-08-17T11:33:36,6,6,3,12
2022-08-17T11:42:42,6,6,3,12
2022-08-17T11:52:00,6,6,3,12
2022-08-17T12:01:07,6,6,3,12
2022-08-17T12:10:14,6,6,3,12
2022-08-17T12:19:18,6,6,3,12
2022-08-17T12:28:26,6,6,3,12
2022-08-17T12:37:34,6,6,3,12
2022-08-17T12:46:54,6,6,3,12
2022-08-17T12:56:00,6,6,3,12
2022-08-17T13:05:10,5,7,3,12
2022-08-17T13:14:18,5,7,3,12
2022-08-17T13:23:25,5,7,3,12
2022-08-17T13:32:33,5,7,3,12
2022-08-17T13:41:51,5,7,3,12
2022-08-17T13:51:00,5,7,3,12
2022-08-17T14:00:08,5,7,3,12
2022-08-17T14:09:14,5,7,3,12
2022-08-17T14:18:19,5,7,3,12
2022-08-17T14:27:23,5,7,3,12
2022-08-17T14:36:28,5,7,3,12
2022-08-17T14:45:43,5,7,3,12
2022-08-17T14:54:48,5,7,3,12
2022-08-17T15:03:52,5,7,3,12
2022-08-17T15:12:57,5,7,3,12
2022-08-17T15:22:02,5,7,3,12
2022-08-17T15:31:06,5,7,3,12
2022-08-17T15:40:10,5,7,3,12
2022-08-17T15:49:15,5,7,3,12
2022-08-17T15:58:19,5,7,3,12
2022-08-17T16:07:35,5,7,3,12
2022-08-17T16:16:39,5,7,3,12
2022-08-17T16:25:43,6,6,3,12
2022-08-17T16:34:47,6,6,3,12
2022-08-17T16:43:50,6,6,3,12
2022-08-17T16:52:53,6,6,3,12
2022-08-17T17:01:56,6,6,3,12
2022-08-17T17:11:00,6,6,3,12
2022-08-17T17:20:04,6,6,3,12
2022-08-17T17:29:07,6,6,3,12
2022-08-17T17:38:10,6,6,3,12
2022-08-17T17:47:24,6,6,3,12
2022-08-17T17:56:27,6,6,3,12
2022-08-17T18:05:30,6,6,3,12
2022-08-17T18:14:34,6,6,3,12
2022-08-17T18:23:38,6,6,3,12
2022-08-17T18:32:42,6,6,3,12
2022-08-17T18:41:46,6,6,3,12
2022-08-17T18:50:49,6,6,3,12
2022-08-17T18:59:52,6,6,3,12
2022-08-17T19:08:55,6,6,3,12
2022-08-17T19:17:58,6,6,3,12
2022-08-17T19:27:02,6,6,3,12
2022-08-17T19:36:16,6,6,3,12
2022-08-17T19:45:18,6,6,3,12
2022-08-17T19:54:21,6,6,3,12
2022-08-17T20:03:23,6,6,3,12
2022-08-17T20:12:26,6,6,3,12
2022-08-17T20:21:30,6,6,3,12
2022-08-17T20:30:32,6,6,3,12
2022-08-17T20:39:36,6,6,3,12
2022-08-17T20:48:39,6,6,3,12
2022-08-17T20:57:52,6,6,3,12
2022-08-17T21:06:54,6,6,3,12
2022-08-17T21:15:57,6,6,3,12
2022-08-17T21:25:00,6,6,3,12
2022-08-17T21:34:04,6,6,3,12
2022-08-17T21:43:07,6,6,3,12
2022-08-17T21:52:09,6,6,3,12
2022-08-17T22:01:23,6,6,3,12
2022-08-17T22:10:26,6,6,3,12
2022-08-17T22:19:30,6,6,3,12
2022-08-17T22:28:34,6,6,3,12
2022-08-17T22:37:37,6,6,3,12
2022-08-17T22:46:40,6,6,3,12
2022-08-17T22:55:43,6,6,3,12
2022-08-17T23:04:46,6,6,3,12
2022-08-17T23:13:50,6,6,3,12
2022-08-17T23:23:03,6,6,3,12
2022-08-17T23:32:07,6,6,3,12
2022-08-17T23:41:11,6,6,3,12
2022-08-17T23:50:13,6,6,3,12
2022-08-17T23:59:16,6,6,3,12
2022-08-18T00:08:23,6,6,3,12
2022-08-18T00:17:32,6,6,3,12
2022-08-18T00:26:36,6,6,3,12
2022-08-18T00:35:50,6,6,3,12
2022-08-18T00:44:54,6,6,3,12
2022-08-18T00:53:59,6,6,3,12
2022-08-18T01:03:03,6,6,3,12
2022-08-18T01:12:07,6,6,3,12
2022-08-18T01:21:11,6,6,3,12
2022-08-18T01:30:15,6,6,3,12
2022-08-18T01:39:20,6,6,3,12
2022-08-18T01:48:24,6,6,3,12
2022-08-18T01:57:40,6,6,3,12
2022-08-18T02:06:44,6,6,3,12
2022-08-18T02:15:47,6,6,3,12
2022-08-18T02:24:50,6,6,3,12
2022-08-18T02:33:53,6,6,3,12
2022-08-18T02:42:55,6,6,3,12
2022-08-18T02:51:57,6,6,3,12
2022-08-18T03:01:00,6,6,3,12
2022-08-18T03:10:02,6,6,3,12
2022-08-18T03:19:04,6,6,3,12
2022-08-18T03:28:06,6,6,3,12
2022-08-18T03:37:09,6,6,3,12
2022-08-18T03:46:12,6,6,3,12
2022-08-18T03:55:16,6,6,3,12
2022-08-18T04:04:20,6,6,3,12
2022-08-18T04:13:24,6,6,3,12
2022-08-18T04:30:00,6,6,3,12
2022-08-18T04:39:30,6,6,3,12
2022-08-18T04:48:35,6,6,3,12
2022-08-18T04:57:40,6,6,3,12
2022-08-18T05:06:44,6,6,3,12
2022-08-18T05:15:48,6,6,3,12
2022-08-18T05:25:01,6,6,3,12
2022-08-18T05:34:07,6,6,3,12
2022-08-18T05:43:12,6,6,3,12
2022-08-18T05:52:17,6,6,3,12
2022-08-18T06:01:22,6,6,3,12
2022-08-18T06:10:26,6,6,3,12
2022-08-18T06:19:31,6,6,3,12
2022-08-18T06:28:37,6,6,3,12
2022-08-18T06:37:43,6,6,3,12
2022-08-18T06:46:51,6,6,3,12
2022-08-18T06:55:54,6,6,3,12
2022-08-18T07:05:01,6,6,3,12
2022-08-18T07:14:06,6,6,3,12
2022-08-18T07:23:12,6,6,3,12
2022-08-18T07:32:17,6,6,3,12
2022-08-18T07:41:22,6,6,3,12
2022-08-18T07:50:26,6,6,3,12
2022-08-18T07:59:32,6,6,3,12
2022-08-18T08:08:40,6,6,3,12
2022-08-18T08:17:47,6,6,3,12
2022-08-18T08:26:54,6,6,3,12
2022-08-18T08:36:13,6,6,3,12
2022-08-18T08:45:21,6,6,3,12
2022-08-18T08:54:27,6,6,3,12
2022-08-18T09:03:36,6,6,3,12
2022-08-18T09:12:43,6,6,3,12
2022-08-18T09:21:51,6,6,3,12
2022-08-18T09:30:58,6,6,3,12
2022-08-18T09:40:04,6,6,3,12
2022-08-18T09:49:21,6,6,3,12
2022-08-18T09:58:29,7,5,3,12
2022-08-18T10:07:37,7,5,3,12
2022-08-18T10:16:46,7,5,3,12
2022-08-18T10:25:55,7,5,3,12
2022-08-18T10:35:04,7,5,3,12
2022-08-18T10:44:22,7,5,3,12
2022-08-18T10:53:31,8,4,3,12
2022-08-18T11:02:41,9,3,3,12
2022-08-18T11:11:50,9,3,3,12
2022-08-18T11:21:00,9,3,3,12
2022-08-18T11:30:08,9,3,3,12
2022-08-18T11:39:26,9,3,3,12
2022-08-18T11:48:37,9,3,3,12
2022-08-18T11:57:46,9,3,3,12
2022-08-18T12:06:56,9,3,3,12
2022-08-18T12:16:04,12,0,3,12
2022-08-18T12:25:25,12,0,3,12
2022-08-18T12:34:34,11,1,3,12
2022-08-18T12:43:41,12,0,3,12
2022-08-18T12:52:49,12,0,3,12
2022-08-18T13:01:58,12,0,3,12
2022-08-18T13:11:07,12,0,3,12
2022-08-18T13:20:14,12,0,3,12
2022-08-18T13:29:30,12,0,3,12
2022-08-18T13:38:39,12,0,3,12
2022-08-18T13:47:49,12,0,3,12
2022-08-18T13:56:58,12,0,3,12
2022-08-18T14:06:09,12,0,3,12
2022-08-18T14:15:30,12,0,3,12
2022-08-18T14:24:40,12,0,3,12
2022-08-18T14:33:51,12,0,3,12
2022-08-18T14:43:00,12,0,3,12
2022-08-18T14:52:10,12,0,3,12
2022-08-18T15:01:19,12,0,3,12
2022-08-18T15:10:40,12,0,3,12
2022-08-18T15:19:49,12,0,3,12
2022-08-18T15:28:59,12,0,3,12
2022-08-18T15:38:08,12,0,3,12
2022-08-18T15:47:17,12,0,3,12
2022-08-18T15:56:27,12,0,3,12
2022-08-18T16:05:48,12,0,3,12
2022-08-18T16:14:56,12,0,3,12
2022-08-18T16:24:05,12,0,3,12
2022-08-18T16:33:16,12,0,3,12
2022-08-18T16:42:36,12,0,3,12
2022-08-18T16:51:47,12,0,3,12
2022-08-18T17:00:57,12,0,3,12
2022-08-18T17:10:08,12,0,3,12
2022-08-18T17:19:15,12,0,3,12
2022-08-18T17:28:23,12,0,3,12
2022-08-18T17:37:41,12,0,3,12
2022-08-18T17:46:48,12,0,3,12
2022-08-18T17:55:55,12,0,3,12
2022-08-18T18:05:05,12,0,3,12
2022-08-18T18:14:14,12,0,3,12
2022-08-18T18:23:21,12,0,3,12
2022-08-18T18:32:42,12,0,3,12
2022-08-18T18:41:49,12,0,3,12
2022-08-18T18:50:55,12,0,3,12
2022-08-18T19:00:01,12,0,3,12
2022-08-18T19:09:07,12,0,3,12
2022-08-18T19:18:14,12,0,3,12
2022-08-18T19:27:20,12,0,3,12
2022-08-18T19:36:36,12,0,3,12
2022-08-18T19:45:41,12,0,3,12
2022-08-18T19:54:45,12,0,3,12
2022-08-18T20:03:49,12,0,3,12
2022-08-18T20:12:52,12,0,3,12
2022-08-18T20:21:55,12,0,3,12
2022-08-18T20:30:58,12,0,3,12
2022-08-18T20:40:05,12,0,3,12
2022-08-18T20:49:09,12,0,3,12
2022-08-18T20:58:23,12,0,3,12
2022-08-18T21:07:26,12,0,3,12
2022-08-18T21:16:30,12,0,3,12
2022-08-18T21:25:33,12,0,3,12
2022-08-18T21:34:36,12,0,3,12
2022-08-18T21:43:39,12,0,3,12
2022-08-18T21:52:42,12,0,3,12
2022-08-18T22:01:56,12,0,3,12
2022-08-18T22:10:59,12,0,3,12
2022-08-18T22:20:03,12,0,3,12
2022-08-18T22:29:06,12,0,3,12
2022-08-18T22:38:09,12,0,3,12
2022-08-18T22:47:13,12,0,3,12
2022-08-18T22:56:15,12,0,3,12
2022-08-18T23:05:21,12,0,3,12
2022-08-18T23:14:29,12,0,3,12
2022-08-18T23:23:40,12,0,3,12
2022-08-18T23:32:57,12,0,3,12
2022-08-18T23:42:23,12,0,3,12
2022-08-18T23:51:41,12,0,3,12
2022-08-19T00:00:59,12,0,3,12
2022-08-19T00:10:19,12,0,3,12
2022-08-19T00:19:43,12,0,3,12
2022-08-19T00:29:10,12,0,3,12
2022-08-19T00:38:36,12,0,3,12
2022-08-19T00:47:55,12,0,3,12
2022-08-19T00:57:15,12,0,3,12
2022-08-19T01:06:33,12,0,3,12
2022-08-19T01:15:51,12,0,3,12
2022-08-19T01:25:08,12,0,3,12
2022-08-19T01:34:26,12,0,3,12
2022-08-19T01:43:45,12,0,3,12
2022-08-19T01:53:01,12,0,3,12
2022-08-19T02:02:11,12,0,3,12
2022-08-19T02:11:17,12,0,3,12
2022-08-19T02:20:25,12,0,3,12
2022-08-19T02:29:41,12,0,3,12
2022-08-19T02:38:46,12,0,3,12
2022-08-19T02:47:51,12,0,3,12
2022-08-19T02:57:05,12,0,3,12
2022-08-19T03:06:10,12,0,3,12
2022-08-19T03:15:13,12,0,3,12
2022-08-19T03:24:16,12,0,3,12
2022-08-19T03:33:20,12,0,3,12
2022-08-19T03:42:24,12,0,3,12
2022-08-19T03:53:43,12,0,3,12
2022-08-19T04:02:55,12,0,3,12
2022-08-19T04:12:01,12,0,3,12
2022-08-19T04:25:59,12,0,3,12
2022-08-19T04:35:28,12,0,3,12
2022-08-19T04:44:35,12,0,3,12
2022-08-19T04:53:41,12,0,3,12
2022-08-19T05:02:47,12,0,3,12
2022-08-19T05:11:53,12,0,3,12
2022-08-19T05:20:59,12,0,3,12
2022-08-19T05:30:04,12,0,3,12
2022-08-19T05:39:10,12,0,3,12
2022-08-19T05:48:16,12,0,3,12
2022-08-19T05:57:24,12,0,3,12
2022-08-19T06:06:31,12,0,3,12
2022-08-19T06:15:36,12,0,3,12
2022-08-19T06:24:42,12,0,3,12
2022-08-19T06:33:46,12,0,3,12
2022-08-19T06:42:51,12,0,3,12
2022-08-19T06:51:54,12,0,3,12
2022-08-19T07:00:57,12,0,3,12
2022-08-19T07:10:04,12,0,3,12
2022-08-19T07:19:07,12,0,3,12
2022-08-19T07:28:10,12,0,3,12
2022-08-19T07:37:14,12,0,3,12
2022-08-19T07:46:18,12,0,3,12
2022-08-19T07:55:21,12,0,3,12
2022-08-19T08:04:25,12,0,3,12
2022-08-19T08:13:30,12,0,3,12
2022-08-19T08:22:42,12,0,3,12
2022-08-19T08:31:46,12,0,3,12
2022-08-19T08:40:50,12,0,3,12
2022-08-19T08:49:54,12,0,3,12
2022-08-19T08:58:58,12,0,3,12
2022-08-19T09:08:03,12,0,3,12
2022-08-19T09:17:07,12,0,3,12
2022-08-19T09:26:11,12,0,3,12
2022-08-19T09:35:15,12,0,3,12
2022-08-19T09:44:19,12,0,3,12
2022-08-19T09:53:23,12,0,3,12
2022-08-19T10:02:40,12,0,3,12
2022-08-19T10:11:44,12,0,3,12
2022-08-19T10:20:50,12,0,3,12
2022-08-19T10:29:54,12,0,3,12
2022-08-19T10:38:59,12,0,3,12
2022-08-19T10:48:04,12,0,3,12
2022-08-19T10:57:08,12,0,3,12
2022-08-19T11:06:13,12,0,3,12
2022-08-19T11:15:17,12,0,3,12
2022-08-19T11:24:32,12,0,3,12
2022-08-19T11:33:37,12,0,3,12
2022-08-19T11:42:41,12,0,3,12
2022-08-19T11:51:45,12,0,3,12
2022-08-19T12:00:50,12,0,3,12
2022-08-19T12:10:04,12,0,3,12
2022-08-19T12:19:09,12,0,3,12
2022-08-19T12:28:12,12,0,3,12
2022-08-19T12:37:17,12,0,3,12
2022-08-19T12:46:22,12,0,3,12
2022-08-19T12:55:26,12,0,3,12
2022-08-19T13:04:30,12,0,3,12
2022-08-19T13:13:44,12,0,3,12
2022-08-19T13:22:48,12,0,3,12
2022-08-19T13:31:53,12,0,3,12
2022-08-19T13:40:57,12,0,3,12
2022-08-19T13:50:02,12,0,3,12
2022-08-19T13:59:06,12,0,3,12
2022-08-19T14:08:12,12,0,3,12
2022-08-19T14:17:16,12,0,3,12
2022-08-19T14:26:21,12,0,3,12
2022-08-19T14:35:26,12,0,3,12
2022-08-19T14:44:41,12,0,3,12
2022-08-19T14:53:47,12,0,3,12
2022-08-19T15:02:52,12,0,3,12
2022-08-19T15:11:56,12,0,3,12
2022-08-19T15:21:01,12,0,3,12
2022-08-19T15:30:06,12,0,3,12
2022-08-19T15:39:10,12,0,3,12
2022-08-19T15:48:15,12,0,3,12
2022-08-19T15:57:30,12,0,3,12
2022-08-19T16:06:34,12,0,3,12
2022-08-19T16:15:39,12,0,3,12
2022-08-19T16:24:43,12,0,3,12
2022-08-19T16:33:48,12,0,3,12
2022-08-19T16:42:51,12,0,3,12
2022-08-19T16:51:56,12,0,3,12
2022-08-19T17:01:00,12,0,3,12
2022-08-19T17:10:05,12,0,3,12
2022-08-19T17:19:09,12,0,3,12
2022-08-19T17:28:23,12,0,3,12
2022-08-19T17:37:26,12,0,3,12
2022-08-19T17:46:30,12,0,3,12
2022-08-19T17:55:33,12,0,3,12
2022-08-19T18:04:37,12,0,3,12
2022-08-19T18:13:41,12,0,3,12
2022-08-19T18:22:45,12,0,3,12
2022-08-19T18:31:48,12,0,3,12
2022-08-19T18:40:51,12,0,3,12
2022-08-19T18:49:55,12,0,3,12
2022-08-19T18:58:58,12,0,3,12
2022-08-19T19:08:02,12,0,3,12
2022-08-19T19:17:05,12,0,3,12
2022-08-19T19:26:19,12,0,3,12
2022-08-19T19:35:23,12,0,3,12
2022-08-19T19:44:26,12,0,3,12
2022-08-19T19:53:30,12,0,3,12
2022-08-19T20:02:33,12,0,3,12
2022-08-19T20:11:36,12,0,3,12
2022-08-19T20:20:39,12,0,3,12
2022-08-19T20:29:43,12,0,3,12
2022-08-19T20:38:45,12,0,3,12
2022-08-19T20:47:48,12,0,3,12
2022-08-19T20:56:51,12,0,3,12
2022-08-19T21:06:05,12,0,3,12
2022-08-19T21:15:08,12,0,3,12
2022-08-19T21:24:11,12,0,3,12
2022-08-19T21:33:14,12,0,3,12
2022-08-19T21:42:17,12,0,3,12
2022-08-19T21:51:20,12,0,3,12
2022-08-19T22:00:23,12,0,3,12
2022-08-19T22:09:27,12,0,3,12
2022-08-19T22:18:30,12,0,3,12
2022-08-19T22:27:33,12,0,3,12
2022-08-19T22:36:36,12,0,3,12
2022-08-19T22:45:38,12,0,3,12
2022-08-19T22:54:41,12,0,3,12
2022-08-19T23:03:44,12,0,3,12
2022-08-19T23:12:48,12,0,3,12
2022-08-19T23:21:51,12,0,3,12
2022-08-19T23:31:05,12,0,3,12
2022-08-19T23:40:08,12,0,3,12
2022-08-19T23:49:11,12,0,3,12
2022-08-19T23:58:14,12,0,3,12
2022-08-20T00:07:19,12,0,3,12
2022-08-20T00:16:25,12,0,3,12
2022-08-20T00:25:30,12,0,3,12
2022-08-20T00:34:35,12,0,3,12
2022-08-20T00:43:40,12,0,3,12
2022-08-20T00:52:46,12,0,3,12
2022-08-20T01:01:53,12,0,3,12
2022-08-20T01:10:57,12,0,3,12
2022-08-20T01:20:02,12,0,3,12
2022-08-20T01:29:07,12,0,3,12
2022-08-20T01:38:14,12,0,3,12
2022-08-20T01:47:18,12,0,3,12
2022-08-20T01:56:22,12,0,3,12
2022-08-20T02:05:26,12,0,3,12
2022-08-20T02:14:30,12,0,3,12
2022-08-20T02:23:33,12,0,3,12
2022-08-20T02:32:36,12,0,3,12
2022-08-20T02:41:38,12,0,3,12
2022-08-20T02:50:41,12,0,3,12
2022-08-20T02:59:44,12,0,3,12
2022-08-20T03:08:46,12,0,3,12
2022-08-20T03:17:49,12,0,3,12
2022-08-20T03:27:01,12,0,3,12
2022-08-20T03:36:04,12,0,3,12
2022-08-20T03:45:08,12,0,3,12
2022-08-20T03:54:13,12,0,3,12
2022-08-20T04:03:16,12,0,3,12
2022-08-20T04:21:32,12,0,3,12
2022-08-20T04:31:02,12,0,3,12
2022-08-20T04:40:09,12,0,3,12
2022-08-20T04:49:14,12,0,3,12
2022-08-20T04:58:22,12,0,3,12
2022-08-20T05:07:35,12,0,3,12
2022-08-20T05:16:41,12,0,3,12
2022-08-20T05:25:48,12,0,3,12
2022-08-20T05:34:54,12,0,3,12
2022-08-20T05:44:00,12,0,3,12
2022-08-20T05:53:06,12,0,3,12
2022-08-20T06:02:12,12,0,3,12
2022-08-20T06:11:17,12,0,3,12
2022-08-20T06:20:23,12,0,3,12
2022-08-20T06:29:27,12,0,3,12
2022-08-20T06:38:32,12,0,3,12
2022-08-20T06:47:37,12,0,3,12
2022-08-20T06:56:42,12,0,3,12
2022-08-20T07:05:49,12,0,3,12
2022-08-20T07:14:54,12,0,3,12
2022-08-20T07:23:59,12,0,3,12
2022-08-20T07:33:04,12,0,3,12
2022-08-20T07:42:09,12,0,3,12
2022-08-20T07:51:18,12,0,3,12
2022-08-20T08:00:23,12,0,3,12
2022-08-20T08:09:27,12,0,3,12
2022-08-20T08:18:32,12,0,3,12
2022-08-20T08:27:37,12,0,3,12
2022-08-20T08:36:58,12,0,3,12
2022-08-20T08:46:03,12,0,3,12
2022-08-20T08:55:09,12,0,3,12
2022-08-20T09:04:16,12,0,3,12
2022-08-20T09:13:22,12,0,3,12
2022-08-20T09:22:30,12,0,3,12
2022-08-20T09:31:41,12,0,3,12
2022-08-20T09:40:49,12,0,3,12
2022-08-20T09:49:54,12,0,3,12
2022-08-20T09:58:58,12,0,3,12
2022-08-20T10:08:03,12,0,3,12
2022-08-20T10:17:06,12,0,3,12
2022-08-20T10:26:11,12,0,3,12
2022-08-20T10:35:15,12,0,3,12
2022-08-20T10:44:18,12,0,3,12
2022-08-20T10:53:21,12,0,3,12
2022-08-20T11:02:34,12,0,3,12
2022-08-20T11:11:36,12,0,3,12
2022-08-20T11:20:40,12,0,3,12
2022-08-20T11:29:43,12,0,3,12
2022-08-20T11:38:45,12,0,3,12
2022-08-20T11:47:47,12,0,3,12
2022-08-20T11:56:50,12,0,3,12
2022-08-20T12:05:53,12,0,3,12
2022-08-20T12:14:56,12,0,3,12
2022-08-20T12:23:58,12,0,3,12
2022-08-20T12:33:01,12,0,3,12
2022-08-20T12:42:04,12,0,3,12
2022-08-20T12:51:07,12,0,3,12
2022-08-20T13:00:11,12,0,3,12
2022-08-20T13:09:13,12,0,3,12
2022-08-20T13:18:16,12,0,3,12
2022-08-20T13:27:18,12,0,3,12
2022-08-20T13:36:30,12,0,3,12
2022-08-20T13:45:33,12,0,3,12
2022-08-20T13:54:36,12,0,3,12
2022-08-20T14:03:38,12,0,3,12
2022-08-20T14:12:41,12,0,3,12
2022-08-20T14:21:43,12,0,3,12
2022-08-20T14:30:46,12,0,3,12
2022-08-20T14:39:49,12,0,3,12
2022-08-20T14:48:53,12,0,3,12
2022-08-20T14:57:57,12,0,3,12
2022-08-20T15:07:00,12,0,3,12
2022-08-20T15:16:03,12,0,3,12
2022-08-20T15:25:05,12,0,3,12
2022-08-20T15:34:08,12,0,3,12
2022-08-20T15:43:10,12,0,3,12
2022-08-20T15:52:13,12,0,3,12
2022-08-20T16:01:15,12,0,3,12
2022-08-20T16:10:18,12,0,3,12
2022-08-20T16:19:20,12,0,3,12
2022-08-20T16:28:23,12,0,3,12
2022-08-20T16:37:35,12,0,3,12
2022-08-20T16:46:37,12,0,3,12
2022-08-20T16:55:41,12,0,3,12
2022-08-20T17:04:44,12,0,3,12
2022-08-20T17:13:47,12,0,3,12
2022-08-20T17:22:49,12,0,3,12
2022-08-20T17:31:51,12,0,3,12
2022-08-20T17:40:53,12,0,3,12
2022-08-20T17:49:56,12,0,3,12
2022-08-20T17:58:58,12,0,3,12
2022-08-20T18:08:01,12,0,3,12
2022-08-20T18:17:03,12,0,3,12
2022-08-20T18:26:06,12,0,3,12
2022-08-20T18:35:09,12,0,3,12
2022-08-20T18:44:12,12,0,3,12
2022-08-20T18:53:14,12,0,3,12
2022-08-20T19:02:26,12,0,3,12
2022-08-20T19:11:29,12,0,3,12
2022-08-20T19:20:31,12,0,3,12
2022-08-20T19:29:33,12,0,3,12
2022-08-20T19:38:36,12,0,3,12
2022-08-20T19:47:38,12,0,3,12
2022-08-20T19:56:40,12,0,3,12
2022-08-20T20:05:43,12,0,3,12
2022-08-20T20:14:47,12,0,3,12
2022-08-20T20:23:50,12,0,3,12
2022-08-20T20:32:53,12,0,3,12
2022-08-20T20:41:55,12,0,3,12
2022-08-20T20:50:58,12,0,3,12
2022-08-20T21:00:00,12,0,3,12
2022-08-20T21:09:03,12,0,3,12
2022-08-20T21:18:07,12,0,3,12
2022-08-20T21:27:09,12,0,3,12
2022-08-20T21:36:11,12,0,3,12
2022-08-20T21:45:14,12,0,3,12
2022-08-20T21:54:36,12,0,3,12
2022-08-20T22:03:38,12,0,3,12
2022-08-20T22:12:41,12,0,3,12
2022-08-20T22:21:44,12,0,3,12
2022-08-20T22:30:48,12,0,3,12
2022-08-20T22:39:50,12,0,3,12
2022-08-20T22:48:53,12,0,3,12
2022-08-20T22:57:56,12,0,3,12
2022-08-20T23:07:00,12,0,3,12
2022-08-20T23:16:04,12,0,3,12
2022-08-20T23:25:07,12,0,3,12
2022-08-20T23:34:09,12,0,3,12
2022-08-20T23:43:12,12,0,3,12
2022-08-20T23:52:15,12,0,3,12
2022-08-21T00:01:18,12,0,3,12
2022-08-21T00:10:22,12,0,3,12
2022-08-21T00:19:36,12,0,3,12
2022-08-21T00:28:40,12,0,3,12
2022-08-21T00:53:33,12,0,3,12
2022-08-21T01:02:36,12,0,3,12
2022-08-21T01:11:42,12,0,3,12
2022-08-21T01:20:47,12,0,3,12
2022-08-21T01:29:54,12,0,3,12
2022-08-21T01:39:00,12,0,3,12
2022-08-21T01:48:05,12,0,3,12
2022-08-21T01:57:10,12,0,3,12
2022-08-21T02:06:15,12,0,3,12
2022-08-21T02:15:19,12,0,3,12
2022-08-21T02:24:23,12,0,3,12
2022-08-21T02:33:28,12,0,3,12
2022-08-21T02:42:32,12,0,3,12
2022-08-21T02:51:35,12,0,3,12
2022-08-21T03:00:38,12,0,3,12
2022-08-21T03:09:42,12,0,3,12
2022-08-21T03:18:46,12,0,3,12
2022-08-21T03:27:48,12,0,3,12
2022-08-21T03:36:52,12,0,3,12
2022-08-21T03:45:57,12,0,3,12
2022-08-21T03:55:01,12,0,3,12
2022-08-21T04:06:02,12,0,3,12
2022-08-21T04:20:08,12,0,3,12
2022-08-21T04:29:39,12,0,3,12
2022-08-21T04:38:46,12,0,3,12
2022-08-21T04:47:52,12,0,3,12
2022-08-21T04:56:56,12,0,3,12
2022-08-21T05:06:00,12,0,3,12
2022-08-21T05:15:04,12,0,3,12
2022-08-21T05:24:07,12,0,3,12
2022-08-21T05:33:11,12,0,3,12
2022-08-21T05:42:14,12,0,3,12
2022-08-21T05:51:17,12,0,3,12
2022-08-21T06:00:21,12,0,3,12
2022-08-21T06:09:25,12,0,3,12
2022-08-21T06:18:29,12,0,3,12
2022-08-21T06:27:32,12,0,3,12
2022-08-21T06:36:34,12,0,3,12
2022-08-21T06:45:36,12,0,3,12
2022-08-21T06:54:39,12,0,3,12
2022-08-21T07:03:43,12,0,3,12
2022-08-21T07:12:46,12,0,3,12
2022-08-21T07:21:48,12,0,3,12
2022-08-21T07:30:51,12,0,3,12
2022-08-21T07:39:53,12,0,3,12
2022-08-21T07:48:55,12,0,3,12
2022-08-21T07:57:58,12,0,3,12
2022-08-21T08:07:00,12,0,3,12
2022-08-21T08:16:02,12,0,3,12
2022-08-21T08:25:04,12,0,3,12
2022-08-21T08:34:08,12,0,3,12
2022-08-21T08:43:10,12,0,3,12
2022-08-21T08:52:12,12,0,3,12
2022-08-21T09:01:15,12,0,3,12
2022-08-21T09:10:19,12,0,3,12
2022-08-21T09:19:20,12,0,3,12
2022-08-21T09:28:22,12,0,3,12
2022-08-21T09:37:25,12,0,3,12
2022-08-21T09:46:28,12,0,3,12
2022-08-21T09:55:30,12,0,3,12
2022-08-21T10:04:42,12,0,3,12
2022-08-21T10:13:45,12,0,3,12
2022-08-21T10:22:47,12,0,3,12
2022-08-21T10:31:49,12,0,3,12
2022-08-21T10:40:51,12,0,3,12
2022-08-21T10:49:54,12,0,3,12
2022-08-21T10:58:57,12,0,3,12
2022-08-21T11:07:59,12,0,3,12
2022-08-21T11:17:01,12,0,3,12
2022-08-21T11:26:03,12,0,3,12
2022-08-21T11:35:06,12,0,3,12
2022-08-21T11:44:08,12,0,3,12
2022-08-21T11:53:11,12,0,3,12
2022-08-21T12:02:13,12,0,3,12
2022-08-21T12:11:15,12,0,3,12
2022-08-21T12:20:19,12,0,3,12
2022-08-21T12:29:22,12,0,3,12
2022-08-21T12:38:25,12,0,3,12
2022-08-21T12:47:28,12,0,3,12
2022-08-21T12:56:39,12,0,3,12
2022-08-21T13:05:42,12,0,3,12
2022-08-21T13:14:47,12,0,3,12
2022-08-21T13:23:49,12,0,3,12
2022-08-21T13:32:51,12,0,3,12
2022-08-21T13:41:53,12,0,3,12
2022-08-21T13:50:56,12,0,3,12
2022-08-21T13:59:59,12,0,3,12
2022-08-21T14:09:01,12,0,3,12
2022-08-21T14:18:04,12,0,3,12
2022-08-21T14:27:06,12,0,3,12
2022-08-21T14:36:08,12,0,3,12
2022-08-21T14:45:11,12,0,3,12
2022-08-21T14:54:13,12,0,3,12
2022-08-21T15:03:16,12,0,3,12
2022-08-21T15:12:18,12,0,3,12
2022-08-21T15:21:21,12,0,3,12
2022-08-21T15:30:24,12,0,3,12
2022-08-21T15:39:26,12,0,3,12
2022-08-21T15:48:39,12,0,3,12
2022-08-21T15:57:41,12,0,3,12
2022-08-21T16:06:43,12,0,3,12
2022-08-21T16:15:46,12,0,3,12
2022-08-21T16:24:49,12,0,3,12
2022-08-21T16:33:51,12,0,3,12
2022-08-21T16:42:54,12,0,3,12
2022-08-21T16:51:56,12,0,3,12
2022-08-21T17:00:59,12,0,3,12
2022-08-21T17:10:01,12,0,3,12
2022-08-21T17:19:04,12,0,3,12
2022-08-21T17:28:07,12,0,3,12
2022-08-21T17:37:09,12,0,3,12
2022-08-21T17:46:11,12,0,3,12
2022-08-21T17:55:13,12,0,3,12
2022-08-21T18:04:15,12,0,3,12
2022-08-21T18:13:18,12,0,3,12
2022-08-21T18:22:20,12,0,3,12
2022-08-21T18:31:34,12,0,3,12
2022-08-21T18:40:37,12,0,3,12
2022-08-21T18:49:40,12,0,3,12
2022-08-21T18:58:43,12,0,3,12
2022-08-21T19:07:53,12,0,3,12
2022-08-21T19:17:04,12,0,3,12
2022-08-21T19:26:13,12,0,3,12
2022-08-21T19:35:22,12,0,3,12
2022-08-21T19:44:32,12,0,3,12
2022-08-21T19:53:41,12,0,3,12
2022-08-21T20:02:51,12,0,3,12
2022-08-21T20:12:00,12,0,3,12
2022-08-21T20:21:10,12,0,3,12
2022-08-21T20:30:19,12,0,3,12
2022-08-21T20:39:25,12,0,3,12
2022-08-21T20:48:30,12,0,3,12
2022-08-21T20:57:46,12,0,3,12
2022-08-21T21:06:49,12,0,3,12
2022-08-21T21:15:52,12,0,3,12
2022-08-21T21:24:54,12,0,3,12
2022-08-21T21:33:57,12,0,3,12
2022-08-21T21:43:00,12,0,3,12
2022-08-21T21:52:03,12,0,3,12
2022-08-21T22:01:06,12,0,3,12
2022-08-21T22:10:09,12,0,3,12
2022-08-21T22:19:12,12,0,3,12
2022-08-21T22:28:14,12,0,3,12
2022-08-21T22:37:17,12,0,3,12
2022-08-21T22:46:19,12,0,3,12
2022-08-21T22:55:21,12,0,3,12
2022-08-21T23:04:24,12,0,3,12
2022-08-21T23:13:27,12,0,3,12
2022-08-21T23:22:30,12,0,3,12
2022-08-21T23:31:43,12,0,3,12
2022-08-21T23:40:46,12,0,3,12
2022-08-21T23:49:48,12,0,3,12
2022-08-21T23:58:51,12,0,3,12
2022-08-22T00:07:54,12,0,3,12
2022-08-22T00:17:06,12,0,3,12
2022-08-22T00:26:10,12,0,3,12
2022-08-22T00:35:16,12,0,3,12
2022-08-22T00:44:20,12,0,3,12
2022-08-22T00:53:25,12,0,3,12
2022-08-22T01:02:28,12,0,3,12
2022-08-22T01:11:35,12,0,3,12
2022-08-22T01:20:40,12,0,3,12
2022-08-22T01:29:45,12,0,3,12
2022-08-22T01:38:49,12,0,3,12
2022-08-22T01:47:54,12,0,3,12
2022-08-22T01:56:59,12,0,3,12
2022-08-22T02:06:04,12,0,3,12
2022-08-22T02:15:08,12,0,3,12
2022-08-22T02:24:12,12,0,3,12
2022-08-22T02:33:27,12,0,3,12
2022-08-22T02:42:31,12,0,3,12
2022-08-22T02:51:34,12,0,3,12
2022-08-22T03:00:37,12,0,3,12
2022-08-22T03:09:40,12,0,3,12
2022-08-22T03:18:45,12,0,3,12
2022-08-22T03:27:49,12,0,3,12
2022-08-22T03:36:52,12,0,3,12
2022-08-22T03:45:57,12,0,3,12
2022-08-22T03:55:02,12,0,3,12
2022-08-22T04:04:06,12,0,3,12
2022-08-22T04:22:21,12,0,3,12
2022-08-22T04:31:49,12,0,3,12
2022-08-22T04:40:55,12,0,3,12
2022-08-22T04:50:02,12,0,3,12
2022-08-22T04:59:07,12,0,3,12
2022-08-22T05:08:11,12,0,3,12
2022-08-22T05:17:15,12,0,3,12
2022-08-22T05:26:20,12,0,3,12
2022-08-22T05:35:24,12,0,3,12
2022-08-22T05:44:26,12,0,3,12
2022-08-22T05:53:30,12,0,3,12
2022-08-22T06:02:34,12,0,3,12
2022-08-22T06:11:39,12,0,3,12
2022-08-22T06:20:45,12,0,3,12
2022-08-22T06:29:51,12,0,3,12
2022-08-22T06:38:54,12,0,3,12
2022-08-22T06:47:57,12,0,3,12
2022-08-22T06:57:00,12,0,3,12
2022-08-22T07:06:03,12,0,3,12
2022-08-22T07:15:06,12,0,3,12
2022-08-22T07:24:10,12,0,3,12
2022-08-22T07:33:14,12,0,3,12
2022-08-22T07:42:18,12,0,3,12
2022-08-22T07:51:21,12,0,3,12
2022-08-22T08:00:25,12,0,3,12
2022-08-22T08:09:28,12,0,3,12
2022-08-22T08:18:42,12,0,3,12
2022-08-22T08:27:47,12,0,3,12
2022-08-22T08:36:52,12,0,4,12
2022-08-22T08:45:56,12,0,4,12
2022-08-22T08:55:01,12,0,3,12
2022-08-22T09:04:06,12,0,3,12
2022-08-22T09:13:10,12,0,3,12
2022-08-22T09:22:16,12,0,3,12
2022-08-22T09:31:22,12,0,3,12
2022-08-22T09:40:26,12,0,3,12
2022-08-22T09:49:31,12,0,3,12
2022-08-22T09:58:48,12,0,3,12
2022-08-22T10:07:54,12,0,3,12
2022-08-22T10:17:00,12,0,3,12
2022-08-22T10:26:05,12,0,3,12
2022-08-22T10:35:11,12,0,3,12
2022-08-22T10:44:16,12,0,3,12
2022-08-22T10:53:22,12,0,3,12
2022-08-22T11:02:28,12,0,3,12
2022-08-22T11:11:44,12,0,3,12
2022-08-22T11:20:49,12,0,3,12
2022-08-22T11:29:55,12,0,3,12
2022-08-22T11:39:00,12,0,3,12
2022-08-22T11:48:07,12,0,3,12
2022-08-22T11:57:12,12,0,3,12
2022-08-22T12:06:28,12,0,3,12
2022-08-22T12:15:33,12,0,3,12
2022-08-22T12:24:37,12,0,3,12
2022-08-22T12:33:42,12,0,3,12
2022-08-22T12:42:46,12,0,3,12
2022-08-22T12:51:50,12,0,3,12
2022-08-22T13:00:55,12,0,3,12
2022-08-22T13:10:10,12,0,3,12
2022-08-22T13:19:15,12,0,3,12
2022-08-22T13:28:20,12,0,3,12
2022-08-22T13:37:26,12,0,3,12
2022-08-22T13:46:30,12,0,3,12
2022-08-22T13:55:35,12,0,3,12
2022-08-22T14:04:40,12,0,3,12
2022-08-22T14:13:56,12,0,3,12
2022-08-22T14:23:01,12,0,3,12
2022-08-22T14:32:07,12,0,3,12
2022-08-22T14:41:12,12,0,3,12
2022-08-22T14:50:18,12,0,3,12
2022-08-22T14:59:24,12,0,3,12
2022-08-22T15:08:31,12,0,3,12
2022-08-22T15:17:49,12,0,3,12
2022-08-22T15:26:53,12,0,3,12
2022-08-22T15:35:57,12,0,3,12
2022-08-22T15:45:03,12,0,3,12
2022-08-22T15:54:07,12,0,3,12
2022-08-22T16:03:12,12,0,3,12
2022-08-22T16:12:16,12,0,3,12
2022-08-22T16:21:22,12,0,3,12
2022-08-22T16:30:27,12,0,3,12
2022-08-22T16:39:41,12,0,3,12
2022-08-22T16:48:45,12,0,3,12
2022-08-22T16:57:49,12,0,3,12
2022-08-22T17:06:52,12,0,3,12
2022-08-22T17:15:56,12,0,3,12
2022-08-22T17:25:00,12,0,3,12
2022-08-22T17:34:03,12,0,3,12
2022-08-22T17:43:07,12,0,3,12
2022-08-22T17:52:10,12,0,3,12
2022-08-22T18:01:13,12,0,3,12
2022-08-22T18:10:17,12,0,3,12
2022-08-22T18:19:21,12,0,3,12
2022-08-22T18:28:24,12,0,3,12
2022-08-22T18:37:38,12,0,3,12
2022-08-22T18:46:41,12,0,3,12
2022-08-22T18:55:44,12,0,3,12
2022-08-22T19:04:47,12,0,3,12
2022-08-22T19:13:50,12,0,3,12
2022-08-22T19:22:53,12,0,3,12
2022-08-22T19:31:56,12,0,3,12
2022-08-22T19:40:58,12,0,3,12
2022-08-22T19:50:12,12,0,3,12
2022-08-22T19:59:15,12,0,3,12
2022-08-22T20:08:17,12,0,3,12
2022-08-22T20:17:20,12,0,3,12
2022-08-22T20:26:23,12,0,3,12
2022-08-22T20:35:26,12,0,3,12
2022-08-22T20:44:28,12,0,3,12
2022-08-22T20:53:31,12,0,3,12
2022-08-22T21:02:34,12,0,3,12
2022-08-22T21:11:36,12,0,3,12
2022-08-22T21:20:51,12,0,3,12
2022-08-22T21:29:53,12,0,3,12
2022-08-22T21:38:56,12,0,3,12
2022-08-22T21:47:59,12,0,3,12
2022-08-22T21:57:02,12,0,3,12
2022-08-22T22:06:06,12,0,3,12
2022-08-22T22:15:09,12,0,3,12
2022-08-22T22:24:12,12,0,3,12
2022-08-22T22:33:15,12,0,3,12
2022-08-22T22:42:18,12,0,3,12
2022-08-22T22:51:21,12,0,3,12
2022-08-22T23:00:24,12,0,3,12
2022-08-22T23:09:29,12,0,3,12
2022-08-22T23:18:43,12,0,3,12
2022-08-22T23:27:46,12,0,3,12
2022-08-22T23:36:50,12,0,3,12
2022-08-22T23:45:53,12,0,3,12
2022-08-22T23:54:56,12,0,3,12
2022-08-23T00:04:03,12,0,3,12
2022-08-23T00:13:11,12,0,3,12
2022-08-23T00:22:18,12,0,3,12
2022-08-23T00:31:22,12,0,3,12
2022-08-23T00:40:26,12,0,3,12
2022-08-23T00:49:42,12,0,3,12
2022-08-23T00:58:47,12,0,3,12
2022-08-23T01:07:50,12,0,3,12
2022-08-23T01:16:55,12,0,3,12
2022-08-23T01:25:59,12,0,3,12
2022-08-23T01:35:03,12,0,3,12
2022-08-23T01:44:09,12,0,3,12
2022-08-23T01:53:13,12,0,3,12
2022-08-23T02:02:17,12,0,3,12
2022-08-23T02:11:21,12,0,3,12
2022-08-23T02:20:24,12,0,3,12
2022-08-23T02:29:28,12,0,3,12
2022-08-23T02:38:31,12,0,3,12
2022-08-23T02:47:34,12,0,3,12
2022-08-23T02:56:37,12,0,3,12
2022-08-23T03:05:40,12,0,3,12
2022-08-23T03:14:42,12,0,3,12
2022-08-23T03:23:44,12,0,3,12
2022-08-23T03:32:46,12,0,3,12
2022-08-23T03:41:51,12,0,3,12
2022-08-23T03:52:51,12,0,3,12
2022-08-23T04:02:17,12,0,3,12
2022-08-23T04:11:21,12,0,3,12
2022-08-23T04:29:29,12,0,3,12
2022-08-23T04:38:57,12,0,3,12
2022-08-23T04:48:01,12,0,3,12
2022-08-23T04:57:05,12,0,3,12
2022-08-23T05:06:08,12,0,3,12
2022-08-23T05:15:11,12,0,3,12
2022-08-23T05:24:15,12,0,3,12
2022-08-23T05:33:27,12,0,3,12
2022-08-23T05:42:33,12,0,3,12
2022-08-23T05:51:38,12,0,3,12
2022-08-23T06:00:43,12,0,3,12
2022-08-23T06:09:48,12,0,3,12
2022-08-23T06:18:54,12,0,3,12
2022-08-23T06:27:58,12,0,3,12
2022-08-23T06:37:04,12,0,3,12
2022-08-23T06:46:09,12,0,3,12
2022-08-23T06:55:13,12,0,3,12
2022-08-23T07:04:20,12,0,3,12
2022-08-23T07:13:26,12,0,3,12
2022-08-23T07:22:31,12,0,3,12
2022-08-23T07:31:36,12,0,3,12
2022-08-23T07:40:41,12,0,3,12
2022-08-23T07:49:46,12,0,3,12
2022-08-23T07:58:51,12,0,3,12
2022-08-23T08:08:07,12,0,3,12
2022-08-23T08:17:14,12,0,3,12
2022-08-23T08:26:21,12,0,3,12
2022-08-23T08:35:27,12,0,3,12
2022-08-23T08:44:32,12,0,3,12
2022-08-23T08:53:37,12,0,4,12
2022-08-23T09:02:44,12,0,4,12
2022-08-23T09:11:51,12,0,4,12
2022-08-23T09:20:58,12,0,4,12
2022-08-23T09:30:04,12,0,5,12
2022-08-23T09:39:20,12,0,5,12
2022-08-23T09:48:26,12,0,5,12
2022-08-23T09:57:33,12,0,5,12
2022-08-23T10:06:41,12,0,5,12
2022-08-23T10:15:49,12,0,4,12
2022-08-23T10:24:55,12,0,4,12
2022-08-23T10:34:04,12,0,4,12
2022-08-23T10:43:11,12,0,4,12
2022-08-23T10:52:28,12,0,4,12
2022-08-23T11:01:36,12,0,4,12
2022-08-23T11:10:44,12,0,4,12
2022-08-23T11:19:52,12,0,4,12
2022-08-23T11:29:02,12,0,4,12
2022-08-23T11:38:10,12,0,4,12
2022-08-23T11:47:28,12,0,4,12
2022-08-23T11:56:36,12,0,4,12
2022-08-23T12:05:43,12,0,4,12
2022-08-23T12:14:51,12,0,4,12
2022-08-23T12:23:57,12,0,4,12
2022-08-23T12:33:16,12,0,4,12
2022-08-23T12:42:23,12,0,4,12
2022-08-23T13:03:27,12,0,4,12
2022-08-23T13:12:35,12,0,4,12
2022-08-23T13:21:54,12,0,4,12
2022-08-23T13:31:03,12,0,4,12
2022-08-23T13:40:11,12,0,4,12
2022-08-23T13:49:20,12,0,4,12
2022-08-23T13:58:27,12,0,4,12
2022-08-23T14:07:35,12,0,4,12
2022-08-23T14:16:54,12,0,4,12
2022-08-23T14:26:02,12,0,4,12
2022-08-23T14:35:11,12,0,5,12
2022-08-23T14:44:20,12,0,5,12
2022-08-23T14:53:28,12,0,6,12
2022-08-23T15:02:48,12,0,6,12
2022-08-23T15:11:55,12,0,6,12
2022-08-23T15:21:03,12,0,6,12
2022-08-23T15:30:09,12,0,6,12
2022-08-23T15:39:17,12,0,6,12
2022-08-23T15:48:35,12,0,6,12
2022-08-23T15:57:43,12,0,6,12
2022-08-23T16:06:49,12,0,6,12
2022-08-23T16:15:55,12,0,6,12
2022-08-23T16:25:01,12,0,6,12
2022-08-23T16:34:19,12,0,6,12
2022-08-23T16:43:25,12,0,6,12
2022-08-23T16:52:31,12,0,6,12
2022-08-23T17:01:38,12,0,6,12
2022-08-23T17:10:43,12,0,6,12
2022-08-23T17:19:49,12,0,6,12
2022-08-23T17:29:06,12,0,6,12
2022-08-23T17:38:12,12,0,6,12
2022-08-23T17:47:18,12,0,7,12
2022-08-23T17:56:24,12,0,7,12
2022-08-23T18:05:33,12,0,7,12
2022-08-23T18:14:50,12,0,6,12
2022-08-23T18:23:55,12,0,6,12
2022-08-23T18:33:01,12,0,6,12
2022-08-23T18:42:07,12,0,6,12
2022-08-23T18:51:12,12,0,6,12
2022-08-23T19:00:17,12,0,6,12
2022-08-23T19:09:33,12,0,6,12
2022-08-23T19:18:38,12,0,6,12
2022-08-23T19:27:44,12,0,5,12
2022-08-23T19:36:48,12,0,5,12
2022-08-23T19:45:52,12,0,5,12
2022-08-23T19:54:57,12,0,5,12
2022-08-23T20:04:00,12,0,5,12
2022-08-23T20:13:04,12,0,5,12
2022-08-23T20:22:19,12,0,5,12
2022-08-23T20:31:23,12,0,5,12
2022-08-23T20:40:27,12,0,5,12
2022-08-23T20:49:31,12,0,5,12
2022-08-23T20:58:34,12,0,5,12
2022-08-23T21:07:38,12,0,5,12
2022-08-23T21:16:42,12,0,5,12
2022-08-23T21:25:46,12,0,5,12
2022-08-23T21:35:02,12,0,5,12
2022-08-23T21:44:06,12,0,5,12
2022-08-23T21:53:09,12,0,5,12
2022-08-23T22:02:12,12,0,5,12
2022-08-23T22:11:16,12,0,6,12
2022-08-23T22:20:19,12,0,6,12
2022-08-23T22:29:23,12,0,6,12
2022-08-23T22:38:27,12,0,6,12
2022-08-23T22:47:30,12,0,6,12
2022-08-23T22:56:33,12,0,6,12
2022-08-23T23:05:47,12,0,6,12
2022-08-23T23:14:51,12,0,6,12
2022-08-23T23:23:54,12,0,6,12
2022-08-23T23:32:58,12,0,6,12
2022-08-23T23:42:01,12,0,6,12
2022-08-23T23:51:04,12,0,6,12
2022-08-24T00:00:07,12,0,6,12
2022-08-24T00:09:11,12,0,6,12
2022-08-24T00:18:19,12,0,6,12
2022-08-24T00:27:25,12,0,6,12
2022-08-24T00:36:29,12,0,6,12
2022-08-24T00:45:35,12,0,6,12
2022-08-24T00:54:41,12,0,6,12
2022-08-24T01:03:45,12,0,6,12
2022-08-24T01:13:01,12,0,6,12
2022-08-24T01:22:06,12,0,6,12
2022-08-24T01:31:11,12,0,6,12
2022-08-24T01:40:14,12,0,6,12
2022-08-24T01:49:17,12,0,6,12
2022-08-24T01:58:20,12,0,6,12
2022-08-24T02:07:23,12,0,6,12
2022-08-24T02:16:25,12,0,6,12
2022-08-24T02:25:28,12,0,6,12
2022-08-24T02:34:30,12,0,6,12
2022-08-24T02:43:33,12,0,6,12
2022-08-24T02:52:36,12,0,6,12
2022-08-24T03:01:40,12,0,6,12
2022-08-24T03:10:43,12,0,6,12
2022-08-24T03:19:46,12,0,6,12
2022-08-24T03:28:48,12,0,6,12
2022-08-24T03:37:51,12,0,6,12
2022-08-24T03:46:56,12,0,6,12
2022-08-24T03:56:00,12,0,6,12
2022-08-24T04:05:05,12,0,6,12
2022-08-24T04:27:13,12,0,6,12
2022-08-24T04:36:36,12,0,6,12
2022-08-24T04:45:44,12,0,6,12
2022-08-24T04:54:50,12,0,6,12
2022-08-24T05:03:55,12,0,6,12
2022-08-24T05:13:01,12,0,6,12
2022-08-24T05:22:06,12,0,6,12
2022-08-24T05:31:11,12,0,6,12
2022-08-24T05:40:15,12,0,6,12
2022-08-24T05:49:20,12,0,6,12
2022-08-24T05:58:27,12,0,6,12
2022-08-24T06:07:35,12,0,6,12
2022-08-24T06:16:41,12,0,6,12
2022-08-24T06:25:48,12,0,6,12
2022-08-24T06:34:54,12,0,6,12
2022-08-24T06:44:00,12,0,6,12
2022-08-24T06:53:06,12,0,6,12
2022-08-24T07:02:11,12,0,6,12
2022-08-24T07:11:17,12,0,6,12
2022-08-24T07:20:21,12,0,6,12
2022-08-24T07:29:27,12,0,6,12
2022-08-24T07:38:32,12,0,6,12
2022-08-24T07:47:39,12,0,6,12
2022-08-24T07:56:45,12,0,6,12
2022-08-24T08:05:51,12,0,6,12
2022-08-24T08:14:57,12,0,6,12
2022-08-24T08:24:03,12,0,6,12
2022-08-24T08:33:09,12,0,6,12
2022-08-24T08:42:25,12,0,6,12
2022-08-24T08:51:30,12,0,6,12
2022-08-24T09:00:36,12,0,6,12
2022-08-24T09:09:41,12,0,6,12
2022-08-24T09:18:46,12,0,6,12
2022-08-24T09:27:51,12,0,6,12
2022-08-24T09:36:55,12,0,6,12
2022-08-24T09:45:59,12,0,6,12
2022-08-24T09:55:03,12,0,6,12
2022-08-24T10:04:08,12,0,6,12
2022-08-24T10:13:23,12,0,6,12
2022-08-24T10:22:28,12,0,6,12
2022-08-24T10:31:34,12,0,6,12
2022-08-24T10:40:38,12,0,6,12
2022-08-24T10:49:43,12,0,6,12
2022-08-24T10:58:47,12,0,6,12
2022-08-24T11:07:54,12,0,6,12
2022-08-24T11:16:59,12,0,6,12
2022-08-24T11:26:13,12,0,6,12
2022-08-24T11:35:19,12,0,6,12
2022-08-24T11:44:25,12,0,6,12
2022-08-24T11:53:30,12,0,6,12
2022-08-24T12:02:34,12,0,6,12
2022-08-24T12:11:40,12,0,6,12
2022-08-24T12:20:45,12,0,6,12
2022-08-24T12:30:00,12,0,6,12
2022-08-24T12:39:04,12,0,6,12
2022-08-24T12:48:10,12,0,6,12
2022-08-24T12:57:14,12,0,6,12
2022-08-24T13:06:20,12,0,6,12
2022-08-24T13:15:25,12,0,6,12
2022-08-24T13:24:29,12,0,6,12
2022-08-24T13:33:34,12,0,6,12
2022-08-24T13:42:39,12,0,6,12
2022-08-24T13:51:43,12,0,6,12
2022-08-24T14:00:47,12,0,6,12
2022-08-24T14:10:05,12,0,6,12
2022-08-24T14:19:10,12,0,6,12
2022-08-24T14:28:18,12,0,6,12
2022-08-24T14:37:23,12,0,6,12
2022-08-24T14:46:28,12,0,6,12
2022-08-24T14:55:33,12,0,6,12
2022-08-24T15:04:38,12,0,6,12
2022-08-24T15:13:42,12,0,6,12
2022-08-24T15:22:47,12,0,6,12
2022-08-24T15:31:52,12,0,6,12
2022-08-24T15:40:57,12,0,6,12
2022-08-24T15:50:02,12,0,6,12
2022-08-24T15:59:18,12,0,6,12
2022-08-24T16:08:24,12,0,6,12
2022-08-24T16:17:29,12,0,6,12
2022-08-24T16:26:34,12,0,6,12
2022-08-24T16:35:39,12,0,6,12
2022-08-24T16:44:44,12,0,6,12
2022-08-24T16:53:48,12,0,6,12
2022-08-24T17:02:54,12,0,6,12
2022-08-24T17:12:00,12,0,6,12
2022-08-24T17:21:05,12,0,6,12
2022-08-24T17:30:19,12,0,6,12
2022-08-24T17:39:25,12,0,6,12
2022-08-24T17:48:29,12,0,6,12
2022-08-24T17:57:34,12,0,6,12
2022-08-24T18:06:40,12,0,6,12
2022-08-24T18:15:45,12,0,6,12
2022-08-24T18:24:49,12,0,6,12
2022-08-24T18:33:54,12,0,6,12
2022-08-24T18:43:11,12,0,6,12
2022-08-24T18:52:16,12,0,6,12
2022-08-24T19:01:20,12,0,6,12
2022-08-24T19:10:25,12,0,6,12
2022-08-24T19:19:29,12,0,6,12
2022-08-24T19:28:34,12,0,6,12
2022-08-24T19:37:38,12,0,6,12
2022-08-24T19:46:43,12,0,6,12
2022-08-24T19:55:46,12,0,6,12
2022-08-24T20:05:00,12,0,6,12
2022-08-24T20:14:04,12,0,6,12
2022-08-24T20:23:09,12,0,6,12
2022-08-24T20:32:12,12,0,6,12
2022-08-24T20:41:17,12,0,6,12
2022-08-24T20:50:21,12,0,6,12
2022-08-24T20:59:25,12,0,6,12
2022-08-24T21:08:30,12,0,6,12
2022-08-24T21:17:34,12,0,6,12
2022-08-24T21:26:38,12,0,6,12
2022-08-24T21:35:42,12,0,6,12
2022-08-24T21:44:47,12,0,6,12
2022-08-24T21:54:01,12,0,6,12
2022-08-24T22:03:05,12,0,6,12
2022-08-24T22:12:09,12,0,6,12
2022-08-24T22:21:14,12,0,6,12
2022-08-24T22:30:18,12,0,6,12
2022-08-24T22:39:22,12,0,6,12
2022-08-24T22:48:26,12,0,6,12
2022-08-24T22:57:30,12,0,6,12
2022-08-24T23:06:34,12,0,6,12
2022-08-24T23:15:49,12,0,6,12
2022-08-24T23:24:53,12,0,6,12
2022-08-24T23:33:56,12,0,6,12
2022-08-24T23:43:00,12,0,6,12
2022-08-24T23:52:04,12,0,6,12
2022-08-25T00:01:07,12,0,6,12
2022-08-25T00:10:11,12,0,6,12
2022-08-25T00:19:21,12,0,6,12
2022-08-25T00:28:26,12,0,6,12
2022-08-25T00:37:32,12,0,6,12
2022-08-25T00:46:39,12,0,6,12
2022-08-25T00:55:45,12,0,6,12
2022-08-25T01:04:50,12,0,6,12
2022-08-25T01:14:06,12,0,6,12
2022-08-25T01:23:12,12,0,6,12
2022-08-25T01:32:19,12,0,6,12
2022-08-25T01:41:25,12,0,6,12
2022-08-25T01:50:29,12,0,6,12
2022-08-25T01:59:34,12,0,6,12
2022-08-25T02:08:37,12,0,6,12
2022-08-25T02:17:41,12,0,6,12
2022-08-25T02:26:45,12,0,6,12
2022-08-25T02:35:48,12,0,6,12
2022-08-25T02:44:51,12,0,6,12
2022-08-25T02:54:00,12,0,6,12
2022-08-25T03:03:03,12,0,6,12
2022-08-25T03:12:06,12,0,6,12
2022-08-25T03:21:09,12,0,6,12
2022-08-25T03:30:13,12,0,6,12
2022-08-25T03:39:18,12,0,6,12
2022-08-25T03:48:24,12,0,6,12
2022-08-25T03:57:30,12,0,6,12
2022-08-25T04:06:35,12,0,6,12
2022-08-25T04:15:39,12,0,6,12
2022-08-25T04:32:07,12,0,6,12
2022-08-25T04:41:34,12,0,6,12
2022-08-25T04:50:39,12,0,6,12
2022-08-25T04:59:43,12,0,6,12
2022-08-25T05:08:49,12,0,6,12
2022-08-25T05:17:52,12,0,6,12
2022-08-25T05:26:56,12,0,6,12
2022-08-25T05:36:00,12,0,6,12
2022-08-25T05:45:04,12,0,6,12
2022-08-25T05:54:09,12,0,6,12
2022-08-25T06:03:14,12,0,6,12
2022-08-25T06:12:19,12,0,6,12
2022-08-25T06:21:25,12,0,6,12
2022-08-25T06:30:37,12,0,6,12
2022-08-25T06:39:46,12,0,6,12
2022-08-25T06:48:55,12,0,6,12
2022-08-25T06:58:05,12,0,6,12
2022-08-25T07:07:14,12,0,6,12
2022-08-25T07:16:22,12,0,6,12
2022-08-25T07:25:30,12,0,6,12
2022-08-25T07:34:36,12,0,6,12
2022-08-25T07:43:43,12,0,6,12
2022-08-25T07:52:49,12,0,6,12
2022-08-25T08:01:57,12,0,6,12
2022-08-25T08:11:02,12,0,6,12
2022-08-25T08:20:08,12,0,6,12
2022-08-25T08:29:15,12,0,6,12
2022-08-25T08:38:21,12,0,6,12
2022-08-25T08:47:27,12,0,6,12
2022-08-25T08:56:45,12,0,6,12
2022-08-25T09:05:51,12,0,6,12
2022-08-25T09:14:57,12,0,6,12
2022-08-25T09:24:05,12,0,6,12
2022-08-25T09:33:12,12,0,6,12
2022-08-25T09:42:19,12,0,6,12
2022-08-25T09:51:25,12,0,6,12
2022-08-25T10:00:30,12,0,6,12
2022-08-25T10:09:36,12,0,6,12
2022-08-25T10:18:42,12,0,6,12
2022-08-25T10:27:59,12,0,6,12
2022-08-25T10:37:05,12,0,6,12
2022-08-25T10:46:11,12,0,6,12
2022-08-25T10:55:18,12,0,6,12
2022-08-25T11:04:24,12,0,6,12
2022-08-25T11:13:30,12,0,6,12
2022-08-25T11:22:36,12,0,6,12
2022-08-25T11:31:44,12,0,6,12
2022-08-25T11:40:49,12,0,6,12
2022-08-25T11:49:55,12,0,6,12
2022-08-25T11:59:01,12,0,6,12
2022-08-25T12:08:07,12,0,6,12
2022-08-25T12:17:23,12,0,6,12
2022-08-25T12:26:30,12,0,6,12
2022-08-25T12:35:35,12,0,6,12
2022-08-25T12:44:41,12,0,6,12
2022-08-25T12:53:46,12,0,6,12
2022-08-25T13:02:52,12,0,6,12
2022-08-25T13:11:58,12,0,6,12
2022-08-25T13:21:05,12,0,6,12
2022-08-25T13:30:11,12,0,6,12
2022-08-25T13:39:17,12,0,6,12
2022-08-25T13:48:34,12,0,6,12
2022-08-25T13:57:40,12,0,6,12
2022-08-25T14:06:47,12,0,6,12
2022-08-25T14:15:52,12,0,6,12
2022-08-25T14:24:59,12,0,6,12
2022-08-25T14:34:05,12,0,6,12
2022-08-25T14:43:17,12,0,6,12
2022-08-25T14:52:27,12,0,6,12
2022-08-25T15:01:33,12,0,6,12
2022-08-25T15:10:40,12,0,6,12
2022-08-25T15:19:51,12,0,6,12
2022-08-25T15:29:04,12,0,6,12
2022-08-25T15:38:21,12,0,6,12
2022-08-25T15:47:29,12,0,6,12
2022-08-25T15:56:36,12,0,6,12
2022-08-25T16:05:42,12,0,6,12
2022-08-25T16:14:48,12,0,6,12
2022-08-25T16:23:55,12,0,6,12
2022-08-25T16:33:00,12,0,6,12
2022-08-25T16:42:06,12,0,6,12
2022-08-25T16:51:11,12,0,6,12
2022-08-25T17:00:17,12,0,6,12
2022-08-25T17:09:23,12,0,6,12
2022-08-25T17:18:29,12,0,6,12
2022-08-25T17:27:44,12,0,6,12
2022-08-25T17:36:50,12,0,6,12
2022-08-25T17:45:57,12,0,6,12
2022-08-25T17:55:03,12,0,6,12
2022-08-25T18:04:09,12,0,6,12
2022-08-25T18:13:15,12,0,6,12
2022-08-25T18:22:21,12,0,6,12
2022-08-25T18:31:27,12,0,6,12
2022-08-25T18:40:32,12,0,6,12
2022-08-25T18:49:37,12,0,6,12
2022-08-25T18:58:43,12,0,6,12
2022-08-25T19:07:48,12,0,6,12
2022-08-25T19:16:59,12,0,6,12
2022-08-25T19:26:14,12,0,6,12
2022-08-25T19:35:29,12,0,6,12
2022-08-25T19:44:44,12,0,6,12
2022-08-25T19:54:14,12,0,6,12
2022-08-25T20:03:29,12,0,6,12
2022-08-25T20:12:47,12,0,6,12
2022-08-25T20:22:04,12,0,6,12
2022-08-25T20:31:21,12,0,6,12
2022-08-25T20:40:40,12,0,6,12
2022-08-25T20:50:01,12,0,6,12
2022-08-25T20:59:22,12,0,6,12
2022-08-25T21:08:39,12,0,6,12
2022-08-25T21:17:53,12,0,6,12
2022-08-25T21:27:08,12,0,6,12
2022-08-25T21:36:24,12,0,6,12
2022-08-25T21:45:39,12,0,6,12
2022-08-25T21:55:05,12,0,6,12
2022-08-25T22:04:19,12,0,6,12
2022-08-25T22:13:29,12,0,6,12
2022-08-25T22:22:39,12,0,6,12
2022-08-25T22:31:48,12,0,6,12
2022-08-25T22:40:52,12,0,6,12
2022-08-25T22:49:56,12,0,6,12
2022-08-25T22:59:01,12,0,6,12
2022-08-25T23:08:08,12,0,6,12
2022-08-25T23:17:13,12,0,6,12
2022-08-25T23:26:18,12,0,6,12
2022-08-25T23:35:24,12,0,6,12
2022-08-25T23:44:30,12,0,6,12
2022-08-25T23:53:34,12,0,6,12
2022-08-26T00:02:51,12,0,6,12
2022-08-26T00:12:01,12,0,6,12
2022-08-26T00:21:10,12,0,6,12
2022-08-26T00:30:16,12,0,6,12
2022-08-26T00:39:22,12,0,6,12
2022-08-26T00:48:28,12,0,6,12
2022-08-26T00:57:35,12,0,6,12
2022-08-26T01:06:41,12,0,6,12
2022-08-26T01:15:48,12,0,6,12
2022-08-26T01:24:55,12,0,6,12
2022-08-26T01:34:02,12,0,6,12
2022-08-26T01:43:08,12,0,6,12
2022-08-26T01:52:14,12,0,6,12
2022-08-26T02:01:20,12,0,6,12
2022-08-26T02:10:25,12,0,6,12
2022-08-26T02:19:29,12,0,6,12
2022-08-26T02:28:33,12,0,6,12
2022-08-26T02:37:39,12,0,6,12
2022-08-26T02:46:43,12,0,6,12
2022-08-26T02:55:50,12,0,6,12
2022-08-26T03:04:57,12,0,6,12
2022-08-26T03:14:04,12,0,6,12
2022-08-26T03:23:11,12,0,6,12
2022-08-26T03:32:18,12,0,6,12
2022-08-26T03:41:25,12,0,6,12
2022-08-26T03:50:32,12,0,6,12
2022-08-26T03:59:49,12,0,6,12
2022-08-26T04:08:56,12,0,6,12
2022-08-26T04:29:13,12,0,6,12
2022-08-26T04:38:43,12,0,6,12
2022-08-26T04:47:51,12,0,6,12
2022-08-26T04:56:59,12,0,6,12
2022-08-26T05:06:08,12,0,6,12
2022-08-26T05:15:16,12,0,6,12
2022-08-26T05:24:22,12,0,6,12
2022-08-26T05:33:30,12,0,6,12
2022-08-26T05:42:37,12,0,6,12
2022-08-26T05:51:45,12,0,6,12
2022-08-26T06:00:52,12,0,6,12
2022-08-26T06:09:59,12,0,6,12
2022-08-26T06:19:05,12,0,6,12
2022-08-26T06:28:11,12,0,6,12
2022-08-26T06:37:17,12,0,6,12
2022-08-26T06:46:22,12,0,6,12
2022-08-26T06:55:27,12,0,6,12
2022-08-26T07:04:32,12,0,6,12
2022-08-26T07:13:37,12,0,6,12
2022-08-26T07:22:43,12,0,6,12
2022-08-26T07:31:48,12,0,6,12
2022-08-26T07:40:54,12,0,6,12
2022-08-26T07:50:04,12,0,6,12
2022-08-26T07:59:13,12,0,6,12
2022-08-26T08:08:20,12,0,6,12
2022-08-26T08:17:25,12,0,6,12
2022-08-26T08:26:33,12,0,6,12
2022-08-26T08:35:39,12,0,6,12
2022-08-26T08:44:44,12,0,6,12
2022-08-26T08:53:50,12,0,6,12
2022-08-26T09:02:55,12,0,6,12
2022-08-26T09:12:01,12,0,6,12
2022-08-26T09:21:18,12,0,6,12
2022-08-26T09:30:24,12,0,6,12
2022-08-26T09:39:30,12,0,6,12
2022-08-26T09:48:36,12,0,6,12
2022-08-26T09:57:42,12,0,6,12
2022-08-26T10:06:49,12,0,6,12
2022-08-26T10:15:55,12,0,6,12
2022-08-26T10:25:02,12,0,6,12
2022-08-26T10:34:09,12,0,6,12
2022-08-26T10:43:18,12,0,6,12
2022-08-26T10:52:25,12,0,6,12
2022-08-26T11:01:31,12,0,6,12
2022-08-26T11:10:38,12,0,6,12
2022-08-26T11:19:45,12,0,6,12
2022-08-26T11:29:07,12,0,6,12
2022-08-26T11:38:14,12,0,6,12
2022-08-26T11:47:21,12,0,6,12
2022-08-26T11:56:30,12,0,6,12
2022-08-26T12:05:42,12,0,6,12
2022-08-26T12:14:49,12,0,6,12
2022-08-26T12:23:55,12,0,6,12
2022-08-26T12:33:01,12,0,6,12
2022-08-26T12:42:06,12,0,6,12
2022-08-26T12:51:12,12,0,6,12
2022-08-26T13:00:18,12,0,6,12
2022-08-26T13:09:24,12,0,6,12
2022-08-26T13:18:43,12,0,6,12
2022-08-26T13:27:53,12,0,6,12
2022-08-26T13:36:59,12,0,6,12
2022-08-26T13:46:05,12,0,6,12
2022-08-26T13:55:12,12,0,6,12
2022-08-26T14:04:19,12,0,6,12
2022-08-26T14:13:26,12,0,6,12
2022-08-26T14:22:33,12,0,6,12
2022-08-26T14:31:40,12,0,6,12
2022-08-26T14:40:46,12,0,6,12
2022-08-26T14:49:53,12,0,6,12
2022-08-26T14:59:10,12,0,6,12
2022-08-26T15:08:16,12,0,6,12
2022-08-26T15:17:22,12,0,6,12
2022-08-26T15:26:29,12,0,6,12
2022-08-26T15:35:36,12,0,6,12
2022-08-26T15:44:43,12,0,6,12
2022-08-26T15:53:49,12,0,6,12
2022-08-26T16:02:55,12,0,6,12
2022-08-26T16:12:01,12,0,6,12
2022-08-26T16:21:07,12,0,6,12
2022-08-26T16:30:14,12,0,6,12
2022-08-26T16:39:22,12,0,6,12
2022-08-26T16:48:41,12,0,6,12
2022-08-26T16:57:47,12,0,6,12
2022-08-26T17:06:53,12,0,6,12
2022-08-26T17:15:59,12,0,6,12
2022-08-26T17:25:05,12,0,6,12
2022-08-26T17:34:11,12,0,6,12
2022-08-26T17:43:16,12,0,6,12
2022-08-26T17:52:21,12,0,6,12
2022-08-26T18:01:27,12,0,6,12
2022-08-26T18:10:33,12,0,6,12
2022-08-26T18:19:38,12,0,6,12
2022-08-26T18:28:44,12,0,6,12
2022-08-26T18:37:50,12,0,6,12
2022-08-26T18:46:55,12,0,6,12
2022-08-26T18:56:00,12,0,6,12
2022-08-26T19:05:20,12,0,6,12
2022-08-26T19:14:26,12,0,6,12
2022-08-26T19:23:31,12,0,6,12
2022-08-26T19:32:37,12,0,6,12
2022-08-26T19:41:42,12,0,6,12
2022-08-26T19:50:47,12,0,6,12
2022-08-26T19:59:52,12,0,6,12
2022-08-26T20:08:57,12,0,6,12
2022-08-26T20:18:02,12,0,6,12
2022-08-26T20:27:08,12,0,6,12
2022-08-26T20:36:13,12,0,6,12
2022-08-26T20:45:17,12,0,6,12
2022-08-26T20:54:22,12,0,6,12
2022-08-26T21:03:37,12,0,6,12
2022-08-26T21:12:43,12,0,6,12
2022-08-26T21:21:47,12,0,6,12
2022-08-26T21:30:52,12,0,6,12
2022-08-26T21:39:56,12,0,6,12
2022-08-26T21:49:01,12,0,6,12
2022-08-26T21:58:05,12,0,6,12
2022-08-26T22:07:10,12,0,6,12
2022-08-26T22:16:15,12,0,6,12
2022-08-26T22:25:19,12,0,6,12
2022-08-26T22:34:25,12,0,6,12
2022-08-26T22:43:30,12,0,6,12
2022-08-26T22:52:36,12,0,6,12
2022-08-26T23:01:41,12,0,6,12
2022-08-26T23:10:47,12,0,6,12
2022-08-26T23:20:02,12,0,6,12
2022-08-26T23:29:07,12,0,6,12
2022-08-26T23:38:13,12,0,6,12
2022-08-26T23:47:18,12,0,6,12
2022-08-26T23:56:23,12,0,6,12
2022-08-27T00:05:34,12,0,6,12
2022-08-27T00:14:47,12,0,6,12
2022-08-27T00:23:56,12,0,6,12
2022-08-27T00:33:02,12,0,6,12
2022-08-27T00:42:08,12,0,6,12
2022-08-27T00:51:16,12,0,6,12
2022-08-27T01:00:24,12,0,6,12
2022-08-27T01:09:31,12,0,6,12
2022-08-27T01:18:39,12,0,6,12
2022-08-27T01:27:46,12,0,6,12
2022-08-27T01:36:52,12,0,6,12
2022-08-27T01:46:08,12,0,6,12
2022-08-27T01:55:17,12,0,6,12
2022-08-27T02:04:27,12,0,6,12
2022-08-27T02:13:34,12,0,6,12
2022-08-27T02:22:42,12,0,6,12
2022-08-27T02:31:53,12,0,6,12
2022-08-27T02:41:01,12,0,6,12
2022-08-27T02:50:06,12,0,6,12
2022-08-27T02:59:11,12,0,6,12
2022-08-27T03:08:15,12,0,6,12
2022-08-27T03:17:19,12,0,6,12
2022-08-27T03:26:25,12,0,6,12
2022-08-27T03:35:29,12,0,6,12
2022-08-27T03:44:36,12,0,6,12
2022-08-27T03:53:42,12,0,6,12
2022-08-27T04:02:48,12,0,6,12
2022-08-27T04:11:54,12,0,6,12
2022-08-27T04:27:43,12,0,6,12
2022-08-27T04:37:12,12,0,6,12
2022-08-27T04:46:18,12,0,6,12
2022-08-27T04:55:24,12,0,6,12
2022-08-27T05:04:29,12,0,6,12
2022-08-27T05:13:57,12,0,6,12
2022-08-27T05:23:05,12,0,6,12
2022-08-27T05:32:13,12,0,6,12
2022-08-27T05:41:20,12,0,6,12
2022-08-27T05:50:28,12,0,6,12
2022-08-27T05:59:35,12,0,6,12
2022-08-27T06:08:42,12,0,6,12
2022-08-27T06:17:49,12,0,6,12
2022-08-27T06:26:55,12,0,6,12
2022-08-27T06:36:02,12,0,6,12
2022-08-27T06:45:09,12,0,6,12
2022-08-27T06:54:19,12,0,6,12
2022-08-27T07:03:26,12,0,6,12
2022-08-27T07:12:33,12,0,6,12
2022-08-27T07:21:43,12,0,6,12
2022-08-27T07:30:50,12,0,6,12
2022-08-27T07:39:56,12,0,6,12
2022-08-27T07:49:02,12,0,6,12
2022-08-27T07:58:09,12,0,6,12
2022-08-27T08:07:16,12,0,6,12
2022-08-27T08:16:23,12,0,6,12
2022-08-27T08:25:30,12,0,6,12
2022-08-27T08:34:36,12,0,6,12
2022-08-27T08:43:43,12,0,6,12
2022-08-27T08:52:49,12,0,6,12
2022-08-27T09:01:55,12,0,6,12
2022-08-27T09:11:01,12,0,6,12
2022-08-27T09:20:07,12,0,6,12
2022-08-27T09:29:23,12,0,6,12
2022-08-27T09:38:29,12,0,6,12
2022-08-27T09:47:35,12,0,6,12
2022-08-27T09:56:40,12,0,6,12
2022-08-27T10:05:46,12,0,6,12
2022-08-27T10:14:52,12,0,6,12
2022-08-27T10:23:57,12,0,6,12
2022-08-27T10:33:01,12,0,6,12
2022-08-27T10:42:06,12,0,6,12
2022-08-27T10:51:11,12,0,6,12
2022-08-27T11:00:16,12,0,6,12
2022-08-27T11:09:21,12,0,6,12
2022-08-27T11:18:25,12,0,6,12
2022-08-27T11:27:30,12,0,6,12
2022-08-27T11:36:38,12,0,6,12
2022-08-27T11:45:43,12,0,6,12
2022-08-27T11:54:48,12,0,6,12
2022-08-27T12:03:53,12,0,6,12
2022-08-27T12:12:58,12,0,6,12
2022-08-27T12:22:12,12,0,6,12
2022-08-27T12:31:17,12,0,6,12
2022-08-27T12:40:21,12,0,6,12
2022-08-27T12:49:27,12,0,6,12
2022-08-27T12:58:31,12,0,6,12
2022-08-27T13:07:36,12,0,6,12
2022-08-27T13:16:40,12,0,6,12
2022-08-27T13:25:52,12,0,6,12
2022-08-27T13:34:56,12,0,6,12
2022-08-27T13:44:00,12,0,6,12
2022-08-27T13:53:05,12,0,6,12
2022-08-27T14:02:09,12,0,6,12
2022-08-27T14:11:14,12,0,6,12
2022-08-27T14:20:19,12,0,6,12
2022-08-27T14:29:25,12,0,6,12
2022-08-27T14:38:42,12,0,6,12
2022-08-27T14:47:46,12,0,6,12
2022-08-27T14:56:50,12,0,6,12
2022-08-27T15:05:54,12,0,6,12
2022-08-27T15:14:59,12,0,6,12
2022-08-27T15:24:04,12,0,6,12
2022-08-27T15:33:09,12,0,6,12
2022-08-27T15:42:14,12,0,6,12
2022-08-27T15:51:18,12,0,6,12
2022-08-27T16:00:23,12,0,6,12
2022-08-27T16:09:28,12,0,6,12
2022-08-27T16:18:32,12,0,6,12
2022-08-27T16:27:36,12,0,6,12
2022-08-27T16:36:41,12,0,6,12
2022-08-27T16:45:45,12,0,6,12
2022-08-27T16:54:50,12,0,6,12
2022-08-27T17:03:54,12,0,6,12
2022-08-27T17:12:59,12,0,6,12
2022-08-27T17:22:04,12,0,6,12
2022-08-27T17:31:18,12,0,6,12
2022-08-27T17:40:23,12,0,6,12
2022-08-27T17:49:27,12,0,6,12
2022-08-27T17:58:32,12,0,6,12
2022-08-27T18:07:37,12,0,6,12
2022-08-27T18:16:42,12,0,6,12
2022-08-27T18:25:47,12,0,6,12
2022-08-27T18:34:52,12,0,6,12
2022-08-27T18:43:57,12,0,6,12
2022-08-27T18:53:02,12,0,6,12
2022-08-27T19:02:08,12,0,6,12
2022-08-27T19:11:13,12,0,6,12
2022-08-27T19:20:18,12,0,6,12
2022-08-27T19:29:23,12,0,6,12
2022-08-27T19:38:29,12,0,6,12
2022-08-27T19:47:34,12,0,6,12
2022-08-27T19:56:39,12,0,6,12
2022-08-27T20:05:44,12,0,6,12
2022-08-27T20:14:49,12,0,6,12
2022-08-27T20:23:54,12,0,6,12
2022-08-27T20:33:08,12,0,6,12
2022-08-27T20:42:13,12,0,6,12
2022-08-27T20:51:18,12,0,6,12
2022-08-27T21:00:22,12,0,6,12
2022-08-27T21:09:27,12,0,6,12
2022-08-27T21:18:32,12,0,6,12
2022-08-27T21:27:39,12,0,6,12
2022-08-27T21:36:44,12,0,6,12
2022-08-27T21:45:48,12,0,6,12
2022-08-27T21:54:53,12,0,6,12
2022-08-27T22:03:57,12,0,6,12
2022-08-27T22:13:03,12,0,6,12
2022-08-27T22:22:08,12,0,6,12
2022-08-27T22:31:22,12,0,6,12
2022-08-27T22:40:26,12,0,6,12
2022-08-27T22:49:30,12,0,6,12
2022-08-27T22:58:35,12,0,6,12
2022-08-27T23:07:41,12,0,6,12
2022-08-27T23:16:46,12,0,6,12
2022-08-27T23:25:50,12,0,6,12
2022-08-27T23:34:55,12,0,6,12
2022-08-27T23:43:59,12,0,6,12
2022-08-27T23:53:04,12,0,6,12
2022-08-28T00:02:19,12,0,6,12
2022-08-28T00:11:25,12,0,6,12
2022-08-28T00:20:33,12,0,6,12
2022-08-28T00:29:39,12,0,6,12
2022-08-28T00:38:45,12,0,6,12
2022-08-28T00:47:50,12,0,6,12
2022-08-28T00:56:56,12,0,6,12
2022-08-28T01:06:01,12,0,6,12
2022-08-28T01:15:06,12,0,6,12
2022-08-28T01:24:11,12,0,6,12
2022-08-28T01:33:15,12,0,6,12
2022-08-28T01:42:20,12,0,6,12
2022-08-28T01:51:25,12,0,6,12
2022-08-28T02:00:30,12,0,6,12
2022-08-28T02:09:35,12,0,6,12
2022-08-28T02:18:40,12,0,6,12
2022-08-28T02:27:45,12,0,6,12
2022-08-28T02:36:59,12,0,6,12
2022-08-28T02:46:13,12,0,6,12
2022-08-28T02:55:21,12,0,6,12
2022-08-28T03:04:30,12,0,6,12
2022-08-28T03:13:49,12,0,6,12
2022-08-28T03:22:58,12,0,6,12
2022-08-28T03:32:06,12,0,6,12
2022-08-28T03:41:13,12,0,6,12
2022-08-28T03:50:20,12,0,6,12
2022-08-28T03:59:27,12,0,6,12
2022-08-28T04:08:35,12,0,6,12
2022-08-28T04:27:38,12,0,6,12
2022-08-28T04:37:10,12,0,6,12
2022-08-28T04:46:19,12,0,6,12
2022-08-28T04:55:27,12,0,6,12
2022-08-28T05:04:37,12,0,6,12
2022-08-28T05:13:49,12,0,6,12
2022-08-28T05:22:58,12,0,6,12
2022-08-28T05:32:04,12,0,6,12
2022-08-28T05:41:12,12,0,6,12
2022-08-28T05:50:19,12,0,6,12
2022-08-28T05:59:26,12,0,6,12
2022-08-28T06:08:34,12,0,6,12
2022-08-28T06:17:41,12,0,6,12
2022-08-28T06:26:48,12,0,6,12
2022-08-28T06:35:53,12,0,6,12
2022-08-28T06:44:57,12,0,6,12
2022-08-28T06:54:02,12,0,6,12
2022-08-28T07:03:07,12,0,6,12
2022-08-28T07:12:12,12,0,6,12
2022-08-28T07:21:17,12,0,6,12
2022-08-28T07:30:22,12,0,6,12
2022-08-28T07:39:27,12,0,6,12
2022-08-28T07:48:32,12,0,6,12
2022-08-28T07:57:37,12,0,6,12
2022-08-28T08:06:42,12,0,6,12
2022-08-28T08:15:47,12,0,6,12
2022-08-28T08:24:53,12,0,6,12
2022-08-28T08:33:58,12,0,6,12
2022-08-28T08:43:03,12,0,6,12
2022-08-28T08:52:07,12,0,6,12
2022-08-28T09:01:12,12,0,6,12
2022-08-28T09:10:17,12,0,6,12
2022-08-28T09:19:22,12,0,6,12
2022-08-28T09:28:27,12,0,6,12
2022-08-28T09:37:32,12,0,6,12
2022-08-28T09:46:37,12,0,6,12
2022-08-28T09:55:42,12,0,6,12
2022-08-28T10:04:46,12,0,6,12
2022-08-28T10:13:52,12,0,6,12
2022-08-28T10:22:58,12,0,6,12
2022-08-28T10:32:06,12,0,6,12
2022-08-28T10:41:20,12,0,6,12
2022-08-28T10:50:26,12,0,6,12
2022-08-28T10:59:31,12,0,6,12
2022-08-28T11:08:36,12,0,6,12
2022-08-28T11:17:42,12,0,6,12
2022-08-28T11:26:47,12,0,6,12
2022-08-28T11:35:53,12,0,6,12
2022-08-28T11:44:58,12,0,6,12
2022-08-28T11:54:04,12,0,6,12
2022-08-28T12:03:09,12,0,6,12
2022-08-28T12:12:15,12,0,6,12
2022-08-28T12:21:21,12,0,6,12
2022-08-28T12:30:26,12,0,6,12
2022-08-28T12:39:31,12,0,6,12
2022-08-28T12:48:36,12,0,6,12
2022-08-28T12:57:41,12,0,6,12
2022-08-28T13:06:46,12,0,6,12
2022-08-28T13:15:51,12,0,6,12
2022-08-28T13:24:55,12,0,6,12
2022-08-28T13:34:11,12,0,6,12
2022-08-28T13:43:16,12,0,6,12
2022-08-28T13:52:21,12,0,6,12
2022-08-28T14:01:26,12,0,6,12
2022-08-28T14:10:31,12,0,6,12
2022-08-28T14:19:36,12,0,6,12
2022-08-28T14:28:41,12,0,6,12
2022-08-28T14:37:46,12,0,6,12
2022-08-28T14:46:51,12,0,6,12
2022-08-28T14:55:55,12,0,6,12
2022-08-28T15:05:02,12,0,6,12
2022-08-28T15:14:09,12,0,6,12
2022-08-28T15:23:14,12,0,6,12
2022-08-28T15:32:20,12,0,6,12
2022-08-28T15:41:25,12,0,6,12
2022-08-28T15:50:40,12,0,6,12
2022-08-28T15:59:45,12,0,6,12
2022-08-28T16:08:50,12,0,6,12
2022-08-28T16:17:56,12,0,6,12
2022-08-28T16:27:01,12,0,6,12
2022-08-28T16:36:06,12,0,6,12
2022-08-28T16:45:11,12,0,6,12
2022-08-28T16:54:16,12,0,6,12
2022-08-28T17:03:21,12,0,6,12
2022-08-28T17:12:26,12,0,6,12
2022-08-28T17:21:31,12,0,6,12
2022-08-28T17:30:36,12,0,6,12
2022-08-28T17:39:40,12,0,6,12
2022-08-28T17:48:46,12,0,6,12
2022-08-28T17:57:51,12,0,6,12
2022-08-28T18:06:56,12,0,6,12
2022-08-28T18:16:11,12,0,6,12
2022-08-28T18:25:15,12,0,6,12
2022-08-28T18:34:20,12,0,6,12
2022-08-28T18:43:25,12,0,6,12
2022-08-28T18:52:31,12,0,6,12
2022-08-28T19:01:37,12,0,6,12
2022-08-28T19:10:44,12,0,6,12
2022-08-28T19:19:49,12,0,6,12
2022-08-28T19:28:54,12,0,6,12
2022-08-28T19:38:00,12,0,6,12
2022-08-28T19:47:05,12,0,6,12
2022-08-28T19:56:10,12,0,6,12
2022-08-28T20:05:16,12,0,6,12
2022-08-28T20:14:32,12,0,6,12
2022-08-28T20:23:37,12,0,6,12
2022-08-28T20:32:42,12,0,6,12
2022-08-28T20:41:47,12,0,6,12
2022-08-28T20:50:52,12,0,6,12
2022-08-28T20:59:57,12,0,6,12
2022-08-28T21:09:02,12,0,6,12
2022-08-28T21:18:07,12,0,6,12
2022-08-28T21:27:12,12,0,6,12
2022-08-28T21:36:17,12,0,6,12
2022-08-28T21:45:21,12,0,6,12
2022-08-28T21:54:26,12,0,6,12
2022-08-28T22:03:31,12,0,6,12
2022-08-28T22:12:36,12,0,6,12
2022-08-28T22:21:41,12,0,6,12
2022-08-28T22:30:46,12,0,6,12
2022-08-28T22:39:50,12,0,6,12
2022-08-28T22:48:55,12,0,6,12
2022-08-28T22:58:10,12,0,6,12
2022-08-28T23:07:16,12,0,6,12
2022-08-28T23:16:22,12,0,6,12
2022-08-28T23:25:28,12,0,6,12
2022-08-28T23:34:33,12,0,6,12
2022-08-28T23:43:39,12,0,6,12
2022-08-28T23:52:44,12,0,6,12
2022-08-29T00:01:49,12,0,6,12
2022-08-29T00:10:55,12,0,6,12
2022-08-29T00:20:06,12,0,6,12
2022-08-29T00:29:14,12,0,6,12
2022-08-29T00:38:21,12,0,6,12
2022-08-29T00:47:27,12,0,6,12
2022-08-29T00:56:35,12,0,6,12
2022-08-29T01:05:42,12,0,6,12
2022-08-29T01:14:52,12,0,6,12
2022-08-29T01:24:01,12,0,6,12
2022-08-29T01:33:09,12,0,6,12
2022-08-29T01:42:16,12,0,6,12
2022-08-29T01:51:24,12,0,6,12
2022-08-29T02:00:32,12,0,6,12
2022-08-29T02:09:40,12,0,6,12
2022-08-29T02:18:47,12,0,6,12
2022-08-29T02:28:03,12,0,6,12
2022-08-29T02:37:10,12,0,6,12
2022-08-29T02:46:15,12,0,6,12
2022-08-29T02:55:20,12,0,6,12
2022-08-29T03:04:26,12,0,6,12
2022-08-29T03:13:33,12,0,6,12
2022-08-29T03:22:39,12,0,6,12
2022-08-29T03:31:45,12,0,6,12
2022-08-29T03:40:52,12,0,6,12
2022-08-29T03:50:00,12,0,6,12
2022-08-29T03:59:08,12,0,6,12
2022-08-29T04:08:15,12,0,6,12
2022-08-29T04:27:59,12,0,6,12
2022-08-29T04:37:08,12,0,6,12
2022-08-29T04:46:17,12,0,6,12
2022-08-29T04:55:26,12,0,6,12
2022-08-29T05:04:34,12,0,6,12
2022-08-29T05:13:39,12,0,6,12
2022-08-29T05:22:45,12,0,6,12
2022-08-29T05:31:52,12,0,6,12
2022-08-29T05:40:58,12,0,6,12
2022-08-29T05:50:04,12,0,6,12
2022-08-29T05:59:11,12,0,6,12
2022-08-29T06:08:18,12,0,6,12
2022-08-29T06:17:25,12,0,6,12
2022-08-29T06:26:34,12,0,6,12
2022-08-29T06:35:40,12,0,6,12
2022-08-29T06:44:47,12,0,6,12
2022-08-29T06:53:54,12,0,6,12
2022-08-29T07:03:00,12,0,6,12
2022-08-29T07:12:06,12,0,6,12
2022-08-29T07:21:12,12,0,6,12
2022-08-29T07:30:18,12,0,6,12
2022-08-29T07:39:24,12,0,6,12
2022-08-29T07:48:30,12,0,6,12
2022-08-29T07:57:35,12,0,6,12
2022-08-29T08:06:42,12,0,6,12
2022-08-29T08:15:48,12,0,6,12
2022-08-29T08:24:54,12,0,6,12
2022-08-29T08:34:01,12,0,6,12
2022-08-29T08:43:08,12,0,6,12
2022-08-29T08:52:14,12,0,6,12
2022-08-29T09:01:21,12,0,6,12
2022-08-29T09:10:37,12,0,6,12
2022-08-29T09:19:45,12,0,6,12
2022-08-29T09:28:52,12,0,6,12
2022-08-29T09:37:58,12,0,6,12
2022-08-29T09:47:05,12,0,6,12
2022-08-29T09:56:16,12,0,6,12
2022-08-29T10:05:26,12,0,6,12
2022-08-29T10:14:33,12,0,6,12
2022-08-29T10:23:40,12,0,6,12
2022-08-29T10:32:47,12,0,6,12
2022-08-29T10:41:54,12,0,6,12
2022-08-29T10:51:12,12,0,6,12
2022-08-29T11:00:21,12,0,6,12
2022-08-29T11:09:29,12,0,6,12
2022-08-29T11:18:36,12,0,6,12
2022-08-29T11:27:46,12,0,6,12
2022-08-29T11:36:54,12,0,6,12
2022-08-29T11:46:01,12,0,6,12
2022-08-29T11:55:09,12,0,6,12
2022-08-29T12:04:16,12,0,6,12
2022-08-29T12:13:23,12,0,6,12
2022-08-29T12:22:32,12,0,6,12
2022-08-29T12:31:49,12,0,6,12
2022-08-29T12:40:55,12,0,6,12
2022-08-29T12:50:02,12,0,6,12
2022-08-29T12:59:09,12,0,6,12
2022-08-29T13:08:17,12,0,6,12
2022-08-29T13:17:25,12,0,6,12
2022-08-29T13:26:32,12,0,6,12
2022-08-29T13:35:39,12,0,6,12
2022-08-29T13:44:47,12,0,6,12
2022-08-29T13:54:11,12,0,6,12
2022-08-29T14:03:19,12,0,6,12
2022-08-29T14:12:26,12,0,6,12
2022-08-29T14:21:34,12,0,6,12
2022-08-29T14:30:42,12,0,6,12
2022-08-29T14:39:52,12,0,6,12
2022-08-29T14:49:00,12,0,6,12
2022-08-29T14:58:09,12,0,6,12
2022-08-29T15:07:17,12,0,6,12
2022-08-29T15:16:28,12,0,6,12
2022-08-29T15:25:38,12,0,6,12
2022-08-29T15:34:48,12,0,6,12
2022-08-29T15:44:09,12,0,6,12
2022-08-29T15:53:17,12,0,6,12
2022-08-29T16:02:26,12,0,6,12
2022-08-29T16:11:35,12,0,6,12
2022-08-29T16:20:43,12,0,6,12
2022-08-29T16:29:53,12,0,6,12
2022-08-29T16:39:06,12,0,6,12
2022-08-29T16:48:15,12,0,6,12
2022-08-29T16:57:23,12,0,6,12
2022-08-29T17:06:51,12,0,6,12
2022-08-29T17:16:00,12,0,6,12
2022-08-29T17:25:09,12,0,6,12
2022-08-29T17:34:17,12,0,6,12
2022-08-29T17:43:24,12,0,6,12
2022-08-29T17:52:31,12,0,6,12
2022-08-29T18:01:38,12,0,6,12
2022-08-29T18:10:44,12,0,6,12
2022-08-29T18:20:01,12,0,6,12
2022-08-29T18:29:08,12,0,6,12
2022-08-29T18:38:15,12,0,6,12
2022-08-29T18:47:22,12,0,6,12
2022-08-29T18:56:28,12,0,6,12
2022-08-29T19:05:34,12,0,6,12
2022-08-29T19:14:42,12,0,6,12
2022-08-29T19:23:48,12,0,6,12
2022-08-29T19:32:55,12,0,6,12
2022-08-29T19:42:00,12,0,6,12
2022-08-29T19:51:06,12,0,6,12
2022-08-29T20:00:11,12,0,6,12
2022-08-29T20:09:17,12,0,6,12
2022-08-29T20:18:45,12,0,6,12
2022-08-29T20:27:52,12,0,6,12
2022-08-29T20:36:58,12,0,6,12
2022-08-29T20:46:04,12,0,6,12
2022-08-29T20:55:09,12,0,6,12
2022-08-29T21:04:15,12,0,6,12
2022-08-29T21:13:20,12,0,6,12
2022-08-29T21:22:26,12,0,6,12
2022-08-29T21:31:32,12,0,6,12
2022-08-29T21:40:37,12,0,6,12
2022-08-29T21:49:53,12,0,6,12
2022-08-29T21:58:58,12,0,6,12
2022-08-29T22:08:03,12,0,6,12
2022-08-29T22:17:09,12,0,6,12
2022-08-29T22:26:14,12,0,6,12
2022-08-29T22:35:20,12,0,6,12
2022-08-29T22:44:25,12,0,6,12
2022-08-29T22:53:31,12,0,6,12
2022-08-29T23:02:36,12,0,6,12
2022-08-29T23:11:54,12,0,6,12
2022-08-29T23:20:59,12,0,6,12
2022-08-29T23:30:05,12,0,6,12
2022-08-29T23:39:11,12,0,6,12
2022-08-29T23:48:16,12,0,6,12
2022-08-29T23:57:22,12,0,6,12
2022-08-30T00:06:28,12,0,6,12
2022-08-30T00:15:38,12,0,6,12
2022-08-30T00:24:49,12,0,6,12
2022-08-30T00:33:56,12,0,6,12
2022-08-30T00:43:05,12,0,6,12
2022-08-30T00:52:13,12,0,6,12
2022-08-30T01:01:22,12,0,6,12
2022-08-30T01:10:31,12,0,6,12
2022-08-30T01:19:40,12,0,6,12
2022-08-30T01:28:48,12,0,6,12
2022-08-30T01:37:56,12,0,6,12
2022-08-30T01:47:13,12,0,6,12
2022-08-30T01:56:23,12,0,6,12
2022-08-30T02:05:31,12,0,6,12
2022-08-30T02:14:37,12,0,6,12
2022-08-30T02:23:43,12,0,6,12
2022-08-30T02:32:49,12,0,6,12
2022-08-30T02:41:55,12,0,6,12
2022-08-30T02:51:01,12,0,6,12
2022-08-30T03:00:09,12,0,6,12
2022-08-30T03:09:15,12,0,6,12
2022-08-30T03:18:20,12,0,6,12
2022-08-30T03:27:27,12,0,6,12
2022-08-30T03:36:41,12,0,6,12
2022-08-30T03:45:55,12,0,6,12
2022-08-30T03:55:09,12,0,6,12
2022-08-30T04:04:24,12,0,6,12
2022-08-30T04:26:34,12,0,6,12
2022-08-30T04:36:12,12,0,6,12
2022-08-30T04:45:29,12,0,6,12
2022-08-30T04:54:43,12,0,6,12
2022-08-30T05:03:57,12,0,6,12
2022-08-30T05:13:09,12,0,6,12
2022-08-30T05:22:21,12,0,6,12
2022-08-30T05:31:31,12,0,6,12
2022-08-30T05:40:39,12,0,6,12
2022-08-30T05:49:48,12,0,6,12
2022-08-30T05:59:00,12,0,6,12
2022-08-30T06:08:10,12,0,6,12
2022-08-30T06:17:22,12,0,6,12
2022-08-30T06:26:30,12,0,6,12
2022-08-30T06:35:38,12,0,6,12
2022-08-30T06:44:49,12,0,6,12
2022-08-30T06:53:58,12,0,6,12
2022-08-30T07:03:08,12,0,6,12
2022-08-30T07:12:19,12,0,6,12
2022-08-30T07:21:27,12,0,6,12
2022-08-30T07:30:35,12,0,6,12
2022-08-30T07:39:45,12,0,6,12
2022-08-30T07:48:53,12,0,6,12
2022-08-30T07:58:03,12,0,6,12
2022-08-30T08:07:11,12,0,6,12
2022-08-30T08:16:19,12,0,6,12
2022-08-30T08:25:26,12,0,6,12
2022-08-30T08:34:34,12,0,6,12
2022-08-30T08:43:41,12,0,6,12
2022-08-30T08:52:48,12,0,6,12
2022-08-30T09:01:56,12,0,6,12
2022-08-30T09:11:05,12,0,6,12
2022-08-30T09:20:23,12,0,6,12
2022-08-30T09:29:31,12,0,6,12
2022-08-30T09:38:39,12,0,6,12
2022-08-30T09:47:47,12,0,6,12
2022-08-30T09:56:55,12,0,6,12
2022-08-30T10:06:03,12,0,6,12
2022-08-30T10:15:11,12,0,6,12
2022-08-30T10:24:19,12,0,6,12
2022-08-30T10:33:27,12,0,6,12
2022-08-30T10:42:47,12,0,6,12
2022-08-30T10:51:55,12,0,6,12
2022-08-30T11:01:03,12,0,6,12
2022-08-30T11:10:12,12,0,6,12
2022-08-30T11:19:20,12,0,6,12
2022-08-30T11:28:29,12,0,6,12
2022-08-30T11:37:37,12,0,6,12
2022-08-30T11:46:46,12,0,6,12
2022-08-30T11:55:55,12,0,6,12
2022-08-30T12:05:02,12,0,6,12
2022-08-30T12:14:10,12,0,6,12
2022-08-30T12:23:27,12,0,6,12
2022-08-30T12:32:35,12,0,6,12
2022-08-30T12:41:42,12,0,6,12
2022-08-30T12:50:49,12,0,6,12
2022-08-30T12:59:57,12,0,6,12
2022-08-30T13:09:04,12,0,6,12
2022-08-30T13:18:12,12,0,6,12
2022-08-30T13:27:22,12,0,6,12
2022-08-30T13:36:31,12,0,6,12
2022-08-30T13:45:39,12,0,6,12
2022-08-30T13:54:47,12,0,6,12
2022-08-30T14:03:55,12,0,6,12
2022-08-30T14:13:14,12,0,6,12
2022-08-30T14:22:22,12,0,6,12
2022-08-30T14:31:29,12,0,6,12
2022-08-30T14:40:37,12,0,6,12
2022-08-30T14:49:45,12,0,6,12
2022-08-30T14:58:53,12,0,6,12
2022-08-30T15:08:01,12,0,6,12
2022-08-30T15:17:09,12,0,6,12
2022-08-30T15:26:27,12,0,6,12
2022-08-30T15:35:37,12,0,6,12
2022-08-30T15:44:45,12,0,6,12
2022-08-30T15:53:52,12,0,6,12
2022-08-30T16:02:59,12,0,6,12
2022-08-30T16:12:07,12,0,6,12
2022-08-30T16:21:14,12,0,6,12
2022-08-30T16:30:23,12,0,6,12
2022-08-30T16:39:31,12,0,6,12
2022-08-30T16:48:38,12,0,6,12
2022-08-30T16:57:45,12,0,6,12
2022-08-30T17:07:02,12,0,6,12
2022-08-30T17:16:09,12,0,6,12
2022-08-30T17:25:15,12,0,6,12
2022-08-30T17:34:22,12,0,6,12
2022-08-30T17:43:28,12,0,6,12
2022-08-30T17:52:34,12,0,6,12
2022-08-30T18:01:41,12,0,6,12
2022-08-30T18:10:50,12,0,6,12
2022-08-30T18:20:00,12,0,6,12
2022-08-30T18:29:07,12,0,6,12
2022-08-30T18:38:14,12,0,6,12
2022-08-30T18:47:20,12,0,6,12
2022-08-30T18:56:26,12,0,6,12
2022-08-30T19:05:33,12,0,6,12
2022-08-30T19:14:50,12,0,6,12
2022-08-30T19:23:56,12,0,6,12
2022-08-30T19:33:03,12,0,6,12
2022-08-30T19:42:09,12,0,6,12
2022-08-30T19:51:16,12,0,6,12
2022-08-30T20:00:22,12,0,6,12
2022-08-30T20:09:29,12,0,6,12
2022-08-30T20:18:35,12,0,6,12
2022-08-30T20:27:41,12,0,6,12
2022-08-30T20:36:47,12,0,6,12
2022-08-30T20:45:53,12,0,6,12
2022-08-30T20:55:00,12,0,6,12
2022-08-30T21:04:06,12,0,6,12
2022-08-30T21:13:24,12,0,6,12
2022-08-30T21:22:30,12,0,6,12
2022-08-30T21:31:36,12,0,6,12
2022-08-30T21:40:42,12,0,6,12
2022-08-30T21:49:48,12,0,6,12
2022-08-30T21:58:55,12,0,6,12
2022-08-30T22:08:01,12,0,6,12
2022-08-30T22:17:08,12,0,6,12
2022-08-30T22:26:14,12,0,6,12
2022-08-30T22:35:20,12,0,6,12
2022-08-30T22:44:26,12,0,6,12
2022-08-30T22:53:32,12,0,6,12
2022-08-30T23:02:38,12,0,6,12
2022-08-30T23:11:56,12,0,6,12
2022-08-30T23:21:02,12,0,6,12
2022-08-30T23:30:08,12,0,6,12
2022-08-30T23:39:14,12,0,6,12
2022-08-30T23:48:20,12,0,6,12
2022-08-30T23:57:26,12,0,6,12
2022-08-31T00:06:33,12,0,6,12
2022-08-31T00:15:43,12,0,6,12
2022-08-31T00:24:52,12,0,6,12
2022-08-31T00:33:59,12,0,6,12
2022-08-31T00:43:06,12,0,6,12
2022-08-31T00:52:14,12,0,6,12
2022-08-31T01:01:22,12,0,6,12
2022-08-31T01:10:44,12,0,6,12
2022-08-31T01:19:53,12,0,6,12
2022-08-31T01:29:03,12,0,6,12
2022-08-31T01:38:12,12,0,6,12
2022-08-31T01:47:19,12,0,6,12
2022-08-31T01:56:26,12,0,6,12
2022-08-31T02:05:34,12,0,6,12
2022-08-31T02:14:44,12,0,6,12
2022-08-31T02:24:02,12,0,6,12
2022-08-31T02:33:12,12,0,6,12
2022-08-31T02:42:19,12,0,6,12
2022-08-31T02:51:27,12,0,6,12
2022-08-31T03:00:33,12,0,6,12
2022-08-31T03:09:40,12,0,6,12
2022-08-31T03:18:47,12,0,6,12
2022-08-31T03:27:54,12,0,6,12
2022-08-31T03:37:03,12,0,6,12
2022-08-31T03:46:11,12,0,6,12
2022-08-31T03:55:19,12,0,6,12
2022-08-31T04:04:27,12,0,6,12
2022-08-31T04:13:36,12,0,6,12
2022-08-31T04:31:01,12,0,6,12
2022-08-31T04:40:33,12,0,6,12
2022-08-31T04:49:43,12,0,6,12
2022-08-31T04:58:53,12,0,6,12
2022-08-31T05:08:05,12,0,6,12
2022-08-31T05:17:13,12,0,6,12
2022-08-31T05:26:20,12,0,6,12
2022-08-31T05:35:27,12,0,6,12
2022-08-31T05:44:33,12,0,6,12
2022-08-31T05:53:40,12,0,6,12
2022-08-31T06:02:47,12,0,6,12
2022-08-31T06:11:55,12,0,6,12
2022-08-31T06:21:03,12,0,6,12
2022-08-31T06:30:11,12,0,6,12
2022-08-31T06:39:21,12,0,6,12
2022-08-31T06:48:27,12,0,6,12
2022-08-31T06:57:33,12,0,6,12
2022-08-31T07:06:41,12,0,6,12
2022-08-31T07:15:49,12,0,6,12
2022-08-31T07:24:56,12,0,6,12
2022-08-31T07:34:03,12,0,6,12
2022-08-31T07:43:10,12,0,6,12
2022-08-31T07:52:17,12,0,6,12
2022-08-31T08:01:24,12,0,6,12
2022-08-31T08:10:32,12,0,6,12
2022-08-31T08:19:39,12,0,6,12
2022-08-31T08:28:47,12,0,6,12
2022-08-31T08:38:07,12,0,6,12
2022-08-31T08:47:14,12,0,6,12
2022-08-31T08:56:21,12,0,6,12
2022-08-31T09:05:29,12,0,6,12
2022-08-31T09:14:36,12,0,6,12
2022-08-31T09:23:44,12,0,6,12
2022-08-31T09:32:51,12,0,6,12
2022-08-31T09:41:58,12,0,6,12
2022-08-31T09:51:06,12,0,6,12
2022-08-31T10:15:48,12,0,6,12
2022-08-31T10:38:03,12,0,6,12
2022-08-31T10:47:12,12,0,6,12
2022-08-31T10:56:21,12,0,6,12
2022-08-31T11:05:30,12,0,6,12
2022-08-31T11:14:39,12,0,6,12
2022-08-31T11:23:48,12,0,6,12
2022-08-31T11:32:55,12,0,6,12
2022-08-31T11:42:04,12,0,6,12
2022-08-31T11:51:12,12,0,6,12
2022-08-31T12:00:21,12,0,6,12
2022-08-31T12:09:31,12,0,6,12
2022-08-31T12:18:43,12,0,6,12
2022-08-31T12:28:00,12,0,6,12
2022-08-31T12:37:07,12,0,6,12
2022-08-31T12:46:15,12,0,6,12
2022-08-31T12:55:22,12,0,6,12
2022-08-31T13:04:30,12,0,6,12
2022-08-31T13:13:38,12,0,6,12
2022-08-31T13:22:49,12,0,6,12
2022-08-31T13:31:57,12,0,6,12
2022-08-31T13:41:06,12,0,6,12
2022-08-31T13:50:15,12,0,6,12
2022-08-31T13:59:23,12,0,6,12
2022-08-31T14:08:31,12,0,6,12
2022-08-31T14:17:40,12,0,6,12
2022-08-31T14:26:48,12,0,6,12
2022-08-31T14:35:58,12,0,6,12
2022-08-31T14:45:20,12,0,6,12
2022-08-31T14:54:31,12,0,6,12
2022-08-31T15:03:45,12,0,6,12
2022-08-31T15:12:54,12,0,6,12
2022-08-31T15:22:02,12,0,6,12
2022-08-31T15:31:14,12,0,6,12
2022-08-31T15:40:22,12,0,6,12
2022-08-31T15:49:30,12,0,6,12
2022-08-31T15:58:40,12,0,6,12
2022-08-31T16:07:50,12,0,6,12
2022-08-31T16:17:00,12,0,6,12
2022-08-31T16:26:08,12,0,6,12
2022-08-31T16:35:27,12,0,6,12
2022-08-31T16:44:36,12,0,6,12
2022-08-31T16:53:45,12,0,6,12
2022-08-31T17:02:53,12,0,6,12
2022-08-31T17:12:02,12,0,6,12
2022-08-31T17:21:10,12,0,6,12
2022-08-31T17:30:17,12,0,6,12
2022-08-31T17:44:57,12,0,6,12
2022-08-31T17:54:04,12,0,6,12
2022-08-31T18:03:12,12,0,6,12
2022-08-31T18:12:19,12,0,6,12
2022-08-31T18:21:26,12,0,6,12
2022-08-31T18:30:33,12,0,6,12
2022-08-31T18:39:40,12,0,6,12
2022-08-31T18:48:48,12,0,6,12
2022-08-31T18:57:55,12,0,6,12
2022-08-31T19:07:14,12,0,6,12
2022-08-31T19:16:21,12,0,6,12
2022-08-31T19:25:30,12,0,6,12
2022-08-31T19:34:37,12,0,6,12
2022-08-31T19:43:44,12,0,6,12
2022-08-31T19:52:51,12,0,5,12
2022-08-31T20:01:58,12,0,5,12
2022-08-31T20:11:06,12,0,5,12
2022-08-31T20:20:14,12,0,5,12
2022-08-31T20:29:21,12,0,5,12
2022-08-31T20:38:27,12,0,5,12
2022-08-31T20:47:34,12,0,5,12
2022-08-31T20:56:41,12,0,5,12
2022-08-31T21:05:48,12,0,5,12
2022-08-31T21:14:54,12,0,5,12
2022-08-31T21:24:13,12,0,5,12
2022-08-31T21:33:19,12,0,5,12
2022-08-31T21:42:26,12,0,5,12
2022-08-31T21:51:33,12,0,5,12
2022-08-31T22:00:40,12,0,5,12
2022-08-31T22:09:47,12,0,5,12
2022-08-31T22:18:54,12,0,5,12
2022-08-31T22:28:01,12,0,5,12
2022-08-31T22:37:08,12,0,5,12
2022-08-31T22:46:15,12,0,5,12
2022-08-31T22:55:21,12,0,5,12
2022-08-31T23:04:29,12,0,5,12
2022-08-31T23:13:36,12,0,5,12
2022-08-31T23:22:43,12,0,5,12
2022-08-31T23:31:50,12,0,5,12
2022-08-31T23:40:57,12,0,5,12
2022-08-31T23:50:03,12,0,5,12
2022-08-31T23:59:10,12,0,5,12
2022-09-01T00:08:28,12,0,5,12
2022-09-01T00:17:41,12,0,5,12
2022-09-01T00:26:49,12,0,5,12
2022-09-01T00:35:58,12,0,5,12
2022-09-01T00:45:07,12,0,5,12
2022-09-01T00:54:16,12,0,5,12
2022-09-01T01:03:26,12,0,5,12
2022-09-01T01:12:34,12,0,5,12
2022-09-01T01:21:42,12,0,5,12
2022-09-01T01:30:51,12,0,5,12
2022-09-01T01:39:57,12,0,5,12
2022-09-01T01:49:02,12,0,5,12
2022-09-01T01:58:12,12,0,5,12
2022-09-01T02:07:18,12,0,5,12
2022-09-01T02:16:22,12,0,5,12
2022-09-01T02:25:26,12,0,5,12
2022-09-01T02:34:29,12,0,5,12
2022-09-01T02:43:33,12,0,5,12
2022-09-01T02:52:36,12,0,5,12
2022-09-01T03:01:39,12,0,5,12
2022-09-01T03:10:43,12,0,5,12
2022-09-01T03:19:46,12,0,5,12
2022-09-01T03:28:49,12,0,5,12
2022-09-01T03:37:53,12,0,5,12
2022-09-01T03:46:58,12,0,5,12
2022-09-01T03:58:05,12,0,5,12
2022-09-01T04:07:34,12,0,5,12
2022-09-01T04:25:14,12,0,5,12
2022-09-01T04:34:44,12,0,5,12
2022-09-01T04:43:52,12,0,5,12
2022-09-01T04:53:00,12,0,5,12
2022-09-01T05:02:06,12,0,5,12
2022-09-01T05:11:13,12,0,5,12
2022-09-01T05:20:18,12,0,5,12
2022-09-01T05:29:23,12,0,5,12
2022-09-01T05:38:29,12,0,5,12
2022-09-01T05:47:34,12,0,5,12
2022-09-01T05:56:41,12,0,5,12
2022-09-01T06:05:47,12,0,5,12
2022-09-01T06:14:54,12,0,5,12
2022-09-01T06:23:59,12,0,5,12
2022-09-01T06:33:04,12,0,5,12
2022-09-01T06:42:10,12,0,5,12
2022-09-01T06:51:14,12,0,5,12
2022-09-01T07:00:18,12,0,5,12
2022-09-01T07:09:24,12,0,5,12
2022-09-01T07:18:28,12,0,5,12
2022-09-01T07:27:33,12,0,5,12
2022-09-01T07:36:39,12,0,5,12
2022-09-01T07:45:45,12,0,5,12
2022-09-01T07:54:51,12,0,5,12
2022-09-01T08:03:58,12,0,5,12
2022-09-01T08:13:04,12,0,5,12
2022-09-01T08:22:10,12,0,5,12
2022-09-01T08:31:17,12,0,5,12
2022-09-01T08:40:24,12,0,5,12
2022-09-01T08:49:28,12,0,5,12
2022-09-01T08:58:36,12,0,5,12
2022-09-01T09:07:41,12,0,5,12
2022-09-01T09:16:46,12,0,5,12
2022-09-01T09:25:51,12,0,5,12
2022-09-01T09:34:57,12,0,5,12
2022-09-01T09:44:04,12,0,5,12
2022-09-01T09:53:11,12,0,5,12
2022-09-01T10:02:27,12,0,5,12
2022-09-01T10:11:33,12,0,5,12
2022-09-01T10:20:39,12,0,5,12
2022-09-01T10:29:45,12,0,5,12
2022-09-01T10:38:50,12,0,5,12
2022-09-01T10:47:57,12,0,5,12
2022-09-01T10:57:03,12,0,5,12
2022-09-01T11:06:10,12,0,5,12
2022-09-01T11:15:16,12,0,5,12
2022-09-01T11:24:22,12,0,5,12
2022-09-01T11:33:28,12,0,5,12
2022-09-01T11:42:46,12,0,5,12
2022-09-01T11:51:52,12,0,5,12
2022-09-01T12:00:57,12,0,5,12
2022-09-01T12:10:04,12,0,5,12
2022-09-01T12:19:09,12,0,5,12
2022-09-01T12:28:15,12,0,5,12
2022-09-01T12:37:20,12,0,5,12
2022-09-01T12:46:25,12,0,5,12
2022-09-01T12:55:31,12,0,5,12
2022-09-01T13:04:37,12,0,5,12
2022-09-01T13:13:43,12,0,5,12
2022-09-01T13:22:49,12,0,5,12
2022-09-01T13:32:07,12,0,5,12
2022-09-01T13:41:13,12,0,5,12
2022-09-01T13:50:20,12,0,5,12
2022-09-01T13:59:26,12,0,5,12
2022-09-01T14:08:33,12,0,5,12
2022-09-01T14:17:40,12,0,5,12
2022-09-01T14:26:47,12,0,5,12
2022-09-01T14:35:55,12,0,5,12
2022-09-01T14:45:02,12,0,5,12
2022-09-01T14:54:11,12,0,5,12
2022-09-01T15:03:19,12,0,5,12
2022-09-01T15:12:39,12,0,5,12
2022-09-01T15:21:46,12,0,5,12
2022-09-01T15:30:53,12,0,5,12
2022-09-01T15:40:01,12,0,5,12
2022-09-01T15:49:09,12,0,5,12
2022-09-01T15:58:18,12,0,5,12
2022-09-01T16:07:33,12,0,5,12
2022-09-01T16:16:49,12,0,5,12
2022-09-01T16:26:04,12,0,5,12
2022-09-01T16:35:31,12,0,5,12
2022-09-01T16:44:49,12,0,5,12
2022-09-01T16:54:13,12,0,5,12
2022-09-01T17:03:36,12,0,5,12
2022-09-01T17:13:05,12,0,5,12
2022-09-01T17:22:30,12,0,5,12
2022-09-01T17:31:46,12,0,5,12
2022-09-01T17:41:05,12,0,5,12
2022-09-01T17:50:20,12,0,5,12
2022-09-01T17:59:36,12,0,5,12
2022-09-01T18:08:53,12,0,5,12
2022-09-01T18:18:09,12,0,5,12
2022-09-01T18:27:26,12,0,5,12
2022-09-01T18:36:52,12,0,5,12
2022-09-01T18:46:09,12,0,5,12
2022-09-01T18:55:26,12,0,5,12
2022-09-01T19:04:41,12,0,5,12
2022-09-01T19:13:56,12,0,5,12
2022-09-01T19:23:12,12,0,5,12
2022-09-01T19:32:22,12,0,5,12
2022-09-01T19:41:28,12,0,5,12
2022-09-01T19:50:35,12,0,5,12
2022-09-01T19:59:41,12,0,5,12
2022-09-01T20:08:47,12,0,5,12
2022-09-01T20:17:53,12,0,5,12
2022-09-01T20:26:59,12,0,5,12
2022-09-01T20:36:06,12,0,5,12
2022-09-01T20:45:11,12,0,5,12
2022-09-01T20:54:18,12,0,5,12
2022-09-01T21:03:24,12,0,5,12
2022-09-01T21:12:29,12,0,5,12
2022-09-01T21:21:50,12,0,5,12
2022-09-01T21:30:57,12,0,5,12
2022-09-01T21:40:03,12,0,5,12
2022-09-01T21:49:10,12,0,5,12
2022-09-01T21:58:15,12,0,5,12
2022-09-01T22:07:21,12,0,5,12
2022-09-01T22:16:27,12,0,5,12
2022-09-01T22:25:32,12,0,5,12
2022-09-01T22:34:37,12,0,5,12
2022-09-01T22:43:43,12,0,5,12
2022-09-01T22:52:48,12,0,5,12
2022-09-01T23:01:55,12,0,5,12
2022-09-01T23:11:01,12,0,5,12
2022-09-01T23:20:07,12,0,5,12
2022-09-01T23:29:13,12,0,5,12
2022-09-01T23:38:20,12,0,5,12
2022-09-01T23:47:25,12,0,5,12
2022-09-01T23:56:31,12,0,5,12
2022-09-02T00:05:40,12,0,5,12
2022-09-02T00:14:59,12,0,5,12
2022-09-02T00:24:08,12,0,5,12
2022-09-02T00:33:15,12,0,5,12
2022-09-02T00:42:23,12,0,5,12
2022-09-02T00:51:31,12,0,5,12
2022-09-02T01:00:39,12,0,5,12
2022-09-02T01:09:49,12,0,5,12
2022-09-02T01:18:57,12,0,5,12
2022-09-02T01:28:05,12,0,5,12
2022-09-02T01:37:14,12,0,5,12
2022-09-02T01:46:20,12,0,5,12
2022-09-02T01:55:27,12,0,5,12
2022-09-02T02:04:38,12,0,5,12
2022-09-02T02:13:46,12,0,5,12
2022-09-02T02:22:53,12,0,5,12
2022-09-02T02:32:01,12,0,5,12
2022-09-02T02:41:09,12,0,5,12
2022-09-02T02:50:18,12,0,5,12
2022-09-02T02:59:30,12,0,5,12
2022-09-02T03:08:46,12,0,5,12
2022-09-02T03:17:56,12,0,5,12
2022-09-02T03:27:05,12,0,5,12
2022-09-02T03:36:15,12,0,5,12
2022-09-02T03:45:26,12,0,5,12
2022-09-02T03:54:36,12,0,5,12
2022-09-02T04:03:46,12,0,5,12
2022-09-02T04:23:40,12,0,5,12
2022-09-02T04:33:10,12,0,5,12
2022-09-02T04:42:22,12,0,5,12
2022-09-02T04:51:35,12,0,5,12
2022-09-02T05:00:47,12,0,5,12
2022-09-02T05:10:02,12,0,5,12
2022-09-02T05:19:11,12,0,5,12
2022-09-02T05:28:22,12,0,5,12
2022-09-02T05:37:34,12,0,5,12
2022-09-02T05:46:46,12,0,5,12
2022-09-02T05:55:56,12,0,5,12
2022-09-02T06:05:06,12,0,5,12
2022-09-02T06:14:16,12,0,5,12
2022-09-02T06:23:26,12,0,5,12
2022-09-02T06:32:36,12,0,5,12
2022-09-02T06:41:45,12,0,5,12
2022-09-02T06:50:53,12,0,5,12
2022-09-02T07:00:02,12,0,5,12
2022-09-02T07:09:12,12,0,5,12
2022-09-02T07:18:25,12,0,5,12
2022-09-02T07:27:34,12,0,5,12
2022-09-02T07:36:43,12,0,5,12
2022-09-02T07:45:52,12,0,5,12
2022-09-02T07:55:00,12,0,5,12
2022-09-02T08:04:09,12,0,5,12
2022-09-02T08:13:18,12,0,5,12
2022-09-02T08:22:27,12,0,5,12
2022-09-02T08:31:37,12,0,5,12
2022-09-02T08:40:46,12,0,5,12
2022-09-02T08:49:55,12,0,5,12
2022-09-02T08:59:05,12,0,5,12
2022-09-02T09:08:15,12,0,5,12
2022-09-02T09:17:24,12,0,5,12
2022-09-02T09:26:34,12,0,5,12
2022-09-02T09:35:44,12,0,5,12
2022-09-02T09:45:04,12,0,5,12
2022-09-02T09:54:16,12,0,5,12
2022-09-02T10:03:26,12,0,5,12
2022-09-02T10:12:36,12,0,5,12
2022-09-02T10:21:46,12,0,5,12
2022-09-02T10:30:56,12,0,5,12
2022-09-02T10:40:07,12,0,5,12
2022-09-02T10:49:17,12,0,5,12
2022-09-02T10:58:28,12,0,5,12
2022-09-02T11:07:52,12,0,5,12
2022-09-02T11:17:02,12,0,5,12
2022-09-02T11:26:13,12,0,5,12
2022-09-02T11:35:23,12,0,5,12
2022-09-02T11:44:33,12,0,5,12
2022-09-02T11:53:43,12,0,5,12
2022-09-02T12:02:53,12,0,5,12
2022-09-02T12:12:04,12,0,5,12
2022-09-02T12:21:14,12,0,5,12
2022-09-02T12:30:23,12,0,5,12
2022-09-02T12:39:46,12,0,5,12
2022-09-02T12:48:55,12,0,5,12
2022-09-02T12:58:04,12,0,5,12
2022-09-02T13:07:13,12,0,5,12
2022-09-02T13:16:23,12,0,5,12
2022-09-02T13:25:33,12,0,5,12
2022-09-02T13:34:43,12,0,5,12
2022-09-02T13:43:53,12,0,5,12
2022-09-02T13:53:02,12,0,5,12
2022-09-02T14:02:13,12,0,5,12
2022-09-02T14:11:22,12,0,5,12
2022-09-02T14:20:42,12,0,5,12
2022-09-02T14:29:51,12,0,5,12
2022-09-02T14:39:00,12,0,5,12
2022-09-02T14:48:10,12,0,5,12
2022-09-02T14:57:19,12,0,5,12
2022-09-02T15:06:28,12,0,5,12
2022-09-02T15:15:37,12,0,5,12
2022-09-02T15:24:46,12,0,5,12
2022-09-02T15:33:55,12,0,5,12
2022-09-02T15:43:17,12,0,5,12
2022-09-02T15:52:26,12,0,5,12
2022-09-02T16:01:34,12,0,5,12
2022-09-02T16:10:43,12,0,5,12
2022-09-02T16:19:51,12,0,5,12
2022-09-02T16:29:00,12,0,5,12
2022-09-02T16:38:07,12,0,5,12
2022-09-02T16:47:16,12,0,5,12
2022-09-02T16:56:25,12,0,5,12
2022-09-02T17:05:33,12,0,5,12
2022-09-02T17:14:43,12,0,5,12
2022-09-02T17:23:51,12,0,5,12
2022-09-02T17:32:59,12,0,5,12
2022-09-02T17:42:17,12,0,5,12
2022-09-02T17:51:25,12,0,5,12
2022-09-02T18:00:34,12,0,5,12
2022-09-02T18:09:42,12,0,5,12
2022-09-02T18:18:51,12,0,5,12
2022-09-02T18:27:59,12,0,5,12
2022-09-02T18:37:06,12,0,5,12
2022-09-02T18:46:14,12,0,5,12
2022-09-02T18:55:22,12,0,5,12
2022-09-02T19:04:30,12,0,5,12
2022-09-02T19:13:38,12,0,5,12
2022-09-02T19:22:46,12,0,5,12
2022-09-02T19:31:56,12,0,5,12
2022-09-02T19:41:06,12,0,5,12
2022-09-02T19:50:14,12,0,5,12
2022-09-02T19:59:34,12,0,5,12
2022-09-02T20:08:43,12,0,5,12
2022-09-02T20:17:51,12,0,5,12
2022-09-02T20:27:00,12,0,5,12
2022-09-02T20:36:09,12,0,5,12
2022-09-02T20:45:18,12,0,5,12
2022-09-02T20:54:27,12,0,5,12
2022-09-02T21:03:36,12,0,5,12
2022-09-02T21:12:45,12,0,5,12
2022-09-02T21:21:54,12,0,5,12
2022-09-02T21:31:14,12,0,5,12
2022-09-02T21:40:22,12,0,5,12
2022-09-02T21:49:30,12,0,5,12
2022-09-02T21:58:38,12,0,5,12
2022-09-02T22:07:47,12,0,5,12
2022-09-02T22:16:57,12,0,5,12
2022-09-02T22:26:05,12,0,5,12
2022-09-02T22:35:13,12,0,5,12
2022-09-02T22:44:21,12,0,5,12
2022-09-02T22:53:30,12,0,5,12
2022-09-02T23:02:41,12,0,5,12
2022-09-02T23:11:52,12,0,5,12
2022-09-02T23:21:00,12,0,5,12
2022-09-02T23:30:09,12,0,5,12
2022-09-02T23:39:17,12,0,5,12
2022-09-02T23:48:27,12,0,5,12
2022-09-02T23:57:35,12,0,5,12
2022-09-03T00:06:45,12,0,5,12
2022-09-03T00:16:11,12,0,5,12
2022-09-03T00:25:21,12,0,5,12
2022-09-03T00:34:32,12,0,5,12
2022-09-03T00:43:43,12,0,5,12
2022-09-03T00:52:54,12,0,5,12
2022-09-03T01:02:06,12,0,5,12
2022-09-03T01:11:20,12,0,5,12
2022-09-03T01:20:33,12,0,5,12
2022-09-03T01:29:45,12,0,5,12
2022-09-03T01:38:56,12,0,5,12
2022-09-03T01:48:06,12,0,5,12
2022-09-03T01:57:16,12,0,5,12
2022-09-03T02:06:26,12,0,5,12
2022-09-03T02:15:35,12,0,5,12
2022-09-03T02:24:44,12,0,5,12
2022-09-03T02:33:53,12,0,5,12
2022-09-03T02:43:01,12,0,5,12
2022-09-03T02:52:09,12,0,5,12
2022-09-03T03:01:16,12,0,5,12
2022-09-03T03:10:24,12,0,5,12
2022-09-03T03:19:31,12,0,5,12
2022-09-03T03:28:39,12,0,5,12
2022-09-03T03:37:47,12,0,5,12
2022-09-03T03:46:57,12,0,5,12
2022-09-03T03:56:07,12,0,5,12
2022-09-03T04:05:17,12,0,5,12
2022-09-03T04:22:26,12,0,5,12
2022-09-03T04:32:04,12,0,5,12
2022-09-03T04:41:16,12,0,5,12
2022-09-03T04:50:26,12,0,5,12
2022-09-03T04:59:37,12,0,5,12
2022-09-03T05:08:49,12,0,5,12
2022-09-03T05:18:00,12,0,5,12
2022-09-03T05:27:11,12,0,5,12
2022-09-03T05:36:22,12,0,5,12
2022-09-03T05:45:33,12,0,5,12
2022-09-03T05:54:44,12,0,5,12
2022-09-03T06:03:55,12,0,5,12
2022-09-03T06:13:06,12,0,5,12
2022-09-03T06:22:16,12,0,5,12
2022-09-03T06:31:27,12,0,5,12
2022-09-03T06:40:38,12,0,5,12
2022-09-03T06:49:49,12,0,5,12
2022-09-03T06:59:01,12,0,5,12
2022-09-03T07:08:12,12,0,5,12
2022-09-03T07:17:23,12,0,5,12
2022-09-03T07:26:34,12,0,5,12
2022-09-03T07:35:45,12,0,5,12
2022-09-03T07:45:00,12,0,5,12
2022-09-03T07:54:11,12,0,5,12
2022-09-03T08:03:23,12,0,5,12
2022-09-03T08:12:34,12,0,5,12
2022-09-03T08:21:44,12,0,5,12
2022-09-03T08:31:05,12,0,5,12
2022-09-03T08:40:15,12,0,5,12
2022-09-03T08:49:26,12,0,5,12
2022-09-03T08:58:36,12,0,5,12
2022-09-03T09:07:46,12,0,5,12
2022-09-03T09:16:57,12,0,5,12
2022-09-03T09:26:26,12,0,5,12
2022-09-03T09:35:36,12,0,5,12
2022-09-03T09:44:46,12,0,5,12
2022-09-03T09:53:57,12,0,5,12
2022-09-03T10:03:06,12,0,5,12
2022-09-03T10:12:16,12,0,5,12
2022-09-03T10:21:25,12,0,5,12
2022-09-03T10:30:33,12,0,5,12
2022-09-03T10:39:42,12,0,5,12
2022-09-03T10:48:50,12,0,5,12
2022-09-03T10:58:08,12,0,5,12
2022-09-03T11:07:15,12,0,5,12
2022-09-03T11:16:24,12,0,5,12
2022-09-03T11:25:31,12,0,5,12
2022-09-03T11:34:39,12,0,5,12
2022-09-03T11:43:47,12,0,5,12
2022-09-03T11:52:54,12,0,5,12
2022-09-03T12:02:01,12,0,5,12
2022-09-03T12:11:09,12,0,5,12
2022-09-03T12:20:17,12,0,5,12
2022-09-03T12:29:24,12,0,5,12
2022-09-03T12:38:31,12,0,5,12
2022-09-03T12:47:38,12,0,5,12
2022-09-03T12:56:55,12,0,5,12
2022-09-03T13:06:03,12,0,5,12
2022-09-03T13:15:12,12,0,5,12
2022-09-03T13:24:20,12,0,5,12
2022-09-03T13:33:29,12,0,5,12
2022-09-03T13:42:40,12,0,5,12
2022-09-03T13:51:47,12,0,5,12
2022-09-03T14:00:54,12,0,5,12
2022-09-03T14:10:01,12,0,5,12
2022-09-03T14:19:09,12,0,5,12
2022-09-03T14:28:17,12,0,5,12
2022-09-03T14:37:24,12,0,5,12
2022-09-03T14:46:31,12,0,5,12
2022-09-03T14:55:39,12,0,5,12
2022-09-03T15:04:46,12,0,5,12
2022-09-03T15:13:53,12,0,5,12
2022-09-03T15:23:01,12,0,5,12
2022-09-03T15:32:18,12,0,5,12
2022-09-03T15:41:26,12,0,5,12
2022-09-03T15:50:33,12,0,5,12
2022-09-03T15:59:41,12,0,5,12
2022-09-03T16:08:49,12,0,5,12
2022-09-03T16:17:56,12,0,5,12
2022-09-03T16:27:03,12,0,5,12
2022-09-03T16:36:11,12,0,5,12
2022-09-03T16:45:19,12,0,5,12
2022-09-03T16:54:26,12,0,5,12
2022-09-03T17:03:33,12,0,5,12
2022-09-03T17:12:41,12,0,5,12
2022-09-03T17:21:51,12,0,5,12
2022-09-03T17:30:59,12,0,5,12
2022-09-03T17:40:06,12,0,5,12
2022-09-03T17:49:14,12,0,5,12
2022-09-03T17:58:22,12,0,5,12
2022-09-03T18:07:30,12,0,5,12
2022-09-03T18:16:37,12,0,5,12
2022-09-03T18:25:57,12,0,5,12
2022-09-03T18:35:05,12,0,5,12
2022-09-03T18:44:13,12,0,5,12
2022-09-03T18:53:21,12,0,5,12
2022-09-03T19:02:29,12,0,5,12
2022-09-03T19:11:36,12,0,5,12
2022-09-03T19:20:44,12,0,5,12
2022-09-03T19:29:51,12,0,5,12
2022-09-03T19:38:59,12,0,5,12
2022-09-03T19:48:07,12,0,5,12
2022-09-03T19:57:15,12,0,5,12
2022-09-03T20:06:23,12,0,5,12
2022-09-03T20:15:30,12,0,5,12
2022-09-03T20:24:38,12,0,5,12
2022-09-03T20:33:45,12,0,5,12
2022-09-03T20:42:52,12,0,5,12
2022-09-03T20:52:00,12,0,5,12
2022-09-03T21:01:08,12,0,5,12
2022-09-03T21:10:16,12,0,5,12
2022-09-03T21:19:35,12,0,5,12
2022-09-03T21:28:43,12,0,5,12
2022-09-03T21:37:51,12,0,5,12
2022-09-03T21:46:58,12,0,5,12
2022-09-03T21:56:05,12,0,5,12
2022-09-03T22:05:13,12,0,5,12
2022-09-03T22:14:21,12,0,5,12
2022-09-03T22:23:28,12,0,5,12
2022-09-03T22:32:36,12,0,5,12
2022-09-03T22:41:44,12,0,5,12
2022-09-03T22:50:52,12,0,5,12
2022-09-03T23:00:01,12,0,5,12
2022-09-03T23:09:09,12,0,5,12
2022-09-03T23:18:18,12,0,5,12
2022-09-03T23:27:26,12,0,5,12
2022-09-03T23:36:34,12,0,5,12
2022-09-03T23:45:53,12,0,5,12
2022-09-03T23:55:01,12,0,5,12
2022-09-04T00:04:10,12,0,5,12
2022-09-04T00:13:21,12,0,5,12
2022-09-04T00:22:35,12,0,5,12
2022-09-04T00:31:44,12,0,5,12
2022-09-04T00:40:55,12,0,5,12
2022-09-04T00:50:06,12,0,5,12
2022-09-04T00:59:16,12,0,5,12
2022-09-04T01:08:27,12,0,5,12
2022-09-04T01:17:36,12,0,5,12
2022-09-04T01:26:45,12,0,5,12
2022-09-04T01:35:54,12,0,5,12
2022-09-04T01:45:03,12,0,5,12
2022-09-04T01:54:13,12,0,5,12
2022-09-04T02:03:24,12,0,5,12
2022-09-04T02:12:35,12,0,5,12
2022-09-04T02:21:45,12,0,5,12
2022-09-04T02:30:58,12,0,5,12
2022-09-04T02:40:06,12,0,5,12
2022-09-04T02:49:15,12,0,5,12
2022-09-04T02:58:24,12,0,5,12
2022-09-04T03:07:32,12,0,5,12
2022-09-04T03:16:43,12,0,5,12
2022-09-04T03:25:52,12,0,5,12
2022-09-04T03:35:13,12,0,5,12
2022-09-04T03:44:24,12,0,5,12
2022-09-04T03:53:34,12,0,5,12
2022-09-04T04:02:44,12,0,5,12
2022-09-04T04:23:51,12,0,5,12
2022-09-04T04:33:28,12,0,5,12
2022-09-04T04:42:41,12,0,5,12
2022-09-04T04:51:52,12,0,5,12
2022-09-04T05:01:02,12,0,5,12
2022-09-04T05:10:12,12,0,5,12
2022-09-04T05:19:20,12,0,5,12
2022-09-04T05:28:28,12,0,5,12
2022-09-04T05:37:36,12,0,5,12
2022-09-04T05:46:44,12,0,5,12
2022-09-04T05:55:53,12,0,5,12
2022-09-04T06:05:02,12,0,5,12
2022-09-04T06:14:11,12,0,5,12
2022-09-04T06:23:20,12,0,5,12
2022-09-04T06:32:29,12,0,5,12
2022-09-04T06:41:36,12,0,5,12
2022-09-04T06:50:44,12,0,5,12
2022-09-04T06:59:52,12,0,5,12
2022-09-04T07:09:01,12,0,5,12
2022-09-04T07:18:09,12,0,5,12
2022-09-04T07:27:17,12,0,5,12
2022-09-04T07:36:26,12,0,5,12
2022-09-04T07:45:35,12,0,5,12
2022-09-04T07:54:43,12,0,5,12
2022-09-04T08:03:51,12,0,5,12
2022-09-04T08:12:59,12,0,5,12
2022-09-04T08:22:08,12,0,5,12
2022-09-04T08:31:18,12,0,5,12
2022-09-04T08:40:26,12,0,5,12
2022-09-04T08:49:34,12,0,5,12
2022-09-04T08:58:43,12,0,5,12
2022-09-04T09:07:53,12,0,5,12
2022-09-04T09:17:02,12,0,5,12
2022-09-04T09:26:10,12,0,5,12
2022-09-04T09:35:18,12,0,5,12
2022-09-04T09:44:27,12,0,5,12
2022-09-04T09:53:37,12,0,5,12
2022-09-04T10:02:56,12,0,5,12
2022-09-04T10:12:06,12,0,5,12
2022-09-04T10:21:15,12,0,5,12
2022-09-04T10:30:26,12,0,5,12
2022-09-04T10:39:42,12,0,5,12
2022-09-04T10:48:59,12,0,5,12
2022-09-04T10:58:15,12,0,5,12
2022-09-04T11:07:31,12,0,5,12
2022-09-04T11:16:48,12,0,5,12
2022-09-04T11:26:03,12,0,5,12
2022-09-04T11:35:18,12,0,5,12
2022-09-04T11:44:33,12,0,5,12
2022-09-04T11:53:49,12,0,5,12
2022-09-04T12:03:03,12,0,5,12
2022-09-04T12:12:15,12,0,5,12
2022-09-04T12:21:28,12,0,5,12
2022-09-04T12:30:39,12,0,5,12
2022-09-04T12:39:56,12,0,5,12
2022-09-04T12:49:03,12,0,5,12
2022-09-04T12:58:11,12,0,5,12
2022-09-04T13:07:19,12,0,5,12
2022-09-04T13:16:27,12,0,5,12
2022-09-04T13:25:34,12,0,5,12
2022-09-04T13:34:41,12,0,5,12
2022-09-04T13:43:49,12,0,5,12
2022-09-04T13:52:57,12,0,5,12
2022-09-04T14:02:04,12,0,5,12
2022-09-04T14:11:12,12,0,5,12
2022-09-04T14:20:20,12,0,5,12
2022-09-04T14:29:27,12,0,5,12
2022-09-04T14:38:35,12,0,5,12
2022-09-04T14:47:43,12,0,5,12
2022-09-04T14:56:51,12,0,5,12
2022-09-04T15:05:59,12,0,5,12
2022-09-04T15:15:06,12,0,5,12
2022-09-04T15:24:13,12,0,5,12
2022-09-04T15:33:20,12,0,5,12
2022-09-04T15:42:28,12,0,5,12
2022-09-04T15:51:35,12,0,5,12
2022-09-04T16:00:43,12,0,5,12
2022-09-04T16:10:03,12,0,5,12
2022-09-04T16:19:11,12,0,5,12
2022-09-04T16:28:19,12,0,5,12
2022-09-04T16:37:27,12,0,5,12
2022-09-04T16:46:34,12,0,5,12
2022-09-04T16:55:43,12,0,5,12
2022-09-04T17:04:52,12,0,5,12
2022-09-04T17:14:01,12,0,5,12
2022-09-04T17:23:09,12,0,5,12
2022-09-04T17:32:17,12,0,5,12
2022-09-04T17:41:25,12,0,5,12
2022-09-04T17:50:33,12,0,5,12
2022-09-04T17:59:41,12,0,5,12
2022-09-04T18:08:49,12,0,5,12
2022-09-04T18:17:57,12,0,5,12
2022-09-04T18:27:06,12,0,5,12
2022-09-04T18:36:14,12,0,5,12
2022-09-04T18:45:22,12,0,5,12
2022-09-04T18:54:31,12,0,5,12
2022-09-04T19:03:40,12,0,5,12
2022-09-04T19:13:02,12,0,5,12
2022-09-04T19:22:11,12,0,5,12
2022-09-04T19:31:22,12,0,5,12
2022-09-04T19:40:31,12,0,5,12
2022-09-04T19:49:38,12,0,5,12
2022-09-04T19:58:46,12,0,5,12
2022-09-04T20:07:53,12,0,5,12
2022-09-04T20:17:01,12,0,5,12
2022-09-04T20:26:08,12,0,5,12
2022-09-04T20:35:15,12,0,5,12
2022-09-04T20:44:23,12,0,5,12
2022-09-04T20:53:30,12,0,5,12
2022-09-04T21:02:38,12,0,5,12
2022-09-04T21:11:46,12,0,5,12
2022-09-04T21:20:53,12,0,5,12
2022-09-04T21:30:11,12,0,5,12
2022-09-04T21:39:18,12,0,5,12
2022-09-04T21:48:25,12,0,5,12
2022-09-04T21:57:33,12,0,5,12
2022-09-04T22:06:41,12,0,5,12
2022-09-04T22:15:49,12,0,5,12
2022-09-04T22:24:56,12,0,5,12
2022-09-04T22:34:04,12,0,5,12
2022-09-04T22:43:11,12,0,5,12
2022-09-04T22:52:19,12,0,5,12
2022-09-04T23:01:28,12,0,5,12
2022-09-04T23:10:38,12,0,5,12
2022-09-04T23:19:48,12,0,5,12
2022-09-04T23:28:57,12,0,5,12
2022-09-04T23:38:07,12,0,5,12
2022-09-04T23:47:15,12,0,5,12
2022-09-04T23:56:23,12,0,5,12
2022-09-05T00:05:43,12,0,5,12
2022-09-05T00:15:02,12,0,5,12
2022-09-05T00:24:18,12,0,5,12
2022-09-05T00:33:32,12,0,5,12
2022-09-05T00:42:44,12,0,5,12
2022-09-05T00:51:53,12,0,5,12
2022-09-05T01:01:02,12,0,5,12
2022-09-05T01:10:19,12,0,5,12
2022-09-05T01:19:31,12,0,5,12
2022-09-05T01:28:43,12,0,5,12
2022-09-05T01:37:53,12,0,5,12
2022-09-05T01:47:03,12,0,5,12
2022-09-05T01:56:12,12,0,5,12
2022-09-05T02:05:24,12,0,5,12
2022-09-05T02:14:34,12,0,5,12
2022-09-05T02:23:43,12,0,5,12
2022-09-05T02:32:53,12,0,5,12
2022-09-05T02:42:01,12,0,5,12
2022-09-05T02:51:10,12,0,5,12
2022-09-05T03:00:19,12,0,5,12
2022-09-05T03:09:28,12,0,5,12
2022-09-05T03:18:49,12,0,5,12
2022-09-05T03:27:57,12,0,5,12
2022-09-05T03:37:08,12,0,5,12
2022-09-05T03:47:51,12,0,5,12
2022-09-05T03:57:20,12,0,5,12
2022-09-05T04:06:31,12,0,5,12
2022-09-05T04:27:10,12,0,5,12
2022-09-05T04:36:45,12,0,5,12
2022-09-05T04:45:57,12,0,5,12
2022-09-05T04:55:10,12,0,5,12
2022-09-05T05:04:21,12,0,5,12
2022-09-05T05:13:30,12,0,5,12
2022-09-05T05:22:38,12,0,5,12
2022-09-05T05:31:45,12,0,5,12
2022-09-05T05:40:54,12,0,5,12
2022-09-05T05:50:02,12,0,5,12
2022-09-05T05:59:11,12,0,5,12
2022-09-05T06:08:22,12,0,5,12
2022-09-05T06:17:32,12,0,5,12
2022-09-05T06:26:41,12,0,5,12
2022-09-05T06:35:49,12,0,5,12
2022-09-05T06:44:57,12,0,5,12
2022-09-05T06:54:05,12,0,5,12
2022-09-05T07:03:13,12,0,5,12
2022-09-05T07:12:21,12,0,5,12
2022-09-05T07:21:29,12,0,5,12
2022-09-05T07:30:38,12,0,5,12
2022-09-05T07:39:47,12,0,5,12
2022-09-05T07:48:55,12,0,5,12
2022-09-05T07:58:03,12,0,5,12
2022-09-05T08:07:14,12,0,5,12
2022-09-05T08:16:22,12,0,5,12
2022-09-05T08:25:29,12,0,5,12
2022-09-05T08:34:37,12,0,5,12
2022-09-05T08:43:45,12,0,5,12
2022-09-05T08:52:52,12,0,5,12
2022-09-05T09:02:00,12,0,5,12
2022-09-05T09:11:07,12,0,5,12
2022-09-05T09:20:15,12,0,5,12
2022-09-05T09:29:24,12,0,5,12
2022-09-05T09:38:31,12,0,5,12
2022-09-05T09:47:48,12,0,5,12
2022-09-05T09:56:56,12,0,5,12
2022-09-05T10:06:03,12,0,5,12
2022-09-05T10:15:11,12,0,5,12
2022-09-05T10:24:19,12,0,5,12
2022-09-05T10:33:27,12,0,5,12
2022-09-05T10:42:34,12,0,5,12
2022-09-05T10:51:42,12,0,5,12
2022-09-05T11:00:50,12,0,5,12
2022-09-05T11:09:58,12,0,5,12
2022-09-05T11:19:06,12,0,5,12
2022-09-05T11:28:14,12,0,5,12
2022-09-05T11:37:22,12,0,5,12
2022-09-05T11:46:30,12,0,5,12
2022-09-05T11:55:38,12,0,5,12
2022-09-05T12:04:45,12,0,5,12
2022-09-05T12:13:54,12,0,5,12
2022-09-05T12:23:02,12,0,5,12
2022-09-05T12:32:24,12,0,5,12
2022-09-05T12:41:32,12,0,5,12
2022-09-05T12:50:40,12,0,5,12
2022-09-05T12:59:47,12,0,5,12
2022-09-05T13:08:55,12,0,5,12
2022-09-05T13:18:03,12,0,5,12
2022-09-05T13:27:11,12,0,5,12
2022-09-05T13:36:19,12,0,5,12
2022-09-05T13:45:27,12,0,5,12
2022-09-05T13:54:36,12,0,5,12
2022-09-05T14:03:45,12,0,5,12
2022-09-05T14:12:53,12,0,5,12
2022-09-05T14:22:01,12,0,5,12
2022-09-05T14:31:11,12,0,5,12
2022-09-05T14:40:20,12,0,5,12
2022-09-05T14:49:27,12,0,5,12
2022-09-05T14:58:35,12,0,5,12
2022-09-05T15:07:54,12,0,5,12
2022-09-05T15:17:01,12,0,5,12
2022-09-05T15:26:09,12,0,5,12
2022-09-05T15:35:17,12,0,5,12
2022-09-05T15:44:25,12,0,5,12
2022-09-05T15:53:33,12,0,5,12
2022-09-05T16:02:40,12,0,5,12
2022-09-05T16:11:48,12,0,5,12
2022-09-05T16:20:56,12,0,5,12
2022-09-05T16:30:03,12,0,5,12
2022-09-05T16:39:11,12,0,5,12
2022-09-05T16:48:20,12,0,5,12
2022-09-05T16:57:27,12,0,5,12
2022-09-05T17:06:45,12,0,5,12
2022-09-05T17:15:54,12,0,5,12
2022-09-05T17:25:02,12,0,5,12
2022-09-05T17:34:11,12,0,5,12
2022-09-05T17:43:20,12,0,5,12
2022-09-05T17:52:30,12,0,5,12
2022-09-05T18:01:39,12,0,5,12
2022-09-05T18:10:46,12,0,5,12
2022-09-05T18:19:54,12,0,5,12
2022-09-05T18:29:02,12,0,5,12
2022-09-05T18:38:09,12,0,5,12
2022-09-05T18:47:17,12,0,5,12
2022-09-05T18:56:25,12,0,5,12
2022-09-05T19:05:33,12,0,5,12
2022-09-05T19:14:52,12,0,5,12
2022-09-05T19:24:00,12,0,5,12
2022-09-05T19:33:08,12,0,5,12
2022-09-05T19:42:16,12,0,5,12
2022-09-05T19:51:24,12,0,5,12
2022-09-05T20:00:32,12,0,5,12
2022-09-05T20:09:40,12,0,5,12
2022-09-05T20:18:48,12,0,5,12
2022-09-05T20:27:56,12,0,5,12
2022-09-05T20:37:04,12,0,5,12
2022-09-05T20:46:13,12,0,5,12
2022-09-05T20:55:20,12,0,5,12
2022-09-05T21:04:28,12,0,5,12
2022-09-05T21:13:36,12,0,5,12
2022-09-05T21:22:44,12,0,5,12
2022-09-05T21:32:02,12,0,5,12
2022-09-05T21:41:10,12,0,5,12
2022-09-05T21:50:18,12,0,5,12
2022-09-05T21:59:26,12,0,5,12
2022-09-05T22:08:34,12,0,5,12
2022-09-05T22:17:43,12,0,5,12
2022-09-05T22:26:51,12,0,5,12
2022-09-05T22:35:59,12,0,5,12
2022-09-05T22:45:07,12,0,5,12
2022-09-05T22:54:15,12,0,5,12
2022-09-05T23:03:24,12,0,5,12
2022-09-05T23:12:32,12,0,5,12
2022-09-05T23:21:40,12,0,5,12
2022-09-05T23:30:49,12,0,5,12
2022-09-05T23:39:57,12,0,5,12
2022-09-05T23:49:16,12,0,5,12
2022-09-05T23:58:24,12,0,5,12
2022-09-06T00:07:34,12,0,5,12
2022-09-06T00:16:49,12,0,5,12
2022-09-06T00:25:59,12,0,5,12
2022-09-06T00:35:08,12,0,5,12
2022-09-06T00:44:19,12,0,5,12
2022-09-06T00:53:30,12,0,5,12
2022-09-06T01:02:41,12,0,5,12
2022-09-06T01:11:50,12,0,5,12
2022-09-06T01:20:59,12,0,5,12
2022-09-06T01:30:10,12,0,5,12
2022-09-06T01:39:18,12,0,5,12
2022-09-06T01:48:26,12,0,5,12
2022-09-06T01:57:37,12,0,5,12
2022-09-06T02:06:47,12,0,5,12
2022-09-06T02:16:00,12,0,5,12
2022-09-06T02:25:19,12,0,5,12
2022-09-06T02:34:31,12,0,5,12
2022-09-06T02:43:39,12,0,5,12
2022-09-06T02:52:47,12,0,5,12
2022-09-06T03:01:56,12,0,5,12
2022-09-06T03:11:05,12,0,5,12
2022-09-06T03:20:15,12,0,5,12
2022-09-06T03:29:24,12,0,5,12
2022-09-06T03:38:35,12,0,5,12
2022-09-06T03:47:45,12,0,5,12
2022-09-06T03:56:55,12,0,5,12
2022-09-06T04:06:07,12,0,5,12
2022-09-06T04:25:02,12,0,5,12
2022-09-06T04:34:36,12,0,5,12
2022-09-06T04:43:47,12,0,5,12
2022-09-06T04:52:59,12,0,5,12
2022-09-06T05:02:09,12,0,5,12
2022-09-06T05:11:17,12,0,5,12
2022-09-06T05:20:26,12,0,5,12
2022-09-06T05:29:33,12,0,5,12
2022-09-06T05:38:43,12,0,5,12
2022-09-06T05:47:52,12,0,4,12
2022-09-06T05:57:01,12,0,4,12
2022-09-06T06:06:11,12,0,4,12
2022-09-06T06:15:21,12,0,4,12
2022-09-06T06:24:30,12,0,4,12
2022-09-06T06:33:39,12,0,4,12
2022-09-06T06:42:46,12,0,4,12
2022-09-06T06:51:54,12,0,4,12
2022-09-06T07:01:03,12,0,4,12
2022-09-06T07:10:12,12,0,4,12
2022-09-06T07:19:20,12,0,4,12
2022-09-06T07:28:29,12,0,4,12
2022-09-06T07:37:38,12,0,4,12
2022-09-06T07:46:50,12,0,4,12
2022-09-06T07:55:59,12,0,4,12
2022-09-06T08:05:07,12,0,4,12
2022-09-06T08:14:17,12,0,4,12
2022-09-06T08:23:26,12,0,4,12
2022-09-06T08:32:37,12,0,4,12
2022-09-06T08:41:47,12,0,4,12
2022-09-06T08:51:06,12,0,4,12
2022-09-06T09:00:18,12,0,4,12
2022-09-06T09:09:27,12,0,4,12
2022-09-06T09:18:36,12,0,4,12
2022-09-06T09:27:46,12,0,4,12
2022-09-06T09:36:57,12,0,4,12
2022-09-06T09:46:07,12,0,4,12
2022-09-06T09:55:18,12,0,4,12
2022-09-06T10:04:30,12,0,4,12
2022-09-06T10:13:40,12,0,4,12
2022-09-06T10:22:50,12,0,4,12
2022-09-06T10:32:01,12,0,4,12
2022-09-06T10:41:25,12,0,4,12
2022-09-06T10:50:36,12,0,4,12
2022-09-06T10:59:47,12,0,4,12
2022-09-06T11:08:57,12,0,4,12
2022-09-06T11:18:08,12,0,4,12
2022-09-06T11:27:20,12,0,4,12
2022-09-06T11:36:32,12,0,4,12
2022-09-06T11:45:43,12,0,4,12
2022-09-06T11:54:53,12,0,4,12
2022-09-06T12:04:15,12,0,4,12
2022-09-06T12:13:25,12,0,4,12
2022-09-06T12:22:35,12,0,4,12
2022-09-06T12:31:46,12,0,4,12
2022-09-06T12:40:56,12,0,4,12
2022-09-06T12:50:06,12,0,4,12
2022-09-06T12:59:15,12,0,4,12
2022-09-06T13:08:26,12,0,5,12
2022-09-06T13:17:38,12,0,5,12
2022-09-06T13:26:58,12,0,5,12
2022-09-06T13:36:08,12,0,5,12
2022-09-06T13:45:19,12,0,5,12
2022-09-06T13:54:30,12,0,5,12
2022-09-06T14:03:40,12,0,5,12
2022-09-06T14:12:51,12,0,5,12
2022-09-06T14:22:04,12,0,5,12
2022-09-06T14:31:24,12,0,5,12
2022-09-06T14:40:35,12,0,5,12
2022-09-06T14:49:48,12,0,5,12
2022-09-06T14:58:58,12,0,5,12
2022-09-06T15:08:09,12,0,5,12
2022-09-06T15:17:19,12,0,5,12
2022-09-06T15:26:30,12,0,5,12
2022-09-06T15:35:51,12,0,5,12
2022-09-06T15:45:02,12,0,5,12
2022-09-06T15:54:13,12,0,5,12
2022-09-06T16:03:23,12,0,5,12
2022-09-06T16:12:33,12,0,5,12
2022-09-06T16:21:43,12,0,5,12
2022-09-06T16:30:53,12,0,5,12
2022-09-06T16:40:14,12,0,5,12
2022-09-06T16:49:23,12,0,5,12
2022-09-06T16:58:32,12,0,5,12
2022-09-06T17:07:41,12,0,5,12
2022-09-06T17:16:51,12,0,5,12
2022-09-06T17:26:02,12,0,5,12
2022-09-06T17:35:11,12,0,5,12
2022-09-06T17:44:20,12,0,5,12
2022-09-06T17:53:28,12,0,5,12
2022-09-06T18:02:52,12,0,5,12
2022-09-06T18:12:01,12,0,5,12
2022-09-06T18:21:11,12,0,5,12
2022-09-06T18:30:20,12,0,5,12
2022-09-06T18:39:29,12,0,5,12
2022-09-06T18:48:39,12,0,5,12
2022-09-06T18:57:49,12,0,5,12
2022-09-06T19:06:58,12,0,5,12
2022-09-06T19:16:09,12,0,5,12
2022-09-06T19:25:19,12,0,5,12
2022-09-06T19:34:28,12,0,5,12
2022-09-06T19:43:48,12,0,5,12
2022-09-06T19:52:56,12,0,5,12
2022-09-06T20:02:05,12,0,5,12
2022-09-06T20:11:15,12,0,5,12
2022-09-06T20:20:25,12,0,5,12
2022-09-06T20:29:36,12,0,5,12
2022-09-06T20:38:45,12,0,5,12
2022-09-06T20:47:54,12,0,5,12
2022-09-06T20:57:04,12,0,5,12
2022-09-06T21:06:14,12,0,5,12
2022-09-06T21:15:35,12,0,5,12
2022-09-06T21:24:45,12,0,5,12
2022-09-06T21:33:54,12,0,5,12
2022-09-06T21:43:03,12,0,5,12
2022-09-06T21:52:12,12,0,5,12
2022-09-06T22:01:22,12,0,5,12
2022-09-06T22:10:32,12,0,5,12
2022-09-06T22:19:42,12,0,5,12
2022-09-06T22:28:52,12,0,5,12
2022-09-06T22:38:00,12,0,5,12
2022-09-06T22:47:09,12,0,5,12
2022-09-06T22:56:30,12,0,5,12
2022-09-06T23:05:41,12,0,5,12
2022-09-06T23:14:50,12,0,5,12
2022-09-06T23:24:00,12,0,5,12
2022-09-06T23:33:11,12,0,5,12
2022-09-06T23:42:20,12,0,5,12
2022-09-06T23:51:28,12,0,5,12
2022-09-07T00:00:40,12,0,5,12
2022-09-07T00:09:52,12,0,5,12
2022-09-07T00:19:05,12,0,5,12
2022-09-07T00:28:16,12,0,5,12
2022-09-07T00:37:28,12,0,5,12
2022-09-07T00:46:51,12,0,5,12
2022-09-07T00:56:03,12,0,5,12
2022-09-07T01:05:19,12,0,5,12
2022-09-07T01:14:32,12,0,5,12
2022-09-07T01:23:44,12,0,5,12
2022-09-07T01:32:55,12,0,5,12
2022-09-07T01:42:06,12,0,5,12
2022-09-07T01:51:17,12,0,5,12
2022-09-07T02:00:29,12,0,5,12
2022-09-07T02:09:39,12,0,5,12
2022-09-07T02:18:50,12,0,5,12
2022-09-07T02:28:09,12,0,5,12
2022-09-07T02:37:18,12,0,5,12
2022-09-07T02:46:27,12,0,5,12
2022-09-07T02:55:35,12,0,5,12
2022-09-07T03:04:45,12,0,5,12
2022-09-07T03:13:52,12,0,5,12
2022-09-07T03:22:59,12,0,5,12
2022-09-07T03:32:07,12,0,5,12
2022-09-07T03:41:15,12,0,5,12
2022-09-07T03:52:52,12,0,5,12
2022-09-07T04:02:06,12,0,5,12
2022-09-07T04:11:19,12,0,5,12
2022-09-07T04:32:05,12,0,5,12
2022-09-07T04:41:44,12,0,5,12
2022-09-07T04:50:56,12,0,5,12
2022-09-07T05:00:05,12,0,5,12
2022-09-07T05:09:13,12,0,5,12
2022-09-07T05:18:23,12,0,5,12
2022-09-07T05:27:30,12,0,5,12
2022-09-07T05:36:45,12,0,5,12
2022-09-07T05:46:09,12,0,5,12
2022-09-07T05:55:22,12,0,5,12
2022-09-07T06:04:33,12,0,5,12
2022-09-07T06:13:44,12,0,5,12
2022-09-07T06:22:56,12,0,5,12
2022-09-07T06:32:08,12,0,5,12
2022-09-07T06:41:18,12,0,5,12
2022-09-07T06:50:29,12,0,5,12
2022-09-07T06:59:50,12,0,5,12
2022-09-07T07:09:07,12,0,5,12
2022-09-07T07:18:17,12,0,5,12
2022-09-07T07:27:27,12,0,5,12
2022-09-07T07:36:40,12,0,5,12
2022-09-07T07:45:50,12,0,5,12
2022-09-07T07:55:00,12,0,5,12
2022-09-07T08:04:11,12,0,5,12
2022-09-07T08:13:22,12,0,5,12
2022-09-07T08:22:34,12,0,5,12
2022-09-07T08:31:46,12,0,5,12
2022-09-07T08:40:57,12,0,5,12
2022-09-07T08:50:08,12,0,5,12
2022-09-07T08:59:18,12,0,5,12
2022-09-07T09:08:28,12,0,5,12
2022-09-07T09:17:38,12,0,5,12
2022-09-07T09:27:00,12,0,5,12
2022-09-07T09:36:13,12,0,5,12
2022-09-07T09:45:26,12,0,5,12
2022-09-07T09:54:36,12,0,5,12
2022-09-07T10:03:47,12,0,5,12
2022-09-07T10:12:58,12,0,5,12
2022-09-07T10:22:11,12,0,5,12
2022-09-07T10:31:22,12,0,5,12
2022-09-07T10:40:33,12,0,5,12
2022-09-07T10:49:42,12,0,5,12
2022-09-07T10:59:04,12,0,5,12
2022-09-07T11:08:18,12,0,5,12
2022-09-07T11:17:28,12,0,5,12
2022-09-07T11:26:39,12,0,5,12
2022-09-07T11:35:49,12,0,5,12
2022-09-07T11:45:00,12,0,5,12
2022-09-07T11:54:10,12,0,5,12
2022-09-07T12:03:20,12,0,5,12
2022-09-07T12:12:42,12,0,5,12
2022-09-07T12:21:52,12,0,5,12
2022-09-07T12:31:01,12,0,5,12
2022-09-07T12:40:09,12,0,5,12
2022-09-07T12:49:18,12,0,5,12
2022-09-07T12:58:28,12,0,5,12
2022-09-07T13:07:36,12,0,5,12
2022-09-07T13:16:46,12,0,5,12
2022-09-07T13:26:06,12,0,5,12
2022-09-07T13:35:15,12,0,5,12
2022-09-07T13:44:25,12,0,5,12
2022-09-07T13:53:35,12,0,5,12
2022-09-07T14:02:46,12,0,5,12
2022-09-07T14:12:00,12,0,5,12
2022-09-07T14:21:11,12,0,5,12
2022-09-07T14:30:31,12,0,5,12
2022-09-07T14:39:41,12,0,5,12
2022-09-07T14:48:52,12,0,5,12
2022-09-07T14:58:02,12,0,5,12
2022-09-07T15:07:14,12,0,5,12
2022-09-07T15:16:25,12,0,5,12
2022-09-07T15:25:36,12,0,5,12
2022-09-07T15:34:45,12,0,5,12
2022-09-07T15:44:06,12,0,5,12
2022-09-07T15:53:15,12,0,5,12
2022-09-07T16:02:25,12,0,5,12
2022-09-07T16:11:34,12,0,5,12
2022-09-07T16:20:44,12,0,5,12
2022-09-07T16:29:54,12,0,5,12
2022-09-07T16:39:03,12,0,5,12
2022-09-07T16:48:12,12,0,5,12
2022-09-07T16:57:21,12,0,5,12
2022-09-07T17:06:30,12,0,5,12
2022-09-07T17:15:40,12,0,5,12
2022-09-07T17:25:01,12,0,5,12
2022-09-07T17:34:10,12,0,5,12
2022-09-07T17:43:19,12,0,5,12
2022-09-07T17:52:27,12,0,5,12
2022-09-07T18:01:36,12,0,5,12
2022-09-07T18:10:45,12,0,5,12
2022-09-07T18:19:54,12,0,5,12
2022-09-07T18:29:02,12,0,5,12
2022-09-07T18:38:10,12,0,5,12
2022-09-07T18:47:19,12,0,5,12
2022-09-07T18:56:27,12,0,5,12
2022-09-07T19:05:47,12,0,5,12
2022-09-07T19:14:56,12,0,5,12
2022-09-07T19:24:06,12,0,5,12
2022-09-07T19:33:14,12,0,5,12
2022-09-07T19:42:25,12,0,5,12
2022-09-07T19:51:34,12,0,5,12
2022-09-07T20:00:47,12,0,5,12
2022-09-07T20:10:14,12,0,5,12
2022-09-07T20:19:24,12,0,5,12
2022-09-07T20:28:34,12,0,5,12
2022-09-07T20:37:43,12,0,5,12
2022-09-07T20:46:51,12,0,5,12
2022-09-07T20:56:00,12,0,5,12
2022-09-07T21:05:08,12,0,5,12
2022-09-07T21:14:18,12,0,5,12
2022-09-07T21:23:29,12,0,5,12
2022-09-07T21:32:38,12,0,5,12
2022-09-07T21:41:58,12,0,5,12
2022-09-07T21:51:07,12,0,5,12
2022-09-07T22:00:16,12,0,5,12
2022-09-07T22:09:27,12,0,5,12
2022-09-07T22:18:36,12,0,5,12
2022-09-07T22:27:44,12,0,5,12
2022-09-07T22:36:52,12,0,5,12
2022-09-07T22:46:00,12,0,5,12
2022-09-07T22:55:08,12,0,5,12
2022-09-07T23:04:17,12,0,5,12
2022-09-07T23:13:28,12,0,5,12
2022-09-07T23:22:47,12,0,5,12
2022-09-07T23:31:56,12,0,5,12
2022-09-07T23:41:05,12,0,5,12
2022-09-07T23:50:12,12,0,5,12
2022-09-07T23:59:20,12,0,5,12
2022-09-08T00:08:36,12,0,5,12
2022-09-08T00:17:54,12,0,5,12
2022-09-08T00:27:04,12,0,5,12
2022-09-08T00:36:15,12,0,5,12
2022-09-08T00:45:27,12,0,5,12
2022-09-08T00:54:41,12,0,5,12
2022-09-08T01:04:01,12,0,5,12
2022-09-08T01:13:12,12,0,5,12
2022-09-08T01:22:22,12,0,5,12
2022-09-08T01:31:34,12,0,5,12
2022-09-08T01:40:47,12,0,5,12
2022-09-08T01:49:56,12,0,5,12
2022-09-08T01:59:09,12,0,5,12
2022-09-08T02:08:19,12,0,5,12
2022-09-08T02:17:27,12,0,5,12
2022-09-08T02:26:35,12,0,5,12
2022-09-08T02:35:44,12,0,5,12
2022-09-08T02:44:52,12,0,5,12
2022-09-08T02:54:11,12,0,5,12
2022-09-08T03:03:19,12,0,5,12
2022-09-08T03:12:28,12,0,5,12
2022-09-08T03:21:35,12,0,5,12
2022-09-08T03:30:42,12,0,5,12
2022-09-08T03:39:51,12,0,5,12
2022-09-08T03:49:01,12,0,5,12
2022-09-08T03:58:11,12,0,5,12
2022-09-08T04:09:30,12,0,5,12
2022-09-08T04:37:05,12,0,5,12
2022-09-08T04:46:21,12,0,5,12
2022-09-08T04:55:33,12,0,5,12
2022-09-08T05:04:45,12,0,5,12
2022-09-08T05:13:55,12,0,5,12
2022-09-08T05:23:05,12,0,5,12
2022-09-08T05:32:14,12,0,5,12
2022-09-08T05:41:24,12,0,5,12
2022-09-08T05:50:34,12,0,5,12
2022-09-08T05:59:45,12,0,5,12
2022-09-08T06:08:57,12,0,5,12
2022-09-08T06:18:10,12,0,5,12
2022-09-08T06:27:24,12,0,5,12
2022-09-08T06:36:35,12,0,5,12
2022-09-08T06:45:54,12,0,5,12
2022-09-08T06:55:11,12,0,5,12
2022-09-08T07:04:32,12,0,5,12
2022-09-08T07:13:51,12,0,5,12
2022-09-08T07:23:10,12,0,5,12
2022-09-08T07:32:31,12,0,5,12
2022-09-08T07:41:50,12,0,5,12
2022-09-08T07:51:08,12,0,5,12
2022-09-08T08:00:36,12,0,5,12
2022-09-08T08:09:52,12,0,5,12
2022-09-08T08:19:06,12,0,5,12
2022-09-08T08:28:20,12,0,5,12
2022-09-08T08:37:32,12,0,5,12
2022-09-08T08:46:42,12,0,5,12
2022-09-08T08:55:51,12,0,5,12
2022-09-08T09:05:02,12,0,5,12
2022-09-08T09:14:13,12,0,5,12
2022-09-08T09:23:24,12,0,5,12
2022-09-08T09:32:46,12,0,5,12
2022-09-08T09:41:57,12,0,5,12
2022-09-08T09:51:08,12,0,5,12
2022-09-08T10:00:18,12,0,5,12
2022-09-08T10:09:30,12,0,5,12
2022-09-08T10:18:52,12,0,5,12
2022-09-08T10:39:21,12,0,5,12
2022-09-08T11:00:55,12,0,5,12
2022-09-08T11:30:54,12,0,5,12
2022-09-08T11:47:00,12,0,5,12
2022-09-08T12:14:59,12,0,5,12
2022-09-08T13:06:10,12,0,5,12
2022-09-08T13:32:02,12,0,5,12
2022-09-08T14:11:54,12,0,5,12
2022-09-08T14:56:56,12,0,5,12
2022-09-08T15:31:08,12,0,5,12
2022-09-08T15:54:31,12,0,5,12
2022-09-08T16:10:59,12,0,5,12
2022-09-08T16:20:10,12,0,5,12
2022-09-08T16:29:21,12,0,5,12
2022-09-08T16:38:31,12,0,5,12
2022-09-08T16:47:41,12,0,5,12
2022-09-08T16:56:50,12,0,5,12
2022-09-08T17:06:10,12,0,5,12
2022-09-08T17:15:20,12,0,5,12
2022-09-08T17:24:30,12,0,5,12
2022-09-08T17:33:39,12,0,5,12
2022-09-08T17:42:48,12,0,5,12
2022-09-08T17:52:03,12,0,5,12
2022-09-08T18:01:12,12,0,5,12
2022-09-08T18:10:22,12,0,5,12
2022-09-08T18:19:31,12,0,5,12
2022-09-08T18:28:46,12,0,5,12
2022-09-08T18:37:55,12,0,5,12
2022-09-08T18:47:04,12,0,5,12
2022-09-08T18:56:13,12,0,5,12
2022-09-08T19:05:24,12,0,5,12
2022-09-08T19:14:33,12,0,5,12
2022-09-08T19:23:43,12,0,5,12
2022-09-08T19:32:52,12,0,5,12
2022-09-08T19:42:01,12,0,5,12
2022-09-08T19:51:21,12,0,5,12
2022-09-08T20:00:31,12,0,5,12
2022-09-08T20:09:40,12,0,5,12
2022-09-08T20:18:49,12,0,5,12
2022-09-08T20:27:59,12,0,5,12
2022-09-08T20:37:08,12,0,5,12
2022-09-08T20:46:17,12,0,5,12
2022-09-08T20:55:26,12,0,5,12
2022-09-08T21:04:47,12,0,5,12
2022-09-08T21:14:03,12,0,5,12
2022-09-08T21:23:12,12,0,5,12
2022-09-08T21:32:21,12,0,5,12
2022-09-08T21:41:29,12,0,5,12
2022-09-08T21:50:38,12,0,5,12
2022-09-08T21:59:46,12,0,5,12
2022-09-08T22:08:55,12,0,5,12
2022-09-08T22:18:10,12,0,5,12
2022-09-08T22:27:19,12,0,5,12
2022-09-08T22:36:28,12,0,5,12
2022-09-08T22:45:37,12,0,5,12
2022-09-08T22:54:45,12,0,5,12
2022-09-08T23:03:55,12,0,5,12
2022-09-08T23:13:04,12,0,5,12
2022-09-08T23:22:13,12,0,5,12
2022-09-08T23:31:22,12,0,5,12
2022-09-08T23:40:31,12,0,5,12
2022-09-08T23:49:40,12,0,5,12
2022-09-08T23:58:49,12,0,5,12
2022-09-09T00:08:02,12,0,5,12
2022-09-09T00:17:16,12,0,5,12
2022-09-09T00:26:27,12,0,5,12
2022-09-09T00:35:37,12,0,5,12
2022-09-09T00:44:48,12,0,5,12
2022-09-09T00:54:06,12,0,5,12
2022-09-09T01:03:17,12,0,5,12
2022-09-09T01:12:29,12,0,5,12
2022-09-09T01:21:46,12,0,5,12
2022-09-09T01:31:03,12,0,5,12
2022-09-09T01:40:16,12,0,5,12
2022-09-09T01:49:25,12,0,5,12
2022-09-09T01:58:36,12,0,5,12
2022-09-09T02:07:45,12,0,5,12
2022-09-09T02:16:54,12,0,5,12
2022-09-09T02:26:03,12,0,5,12
2022-09-09T02:35:13,12,0,5,12
2022-09-09T02:44:33,12,0,5,12
2022-09-09T02:53:41,12,0,5,12
2022-09-09T03:02:49,12,0,5,12
2022-09-09T03:11:57,12,0,5,12
2022-09-09T03:21:14,12,0,5,12
2022-09-09T03:30:24,12,0,5,12
2022-09-09T03:39:36,12,0,5,12
2022-09-09T03:48:47,12,0,5,12
2022-09-09T04:00:14,12,0,5,12
2022-09-09T04:09:48,12,0,5,12
2022-09-09T04:24:09,12,0,5,12
2022-09-09T04:33:45,12,0,5,12
2022-09-09T04:42:59,12,0,5,12
2022-09-09T04:52:11,12,0,5,12
2022-09-09T05:01:23,12,0,5,12
2022-09-09T05:10:35,12,0,5,12
2022-09-09T05:19:47,12,0,5,12
2022-09-09T05:29:04,12,0,5,12
2022-09-09T05:38:14,12,0,5,12
2022-09-09T05:47:25,12,0,5,12
2022-09-09T05:56:37,12,0,5,12
2022-09-09T06:05:48,12,0,5,12
2022-09-09T06:14:59,12,0,5,12
2022-09-09T06:24:10,12,0,5,12
2022-09-09T06:33:26,12,0,5,12
2022-09-09T06:42:41,12,0,5,12
2022-09-09T06:51:49,12,0,5,12
2022-09-09T07:01:04,12,0,5,12
2022-09-09T07:10:12,12,0,5,12
2022-09-09T07:19:21,12,0,5,12
2022-09-09T07:28:33,12,0,5,12
2022-09-09T07:37:43,12,0,5,12
2022-09-09T07:46:52,12,0,5,12
2022-09-09T07:56:01,12,0,5,12
2022-09-09T08:05:10,12,0,5,12
2022-09-09T08:14:20,12,0,5,12
2022-09-09T08:23:29,12,0,5,12
2022-09-09T08:32:39,12,0,5,12
2022-09-09T08:41:49,12,0,5,12
2022-09-09T08:51:00,12,0,5,12
2022-09-09T09:00:10,12,0,5,12
2022-09-09T09:09:20,12,0,5,12
2022-09-09T09:18:37,12,0,5,12
2022-09-09T09:27:47,12,0,5,12
2022-09-09T09:36:57,12,0,5,12
2022-09-09T09:46:19,12,0,5,12
2022-09-09T09:55:35,12,0,5,12
2022-09-09T10:04:45,12,0,5,12
2022-09-09T10:13:56,12,0,5,12
2022-09-09T10:23:12,12,0,5,12
2022-09-09T10:32:23,12,0,5,12
2022-09-09T10:41:33,12,0,5,12
2022-09-09T10:50:43,12,0,5,12
2022-09-09T10:59:53,12,0,5,12
2022-09-09T11:09:03,12,0,5,12
2022-09-09T11:18:15,12,0,5,12
2022-09-09T11:27:36,12,0,5,12
2022-09-09T11:36:47,12,0,5,12
2022-09-09T11:45:57,12,0,5,12
2022-09-09T11:55:07,12,0,5,12
2022-09-09T12:04:18,12,0,5,12
2022-09-09T12:13:28,12,0,5,12
2022-09-09T12:22:38,12,0,5,12
2022-09-09T12:31:48,12,0,5,12
2022-09-09T12:41:08,12,0,5,12
2022-09-09T12:50:18,12,0,5,12
2022-09-09T12:59:28,12,0,5,12
2022-09-09T13:08:44,12,0,5,12
2022-09-09T13:18:00,12,0,5,12
2022-09-09T13:27:15,12,0,5,12
2022-09-09T13:36:25,12,0,5,12
2022-09-09T13:45:36,12,0,5,12
2022-09-09T13:54:46,12,0,5,12
2022-09-09T14:04:06,12,0,5,12
2022-09-09T14:13:16,12,0,5,12
2022-09-09T14:22:27,12,0,5,12
2022-09-09T14:31:44,12,0,5,12
2022-09-09T14:40:54,12,0,5,12
2022-09-09T14:50:06,12,0,5,12
2022-09-09T14:59:17,12,0,5,12
2022-09-09T15:08:28,12,0,5,12
2022-09-09T15:17:52,12,0,5,12
2022-09-09T15:27:03,12,0,5,12
2022-09-09T15:43:22,12,0,5,12
2022-09-09T15:52:35,12,0,5,12
2022-09-09T16:01:46,12,0,5,12
2022-09-09T16:10:57,12,0,5,12
2022-09-09T16:20:07,12,0,5,12
2022-09-09T16:29:18,12,0,5,12
2022-09-09T16:38:28,12,0,5,12
2022-09-09T16:47:44,12,0,5,12
2022-09-09T16:56:54,12,0,5,12
2022-09-09T17:06:15,12,0,5,12
2022-09-09T17:15:26,12,0,5,12
2022-09-09T17:24:36,12,0,5,12
2022-09-09T17:33:46,12,0,5,12
2022-09-09T17:42:55,12,0,5,12
2022-09-09T17:52:05,12,0,5,12
2022-09-09T18:01:14,12,0,5,12
2022-09-09T18:10:23,12,0,5,12
2022-09-09T18:19:45,12,0,5,12
2022-09-09T18:28:56,12,0,5,12
2022-09-09T18:38:05,12,0,5,12
2022-09-09T18:47:14,12,0,5,12
2022-09-09T18:56:23,12,0,5,12
2022-09-09T19:05:32,12,0,5,12
2022-09-09T19:14:41,12,0,5,12
2022-09-09T19:24:07,12,0,5,12
2022-09-09T19:33:16,12,0,5,12
2022-09-09T19:42:25,12,0,5,12
2022-09-09T19:51:35,12,0,5,12
2022-09-09T20:00:44,12,0,5,12
2022-09-09T20:09:53,12,0,5,12
2022-09-09T20:19:03,12,0,5,12
2022-09-09T20:28:13,12,0,5,12
2022-09-09T20:37:22,12,0,5,12
2022-09-09T20:46:37,12,0,5,12
2022-09-09T20:55:46,12,0,5,12
2022-09-09T21:05:06,12,0,5,12
2022-09-09T21:14:21,12,0,5,12
2022-09-09T21:23:33,12,0,5,12
2022-09-09T21:32:44,12,0,5,12
2022-09-09T21:41:54,12,0,5,12
2022-09-09T21:51:03,12,0,5,12
2022-09-09T22:00:12,12,0,5,12
2022-09-09T22:09:32,12,0,5,12
2022-09-09T22:18:42,12,0,5,12
2022-09-09T22:27:52,12,0,5,12
2022-09-09T22:37:02,12,0,5,12
2022-09-09T22:46:23,12,0,5,12
2022-09-09T22:55:33,12,0,5,12
2022-09-09T23:04:43,12,0,5,12
2022-09-09T23:14:00,12,0,5,12
2022-09-09T23:23:09,12,0,5,12
2022-09-09T23:32:36,12,0,5,12
2022-09-09T23:41:45,12,0,5,12
2022-09-09T23:50:54,12,0,5,12
2022-09-10T00:00:03,12,0,5,12
2022-09-10T00:09:13,12,0,5,12
2022-09-10T00:18:36,12,0,5,12
2022-09-10T00:27:46,12,0,5,12
2022-09-10T00:36:57,12,0,5,12
2022-09-10T00:46:09,12,0,5,12
2022-09-10T00:55:29,12,0,5,12
2022-09-10T01:04:41,12,0,5,12
2022-09-10T01:13:57,12,0,5,12
2022-09-10T01:23:10,12,0,5,12
2022-09-10T01:32:23,12,0,5,12
2022-09-10T01:41:36,12,0,5,12
2022-09-10T01:50:46,12,0,5,12
2022-09-10T02:00:07,12,0,5,12
2022-09-10T02:09:18,12,0,5,12
2022-09-10T02:18:27,12,0,5,12
2022-09-10T02:27:36,12,0,5,12
2022-09-10T02:36:46,12,0,5,12
2022-09-10T02:45:54,12,0,5,12
2022-09-10T02:55:03,12,0,5,12
2022-09-10T03:04:11,12,0,5,12
2022-09-10T03:13:20,12,0,5,12
2022-09-10T03:22:28,12,0,5,12
2022-09-10T03:31:36,12,0,5,12
2022-09-10T03:40:46,12,0,5,12
2022-09-10T03:49:56,12,0,5,12
2022-09-10T03:59:07,12,0,5,12
2022-09-10T04:08:17,12,0,5,12
2022-09-10T04:26:48,12,0,5,12
2022-09-10T04:36:29,12,0,5,12
2022-09-10T04:45:41,12,0,5,12
2022-09-10T04:54:50,12,0,5,12
2022-09-10T05:03:59,12,0,5,12
2022-09-10T05:13:08,12,0,5,12
2022-09-10T05:22:16,12,0,5,12
2022-09-10T05:31:24,12,0,5,12
2022-09-10T05:40:32,12,0,5,12
2022-09-10T05:49:41,12,0,5,12
2022-09-10T05:58:49,12,0,5,12
2022-09-10T06:07:57,12,0,5,12
2022-09-10T06:17:05,12,0,5,12
2022-09-10T06:26:14,12,0,5,12
2022-09-10T06:35:22,12,0,5,12
2022-09-10T06:44:30,12,0,5,12
2022-09-10T06:53:39,12,0,5,12
2022-09-10T07:02:47,12,0,5,12
2022-09-10T07:11:56,12,0,5,12
2022-09-10T07:21:05,12,0,5,12
2022-09-10T07:30:24,12,0,5,12
2022-09-10T07:39:33,12,0,5,12
2022-09-10T07:48:42,12,0,5,12
2022-09-10T07:57:50,12,0,5,12
2022-09-10T08:06:58,12,0,5,12
2022-09-10T08:16:07,12,0,5,12
2022-09-10T08:25:15,12,0,5,12
2022-09-10T08:34:24,12,0,5,12
2022-09-10T08:43:43,12,0,5,12
2022-09-10T08:52:51,12,0,5,12
2022-09-10T09:02:01,12,0,5,12
2022-09-10T09:11:16,12,0,5,12
2022-09-10T09:20:26,12,0,5,12
2022-09-10T09:29:37,12,0,5,12
2022-09-10T09:38:48,12,0,5,12
2022-09-10T09:47:59,12,0,5,12
2022-09-10T09:57:21,12,0,5,12
2022-09-10T10:06:30,12,0,5,12
2022-09-10T10:15:40,12,0,5,12
2022-09-10T10:24:49,12,0,5,12
2022-09-10T10:33:57,12,0,5,12
2022-09-10T10:43:07,12,0,5,12
2022-09-10T10:52:17,12,0,5,12
2022-09-10T11:01:39,12,0,5,12
2022-09-10T11:10:49,12,0,5,12
2022-09-10T11:19:58,12,0,5,12
2022-09-10T11:29:07,12,0,5,12
2022-09-10T11:38:17,12,0,5,12
2022-09-10T11:47:38,12,0,5,12
2022-09-10T11:56:47,12,0,5,12
2022-09-10T12:05:57,12,0,5,12
2022-09-10T12:15:12,12,0,5,12
2022-09-10T12:24:28,12,0,5,12
2022-09-10T12:33:46,12,0,5,12
2022-09-10T12:43:06,12,0,5,12
2022-09-10T12:52:34,12,0,5,12
2022-09-10T13:01:54,12,0,5,12
2022-09-10T13:11:17,12,0,5,12
2022-09-10T13:20:36,12,0,5,12
2022-09-10T13:30:12,12,0,5,12
2022-09-10T13:39:31,12,0,5,12
2022-09-10T13:48:46,12,0,5,12
2022-09-10T13:58:00,12,0,5,12
2022-09-10T14:07:31,12,0,5,12
2022-09-10T14:16:44,12,0,5,12
2022-09-10T14:25:55,12,0,5,12
2022-09-10T14:35:07,12,0,5,12
2022-09-10T14:44:18,12,0,5,12
2022-09-10T14:53:29,12,0,5,12
2022-09-10T15:02:40,12,0,5,12
2022-09-10T15:11:52,12,0,5,12
2022-09-10T15:21:14,12,0,5,12
2022-09-10T15:30:25,12,0,5,12
2022-09-10T15:39:36,12,0,5,12
2022-09-10T15:48:48,12,0,5,12
2022-09-10T15:57:58,12,0,5,12
2022-09-10T16:07:10,12,0,5,12
2022-09-10T16:16:21,12,0,5,12
2022-09-10T16:25:37,12,0,5,12
2022-09-10T16:35:03,12,0,5,12
2022-09-10T16:44:13,12,0,5,12
2022-09-10T16:53:24,12,0,5,12
2022-09-10T17:02:34,12,0,5,12
2022-09-10T17:11:45,12,0,5,12
2022-09-10T17:21:00,12,0,5,12
2022-09-10T17:30:16,12,0,5,12
2022-09-10T17:39:25,12,0,5,12
2022-09-10T17:48:33,12,0,5,12
2022-09-10T17:57:42,12,0,5,12
2022-09-10T18:06:51,12,0,5,12
2022-09-10T18:16:02,12,0,5,12
2022-09-10T18:25:22,12,0,5,12
2022-09-10T18:34:31,12,0,5,12
2022-09-10T18:43:39,12,0,5,12
2022-09-10T18:52:48,12,0,5,12
2022-09-10T19:01:57,12,0,5,12
2022-09-10T19:11:07,12,0,5,12
2022-09-10T19:20:16,12,0,5,12
2022-09-10T19:29:24,12,0,5,12
2022-09-10T19:38:33,12,0,5,12
2022-09-10T19:47:47,12,0,5,12
2022-09-10T19:56:56,12,0,5,12
2022-09-10T20:06:04,12,0,5,12
2022-09-10T20:15:13,12,0,5,12
2022-09-10T20:24:22,12,0,5,12
2022-09-10T20:33:31,12,0,5,12
2022-09-10T20:42:39,12,0,5,12
2022-09-10T20:51:59,12,0,5,12
2022-09-10T21:01:07,12,0,5,12
2022-09-10T21:10:16,12,0,5,12
2022-09-10T21:19:25,12,0,5,12
2022-09-10T21:28:34,12,0,5,12
2022-09-10T21:37:43,12,0,5,12
2022-09-10T21:46:52,12,0,5,12
2022-09-10T21:56:01,12,0,5,12
2022-09-10T22:05:11,12,0,5,12
2022-09-10T22:14:21,12,0,5,12
2022-09-10T22:23:31,12,0,5,12
2022-09-10T22:32:43,12,0,5,12
2022-09-10T22:41:53,12,0,5,12
2022-09-10T22:51:03,12,0,5,12
2022-09-10T23:00:12,12,0,5,12
2022-09-10T23:09:33,12,0,5,12
2022-09-10T23:18:43,12,0,5,12
2022-09-10T23:33:32,12,0,5,12
2022-09-10T23:42:41,12,0,5,12
2022-09-10T23:51:56,12,0,5,12
2022-09-11T00:01:05,12,0,5,12
2022-09-11T00:10:26,12,0,5,12
2022-09-11T00:19:40,12,0,5,12
2022-09-11T00:28:49,12,0,5,12
2022-09-11T00:38:03,12,0,5,12
2022-09-11T00:47:12,12,0,5,12
2022-09-11T00:56:20,12,0,5,12
2022-09-11T01:05:40,12,0,5,12
2022-09-11T01:14:51,12,0,5,12
2022-09-11T01:23:59,12,0,5,12
2022-09-11T01:33:08,12,0,5,12
2022-09-11T01:42:23,12,0,5,12
2022-09-11T01:51:32,12,0,5,12
2022-09-11T02:00:52,12,0,5,12
2022-09-11T02:10:00,12,0,5,12
2022-09-11T02:19:09,12,0,5,12
2022-09-11T02:28:21,12,0,5,12
2022-09-11T02:37:38,12,0,5,12
2022-09-11T02:46:53,12,0,5,12
2022-09-11T02:56:17,12,0,5,12
2022-09-11T03:05:30,12,0,5,12
2022-09-11T03:14:42,12,0,5,12
2022-09-11T03:23:57,12,0,5,12
2022-09-11T03:33:09,12,0,5,12
2022-09-11T03:42:27,12,0,5,12
2022-09-11T03:51:39,12,0,5,12
2022-09-11T04:03:42,12,0,5,12
2022-09-11T04:20:25,12,0,5,12
2022-09-11T04:30:08,12,0,5,12
2022-09-11T04:39:21,12,0,5,12
2022-09-11T04:48:33,12,0,5,12
2022-09-11T04:57:45,12,0,5,12
2022-09-11T05:07:01,12,0,5,12
2022-09-11T05:16:20,12,0,5,12
2022-09-11T05:25:33,12,0,5,12
2022-09-11T05:34:45,12,0,5,12
2022-09-11T05:43:55,12,0,5,12
2022-09-11T05:53:07,12,0,5,12
2022-09-11T06:02:20,12,0,5,12
2022-09-11T06:11:31,12,0,5,12
2022-09-11T06:20:53,12,0,5,12
2022-09-11T06:30:03,12,0,5,12
2022-09-11T06:39:11,12,0,5,12
2022-09-11T06:48:19,12,0,5,12
2022-09-11T06:57:44,12,0,5,12
2022-09-11T07:06:53,12,0,5,12
2022-09-11T07:16:07,12,0,5,12
2022-09-11T07:25:17,12,0,5,12
2022-09-11T07:34:27,12,0,5,12
2022-09-11T07:43:38,12,0,5,12
2022-09-11T07:52:48,12,0,5,12
2022-09-11T08:02:08,12,0,5,12
2022-09-11T08:11:17,12,0,5,12
2022-09-11T08:20:26,12,0,5,12
2022-09-11T08:29:36,12,0,5,12
2022-09-11T08:38:45,12,0,5,12
2022-09-11T08:47:53,12,0,5,12
2022-09-11T08:57:02,12,0,5,12
2022-09-11T09:06:25,12,0,5,12
2022-09-11T09:15:33,12,0,5,12
2022-09-11T09:24:42,12,0,5,12
2022-09-11T09:33:51,12,0,5,12
2022-09-11T09:43:00,12,0,5,12
2022-09-11T09:52:08,12,0,5,12
2022-09-11T10:01:17,12,0,5,12
2022-09-11T10:10:36,12,0,5,12
2022-09-11T10:19:47,12,0,5,12
2022-09-11T10:28:57,12,0,5,12
2022-09-11T10:38:08,12,0,5,12
2022-09-11T10:47:19,12,0,5,12
2022-09-11T10:56:39,12,0,5,12
2022-09-11T11:05:49,12,0,5,12
2022-09-11T11:15:04,12,0,5,12
2022-09-11T11:24:14,12,0,5,12
2022-09-11T11:33:24,12,0,5,12
2022-09-11T11:42:43,12,0,5,12
2022-09-11T11:51:52,12,0,5,12
2022-09-11T12:01:01,12,0,5,12
2022-09-11T12:10:09,12,0,5,12
2022-09-11T12:19:18,12,0,5,12
2022-09-11T12:28:36,12,0,5,12
2022-09-11T12:37:44,12,0,5,12
2022-09-11T12:46:53,12,0,5,12
2022-09-11T12:56:01,12,0,5,12
2022-09-11T13:05:10,12,0,5,12
2022-09-11T13:14:29,12,0,5,12
2022-09-11T13:23:37,12,0,5,12
2022-09-11T13:32:45,12,0,5,12
2022-09-11T13:41:54,12,0,5,12
2022-09-11T13:51:15,12,0,5,12
2022-09-11T14:00:25,12,0,5,12
2022-09-11T14:09:43,12,0,5,12
2022-09-11T14:18:52,12,0,5,12
2022-09-11T14:28:00,12,0,5,12
2022-09-11T14:37:10,12,0,5,12
2022-09-11T14:46:19,12,0,5,12
2022-09-11T14:55:33,12,0,5,12
2022-09-11T15:04:41,12,0,5,12
2022-09-11T15:14:00,12,0,5,12
2022-09-11T15:23:08,12,0,5,12
2022-09-11T15:32:17,12,0,5,12
2022-09-11T15:41:25,12,0,5,12
2022-09-11T15:50:44,12,0,5,12
2022-09-11T15:59:52,12,0,5,12
2022-09-11T16:09:01,12,0,5,12
2022-09-11T16:18:10,12,0,5,12
2022-09-11T16:27:25,12,0,5,12
2022-09-11T16:36:34,12,0,5,12
2022-09-11T16:45:42,12,0,5,12
2022-09-11T16:55:01,12,0,5,12
2022-09-11T17:04:16,12,0,5,12
2022-09-11T17:13:31,12,0,5,12
2022-09-11T17:22:40,12,0,5,12
2022-09-11T17:31:48,12,0,5,12
2022-09-11T17:40:57,12,0,5,12
2022-09-11T17:50:15,12,0,5,12
2022-09-11T17:59:24,12,0,5,12
2022-09-11T18:08:38,12,0,5,12
2022-09-11T18:17:47,12,0,5,12
2022-09-11T18:26:55,12,0,5,12
2022-09-11T18:36:04,12,0,5,12
2022-09-11T18:45:23,12,0,5,12
2022-09-11T18:54:32,12,0,5,12
2022-09-11T19:03:48,12,0,5,12
2022-09-11T19:12:57,12,0,5,12
2022-09-11T19:22:07,12,0,5,12
2022-09-11T19:31:27,12,0,5,12
2022-09-11T19:40:36,12,0,5,12
2022-09-11T19:49:46,12,0,5,12
2022-09-11T19:58:55,12,0,5,12
2022-09-11T20:08:04,12,0,5,12
2022-09-11T20:17:24,12,0,5,12
2022-09-11T20:26:32,12,0,5,12
2022-09-11T20:35:41,12,0,5,12
2022-09-11T20:44:49,12,0,5,12
2022-09-11T20:54:04,12,0,5,12
2022-09-11T21:03:13,12,0,5,12
2022-09-11T21:12:32,12,0,5,12
2022-09-11T21:21:41,12,0,5,12
2022-09-11T21:30:51,12,0,5,12
2022-09-11T21:40:01,12,0,5,12
2022-09-11T21:49:10,12,0,5,12
2022-09-11T21:58:30,12,0,5,12
2022-09-11T22:07:38,12,0,5,12
2022-09-11T22:16:47,12,0,5,12
2022-09-11T22:25:56,12,0,5,12
2022-09-11T22:35:17,12,0,5,12
2022-09-11T22:44:25,12,0,5,12
2022-09-11T22:53:34,12,0,5,12
2022-09-11T23:02:43,12,0,5,12
2022-09-11T23:11:52,12,0,5,12
2022-09-11T23:21:13,12,0,5,12
2022-09-11T23:30:23,12,0,5,12
2022-09-11T23:39:32,12,0,5,12
2022-09-11T23:48:41,12,0,5,12
2022-09-11T23:57:49,12,0,5,12
2022-09-12T00:07:10,12,0,5,12
2022-09-12T00:16:27,12,0,5,12
2022-09-12T00:25:38,12,0,5,12
2022-09-12T00:35:04,12,0,5,12
2022-09-12T00:44:15,12,0,5,12
2022-09-12T00:53:38,12,0,5,12
2022-09-12T01:02:46,12,0,5,12
2022-09-12T01:12:10,12,0,5,12
2022-09-12T01:21:29,12,0,5,12
2022-09-12T01:30:40,12,0,5,12
2022-09-12T01:39:52,12,0,5,12
2022-09-12T01:49:01,12,0,5,12
2022-09-12T01:58:24,12,0,5,12
2022-09-12T02:07:35,12,0,5,12
2022-09-12T02:16:53,12,0,5,12
2022-09-12T02:26:04,12,0,5,12
2022-09-12T02:35:14,12,0,5,12
2022-09-12T02:44:23,12,0,5,12
2022-09-12T02:53:34,12,0,5,12
2022-09-12T03:02:49,12,0,5,12
2022-09-12T03:12:09,12,0,5,12
2022-09-12T03:21:19,12,0,5,12
2022-09-12T03:30:34,12,0,5,12
2022-09-12T03:39:45,12,0,5,12
2022-09-12T03:48:55,12,0,5,12
2022-09-12T03:58:06,12,0,5,12
2022-09-12T04:19:48,12,0,5,12
2022-09-12T04:29:25,12,0,5,12
2022-09-12T04:38:39,12,0,5,12
2022-09-12T04:47:51,12,0,5,12
2022-09-12T04:57:02,12,0,5,12
2022-09-12T05:06:21,12,0,5,12
2022-09-12T05:15:34,12,0,5,12
2022-09-12T05:24:52,12,0,5,12
2022-09-12T05:34:06,12,0,5,12
2022-09-12T05:43:15,12,0,5,12
2022-09-12T05:52:24,12,0,5,12
2022-09-12T06:01:45,12,0,5,12
2022-09-12T06:10:56,12,0,5,12
2022-09-12T06:20:06,12,0,5,12
2022-09-12T06:29:15,12,0,5,12
2022-09-12T06:38:24,12,0,5,12
2022-09-12T06:47:34,12,0,5,12
2022-09-12T06:56:44,12,0,5,12
2022-09-12T07:06:05,12,0,5,12
2022-09-12T07:15:13,12,0,5,12
2022-09-12T07:24:23,12,0,5,12
2022-09-12T07:33:33,12,0,5,12
2022-09-12T07:42:43,12,0,5,12
2022-09-12T07:51:53,12,0,5,12
2022-09-12T08:01:04,12,0,5,12
2022-09-12T08:10:16,12,0,5,12
2022-09-12T08:19:37,12,0,5,12
2022-09-12T08:28:47,12,0,5,12
2022-09-12T08:37:57,12,0,5,12
2022-09-12T08:47:06,12,0,5,12
2022-09-12T08:56:16,12,0,5,12
2022-09-12T09:05:27,12,0,5,12
2022-09-12T09:14:37,12,0,5,12
2022-09-12T09:23:59,12,0,5,12
2022-09-12T09:33:18,12,0,5,12
2022-09-12T09:42:29,12,0,5,12
2022-09-12T09:51:43,12,0,5,12
2022-09-12T10:00:54,12,0,5,12
2022-09-12T10:10:06,12,0,5,12
2022-09-12T10:19:30,12,0,5,12
2022-09-12T10:28:40,13,0,5,12
2022-09-12T10:37:52,14,0,5,12
2022-09-12T10:47:03,14,0,5,12
2022-09-12T10:56:14,14,0,5,12
2022-09-12T11:16:45,14,0,5,12
2022-09-12T11:26:03,14,0,5,12
2022-09-12T11:35:18,14,0,5,12
2022-09-12T11:44:29,14,0,5,12
2022-09-12T11:53:41,14,0,5,12
2022-09-12T12:02:51,14,0,5,12
2022-09-12T12:12:13,14,0,5,12
2022-09-12T12:21:29,14,0,5,12
2022-09-12T12:30:40,14,0,5,12
2022-09-12T12:39:50,14,0,5,12
2022-09-12T12:49:00,14,0,5,12
2022-09-12T12:58:22,14,0,5,12
2022-09-12T13:07:33,14,0,5,12
2022-09-12T13:16:45,14,0,5,12
2022-09-12T13:25:57,14,0,5,12
2022-09-12T13:35:08,14,0,5,12
2022-09-12T13:44:19,14,0,5,12
2022-09-12T13:53:41,14,0,5,12
2022-09-12T14:02:52,14,0,5,12
2022-09-12T14:12:04,14,0,5,12
2022-09-12T14:21:16,14,0,5,12
2022-09-12T14:30:28,14,0,5,12
2022-09-12T14:39:39,14,0,5,12
2022-09-12T14:48:50,14,0,5,12
2022-09-12T14:58:13,14,0,5,12
2022-09-12T15:07:27,14,0,5,12
2022-09-12T15:16:39,14,0,5,12
2022-09-12T15:25:51,14,0,5,12
2022-09-12T15:35:03,14,0,5,12
2022-09-12T15:44:29,14,0,5,12
2022-09-12T15:53:43,14,0,5,12
2022-09-12T16:02:56,14,0,5,12
2022-09-12T16:17:18,14,0,5,12
2022-09-12T16:26:30,14,0,5,12
2022-09-12T16:35:40,14,0,5,12
2022-09-12T16:44:52,14,0,5,12
2022-09-12T16:54:15,14,0,5,12
2022-09-12T17:03:26,14,0,5,12
2022-09-12T17:12:38,14,0,5,12
2022-09-12T17:22:00,14,0,5,12
2022-09-12T17:31:11,14,0,5,12
2022-09-12T17:40:21,14,0,5,12
2022-09-12T17:49:32,14,0,5,12
2022-09-12T17:59:02,14,0,5,12
2022-09-12T18:08:14,14,0,5,12
2022-09-12T18:17:24,14,0,5,12
2022-09-12T18:26:36,14,0,5,12
2022-09-12T18:35:46,14,0,5,12
2022-09-12T18:45:08,14,0,5,12
2022-09-12T18:54:19,14,0,5,12
2022-09-12T19:03:35,14,0,5,12
2022-09-12T19:12:57,14,0,5,12
2022-09-12T19:22:08,14,0,5,12
2022-09-12T19:31:18,14,0,5,12
2022-09-12T19:40:34,14,0,5,12
2022-09-12T19:49:56,14,0,5,12
2022-09-12T19:59:05,14,0,5,12
2022-09-12T20:08:16,14,0,5,12
2022-09-12T20:17:25,14,0,5,12
2022-09-12T20:26:35,14,0,5,12
2022-09-12T20:35:56,14,0,5,12
2022-09-12T20:45:06,14,0,5,12
2022-09-12T20:54:15,14,0,5,12
2022-09-12T21:03:31,14,0,5,12
2022-09-12T21:12:41,14,0,5,12
2022-09-12T21:22:02,14,0,5,12
2022-09-12T21:31:12,14,0,5,12
2022-09-12T21:40:22,14,0,5,12
2022-09-12T21:49:32,14,0,5,12
2022-09-12T21:58:41,14,0,5,12
2022-09-12T22:07:51,14,0,5,12
2022-09-12T22:17:13,14,0,5,12
2022-09-12T22:26:23,14,0,5,12
2022-09-12T22:35:34,14,0,5,12
2022-09-12T22:44:44,14,0,5,12
2022-09-12T22:53:53,14,0,5,12
2022-09-12T23:03:04,14,0,5,12
2022-09-12T23:12:26,14,0,5,12
2022-09-12T23:21:37,14,0,5,12
2022-09-12T23:30:47,14,0,5,12
2022-09-12T23:39:58,14,0,5,12
2022-09-12T23:49:07,14,0,5,12
2022-09-12T23:58:17,14,0,5,12
2022-09-13T00:07:40,14,0,5,12
2022-09-13T00:16:57,14,0,5,12
2022-09-13T00:26:09,14,0,5,12
2022-09-13T00:35:32,14,0,5,12
2022-09-13T00:44:44,14,0,5,12
2022-09-13T00:53:57,14,0,5,12
2022-09-13T01:03:08,14,0,5,12
2022-09-13T01:12:21,14,0,5,12
2022-09-13T01:21:33,14,0,5,12
2022-09-13T01:30:58,14,0,5,12
2022-09-13T01:40:11,14,0,5,12
2022-09-13T01:49:22,14,0,5,12
2022-09-13T01:58:42,14,0,5,12
2022-09-13T02:07:53,14,0,5,12
2022-09-13T02:17:09,14,0,5,12
2022-09-13T02:26:17,14,0,5,12
2022-09-13T02:35:33,14,0,5,12
2022-09-13T02:44:42,14,0,5,12
2022-09-13T02:53:51,14,0,5,12
2022-09-13T03:03:00,14,0,5,12
2022-09-13T03:12:19,14,0,5,12
2022-09-13T03:21:28,14,0,5,12
2022-09-13T03:30:37,14,0,5,12
2022-09-13T03:39:47,14,0,5,12
2022-09-13T03:48:59,14,0,5,12
2022-09-13T03:58:11,14,0,5,12
2022-09-13T04:07:22,14,0,5,12
2022-09-13T04:16:33,14,0,5,12
2022-09-13T04:31:27,14,0,5,12
2022-09-13T04:40:50,14,0,5,12
2022-09-13T04:50:04,14,0,5,12
2022-09-13T04:59:15,14,0,5,12
2022-09-13T05:08:27,14,0,5,12
2022-09-13T05:17:38,14,0,5,12
2022-09-13T05:26:48,14,0,5,12
2022-09-13T05:35:59,14,0,5,12
2022-09-13T05:45:10,14,0,5,12
2022-09-13T05:54:23,14,0,5,12
2022-09-13T06:03:42,14,0,5,12
2022-09-13T06:12:56,14,0,5,12
2022-09-13T06:22:11,14,0,5,12
2022-09-13T06:31:27,14,0,5,12
2022-09-13T06:40:48,14,0,5,12
2022-09-13T06:50:09,14,0,5,12
2022-09-13T06:59:24,14,0,5,12
2022-09-13T07:08:39,14,0,5,12
2022-09-13T07:18:03,14,0,5,12
2022-09-13T07:27:17,14,0,5,12
2022-09-13T07:36:36,14,0,5,12
2022-09-13T07:45:50,14,0,5,12
2022-09-13T07:55:04,14,0,5,12
2022-09-13T08:04:18,14,0,5,12
2022-09-13T08:13:32,14,0,5,12
2022-09-13T08:22:46,14,0,5,12
2022-09-13T08:32:02,14,0,5,12
2022-09-13T08:41:16,14,0,5,12
2022-09-13T08:50:42,14,0,5,12
2022-09-13T09:00:03,14,0,5,12
2022-09-13T09:09:17,14,0,5,12
2022-09-13T09:18:30,14,0,5,12
2022-09-13T09:27:42,14,0,5,12
2022-09-13T09:36:57,14,0,5,12
2022-09-13T09:46:10,14,0,5,12
2022-09-13T09:55:33,14,0,5,12
2022-09-13T10:04:53,14,0,5,12
2022-09-13T10:14:06,14,0,5,12
2022-09-13T10:23:20,14,0,5,12
2022-09-13T10:32:36,14,0,5,12
2022-09-13T10:42:01,14,0,5,12
2022-09-13T10:51:20,14,0,5,12
2022-09-13T11:00:40,14,0,5,12
2022-09-13T11:09:54,14,0,5,12
2022-09-13T11:19:08,14,0,5,12
2022-09-13T11:28:33,14,0,5,12
2022-09-13T11:37:46,14,0,5,12
2022-09-13T11:47:01,14,0,5,12
2022-09-13T11:56:14,14,0,5,12
2022-09-13T12:05:37,14,0,5,12
2022-09-13T12:14:49,14,0,5,12
2022-09-13T12:24:02,14,0,5,12
2022-09-13T12:33:14,14,0,5,12
2022-09-13T12:42:26,14,0,5,12
2022-09-13T12:51:55,14,0,5,12
2022-09-13T13:01:14,14,0,5,12
2022-09-13T13:10:27,14,0,5,12
2022-09-13T13:19:46,14,0,5,12
2022-09-13T13:29:00,14,0,5,12
2022-09-13T13:38:13,14,0,5,12
2022-09-13T13:47:37,14,0,5,12
2022-09-13T13:56:51,14,0,5,12
2022-09-13T14:06:05,14,0,5,12
2022-09-13T14:15:24,14,0,5,12
2022-09-13T14:24:40,14,0,5,12
2022-09-13T14:33:53,14,0,5,12
2022-09-13T14:43:20,14,0,5,12
2022-09-13T14:52:33,14,0,5,12
2022-09-13T15:01:45,14,0,5,12
2022-09-13T15:10:58,14,0,5,12
2022-09-13T15:20:10,14,0,5,12
2022-09-13T15:29:24,14,0,5,12
2022-09-13T15:38:48,14,0,5,12
2022-09-13T15:48:01,14,0,5,12
2022-09-13T15:57:14,14,0,5,12
2022-09-13T16:06:27,14,0,5,12
2022-09-13T16:15:40,14,0,5,12
2022-09-13T16:24:53,14,0,5,12
2022-09-13T16:34:16,14,0,5,12
2022-09-13T16:43:29,14,0,5,12
2022-09-13T16:52:40,14,0,5,12
2022-09-13T17:01:53,14,0,5,12
2022-09-13T17:11:16,14,0,5,12
2022-09-13T17:20:28,14,0,5,12
2022-09-13T17:29:40,14,0,5,12
2022-09-13T17:38:51,14,0,5,12
2022-09-13T17:48:03,14,0,5,12
2022-09-13T17:57:26,14,0,5,12
2022-09-13T18:06:38,14,0,5,12
2022-09-13T18:15:50,14,0,5,12
2022-09-13T18:25:01,14,0,5,12
2022-09-13T18:34:12,14,0,5,12
2022-09-13T18:43:24,14,0,5,12
2022-09-13T18:52:46,14,0,5,12
2022-09-13T19:01:57,14,0,5,12
2022-09-13T19:11:09,14,0,5,12
2022-09-13T19:20:19,14,0,5,12
2022-09-13T19:29:32,14,0,5,12
2022-09-13T19:38:43,14,0,5,12
2022-09-13T19:47:54,14,0,5,12
2022-09-13T19:57:16,14,0,5,12
2022-09-13T20:06:28,14,0,5,12
2022-09-13T20:15:39,14,0,5,12
2022-09-13T20:24:54,14,0,5,12
2022-09-13T20:34:05,14,0,5,12
2022-09-13T20:43:16,14,0,5,12
2022-09-13T20:52:37,14,0,5,12
2022-09-13T21:01:49,14,0,5,12
2022-09-13T21:11:00,14,0,5,12
2022-09-13T21:20:11,14,0,5,12
2022-09-13T21:29:33,14,0,5,12
2022-09-13T21:38:44,14,0,5,12
2022-09-13T21:47:55,14,0,5,12
2022-09-13T21:57:06,14,0,5,12
2022-09-13T22:06:17,14,0,5,12
2022-09-13T22:15:29,14,0,5,12
2022-09-13T22:24:41,14,0,5,12
2022-09-13T22:33:53,14,0,5,12
2022-09-13T22:43:04,14,0,5,12
2022-09-13T22:52:26,14,0,5,12
2022-09-13T23:01:37,14,0,5,12
2022-09-13T23:10:49,14,0,5,12
2022-09-13T23:20:00,14,0,5,12
2022-09-13T23:29:11,14,0,5,12
2022-09-13T23:38:25,14,0,5,12
2022-09-13T23:47:35,14,0,5,12
2022-09-13T23:56:57,14,0,5,12
2022-09-14T00:06:09,14,0,5,12
2022-09-14T00:15:22,14,0,5,12
2022-09-14T00:24:36,14,0,5,12
2022-09-14T00:33:48,14,0,5,12
2022-09-14T00:43:02,14,0,5,12
2022-09-14T00:52:15,14,0,5,12
2022-09-14T01:01:29,14,0,5,12
2022-09-14T01:10:43,14,0,5,12
2022-09-14T01:20:09,14,0,5,12
2022-09-14T01:29:23,14,0,5,12
2022-09-14T01:38:36,14,0,5,12
2022-09-14T01:47:48,14,0,5,12
2022-09-14T01:57:04,14,0,5,12
2022-09-14T02:06:17,14,0,5,12
2022-09-14T02:15:28,14,0,5,12
2022-09-14T02:24:38,14,0,5,12
2022-09-14T02:33:53,14,0,5,12
2022-09-14T02:43:06,14,0,5,12
2022-09-14T02:52:18,14,0,5,12
2022-09-14T03:01:41,14,0,5,12
2022-09-14T03:10:54,14,0,5,12
2022-09-14T03:20:05,14,0,5,12
2022-09-14T03:29:17,14,0,5,12
2022-09-14T03:38:30,14,0,5,12
2022-09-14T03:47:43,14,0,5,12
2022-09-14T03:56:56,14,0,5,12
2022-09-14T04:06:09,14,0,5,12
2022-09-14T04:15:22,14,0,5,12
2022-09-14T04:29:21,14,0,5,12
2022-09-14T04:38:52,14,0,5,12
2022-09-14T04:48:08,14,0,5,12
2022-09-14T04:57:21,14,0,5,12
2022-09-14T05:06:37,14,0,5,12
2022-09-14T05:15:50,14,0,5,12
2022-09-14T05:25:02,14,0,5,12
2022-09-14T05:34:16,14,0,5,12
2022-09-14T05:43:29,14,0,5,12
2022-09-14T05:52:45,14,0,5,12
2022-09-14T06:01:56,14,0,5,12
2022-09-14T06:11:06,14,0,5,12
2022-09-14T06:20:16,14,0,5,12
2022-09-14T06:29:27,14,0,5,12
2022-09-14T06:38:47,14,0,5,12
2022-09-14T06:47:58,14,0,5,12
2022-09-14T06:57:08,14,0,5,12
2022-09-14T07:06:21,14,0,5,12
2022-09-14T07:15:32,14,0,5,12
2022-09-14T07:24:42,14,0,5,12
2022-09-14T07:33:54,14,0,5,12
2022-09-14T07:43:05,14,0,5,12
2022-09-14T07:52:17,14,0,5,12
2022-09-14T08:01:32,14,0,5,12
2022-09-14T08:10:49,14,0,5,12
2022-09-14T08:20:04,14,0,5,12
2022-09-14T08:29:34,14,0,5,12
2022-09-14T08:38:53,14,0,5,12
2022-09-14T08:48:12,14,0,5,12
2022-09-14T08:57:31,14,0,5,12
2022-09-14T09:06:49,14,0,5,12
2022-09-14T09:16:08,14,0,5,12
2022-09-14T09:25:25,14,0,5,12
2022-09-14T09:34:51,14,0,5,12
2022-09-14T09:44:04,14,0,5,12
2022-09-14T09:53:18,14,0,5,12
2022-09-14T10:02:30,14,0,5,12
2022-09-14T10:11:44,14,0,5,12
2022-09-14T10:20:56,14,0,5,12
2022-09-14T10:30:09,14,0,5,12
2022-09-14T10:39:23,14,0,5,12
2022-09-14T10:48:35,14,0,5,12
2022-09-14T10:57:59,14,0,5,12
2022-09-14T11:07:16,14,0,5,12
2022-09-14T11:16:32,14,0,5,12
2022-09-14T11:25:46,14,0,5,12
2022-09-14T11:35:00,14,0,5,12
2022-09-14T11:44:14,14,0,5,12
2022-09-14T11:53:29,14,0,5,12
2022-09-14T12:02:53,14,0,5,12
2022-09-14T12:12:05,14,0,5,12
2022-09-14T12:21:19,14,0,5,12
2022-09-14T12:30:31,14,0,5,12
2022-09-14T12:39:43,14,0,5,12
2022-09-14T12:48:56,14,0,5,12
2022-09-14T12:58:18,14,0,5,12
2022-09-14T13:07:30,14,0,5,12
2022-09-14T13:16:43,14,0,5,12
2022-09-14T13:25:55,14,0,5,12
2022-09-14T13:35:07,14,0,5,12
2022-09-14T13:44:27,14,0,5,12
2022-09-14T13:53:46,14,0,5,12
2022-09-14T14:03:11,14,0,5,12
2022-09-14T14:12:29,14,0,5,12
2022-09-14T14:21:47,14,0,5,12
2022-09-14T14:31:00,14,0,5,12
2022-09-14T14:40:12,14,0,5,12
2022-09-14T14:49:27,14,0,5,12
2022-09-14T14:58:50,14,0,5,12
2022-09-14T15:08:03,14,0,5,12
2022-09-14T15:17:16,14,0,5,12
2022-09-14T15:26:28,14,0,5,12
2022-09-14T15:35:40,14,0,5,12
2022-09-14T15:44:53,14,0,5,12
2022-09-14T15:54:05,14,0,5,12
2022-09-14T16:03:18,14,0,5,12
2022-09-14T16:12:40,14,0,5,12
2022-09-14T16:21:52,14,0,5,12
2022-09-14T16:31:04,14,0,5,12
2022-09-14T16:40:16,14,0,5,12
2022-09-14T16:49:29,14,0,5,12
2022-09-14T16:58:42,14,0,5,12
2022-09-14T17:07:56,14,0,5,12
2022-09-14T17:17:09,14,0,5,12
2022-09-14T17:26:32,14,0,5,12
2022-09-14T17:35:46,14,0,5,12
2022-09-14T17:44:58,14,0,5,12
2022-09-14T17:54:09,14,0,5,12
2022-09-14T18:03:21,14,0,5,12
2022-09-14T18:12:33,14,0,5,12
2022-09-14T18:21:46,14,0,5,12
2022-09-14T18:30:57,14,0,5,12
2022-09-14T18:40:19,14,0,5,12
2022-09-14T18:49:30,14,0,5,12
2022-09-14T18:58:42,14,0,5,12
2022-09-14T19:07:54,14,0,5,12
2022-09-14T19:17:06,14,0,5,12
2022-09-14T19:26:18,14,0,5,12
2022-09-14T19:35:30,14,0,5,12
2022-09-14T19:44:43,14,0,5,12
2022-09-14T19:53:55,14,0,5,12
2022-09-14T20:03:22,14,0,5,12
2022-09-14T20:12:39,14,0,5,12
2022-09-14T20:21:52,14,0,5,12
2022-09-14T20:31:04,14,0,5,12
2022-09-14T20:40:15,14,0,5,12
2022-09-14T20:49:26,14,0,5,12
2022-09-14T20:58:49,14,0,5,12
2022-09-14T21:08:00,14,0,5,12
2022-09-14T21:17:11,14,0,5,12
2022-09-14T21:26:23,14,0,5,12
2022-09-14T21:35:34,14,0,5,12
2022-09-14T21:44:46,14,0,5,12
2022-09-14T21:53:57,14,0,5,12
2022-09-14T22:03:10,14,0,5,12
2022-09-14T22:12:36,14,0,5,12
2022-09-14T22:21:48,14,0,5,12
2022-09-14T22:31:05,14,0,5,12
2022-09-14T22:40:22,14,0,5,12
2022-09-14T22:49:33,14,0,5,12
2022-09-14T22:58:44,14,0,5,12
2022-09-14T23:07:56,14,0,5,12
2022-09-14T23:17:07,14,0,5,12
2022-09-14T23:26:19,14,0,5,12
2022-09-14T23:35:39,14,0,5,12
2022-09-14T23:44:50,14,0,5,12
2022-09-14T23:54:00,14,0,5,12
2022-09-15T00:03:12,14,0,5,12
2022-09-15T00:12:26,14,0,5,12
2022-09-15T00:21:44,14,0,5,12
2022-09-15T00:30:55,14,0,5,12
2022-09-15T00:40:08,14,0,5,12
2022-09-15T00:49:31,14,0,5,12
2022-09-15T00:58:43,14,0,5,12
2022-09-15T01:07:53,14,0,5,12
2022-09-15T01:17:05,14,0,5,12
2022-09-15T01:26:17,14,0,5,12
2022-09-15T01:35:31,14,0,5,12
2022-09-15T01:44:43,14,0,5,12
2022-09-15T01:53:56,14,0,5,12
2022-09-15T02:03:07,14,0,5,12
2022-09-15T02:12:20,14,0,5,12
2022-09-15T02:21:31,14,0,5,12
2022-09-15T02:30:42,14,0,5,12
2022-09-15T02:39:55,14,0,5,12
2022-09-15T02:49:15,14,0,5,12
2022-09-15T02:58:26,14,0,5,12
2022-09-15T03:07:36,14,0,5,12
2022-09-15T03:16:46,14,0,5,12
2022-09-15T03:25:56,14,0,5,12
2022-09-15T03:35:05,14,0,5,12
2022-09-15T03:44:19,14,0,5,12
2022-09-15T03:53:35,14,0,5,12
2022-09-15T04:02:48,14,0,5,12
2022-09-15T04:12:01,14,0,5,12
2022-09-15T04:48:05,14,0,5,12
2022-09-15T04:57:20,14,0,5,12
2022-09-15T05:06:35,14,0,5,12
2022-09-15T05:15:49,14,0,5,12
2022-09-15T05:25:02,14,0,5,12
2022-09-15T05:34:15,14,0,5,12
2022-09-15T05:43:27,14,0,5,12
2022-09-15T05:52:41,14,0,5,12
2022-09-15T06:01:56,14,0,5,12
2022-09-15T06:11:10,14,0,5,12
2022-09-15T06:20:23,14,0,5,12
2022-09-15T06:29:36,14,0,5,12
2022-09-15T06:38:49,14,0,5,12
2022-09-15T06:48:02,14,0,5,12
2022-09-15T06:57:15,14,0,5,12
2022-09-15T07:06:27,14,0,5,12
2022-09-15T07:15:38,14,0,5,12
2022-09-15T07:24:49,14,0,5,12
2022-09-15T07:34:10,14,0,5,12
2022-09-15T07:43:23,14,0,5,12
2022-09-15T07:52:35,14,0,5,12
2022-09-15T08:01:47,14,0,5,12
2022-09-15T08:11:02,14,0,5,12
2022-09-15T08:20:15,14,0,5,12
2022-09-15T08:29:30,14,0,5,12
2022-09-15T08:38:45,14,0,5,12
2022-09-15T08:47:58,14,0,5,12
2022-09-15T08:57:11,14,0,5,12
2022-09-15T09:06:24,14,0,5,12
2022-09-15T09:15:38,14,0,5,12
2022-09-15T09:24:51,14,0,5,12
2022-09-15T09:34:16,14,0,5,12
2022-09-15T09:43:29,14,0,5,12
2022-09-15T09:52:42,14,0,5,12
2022-09-15T10:01:56,14,0,5,12
2022-09-15T10:11:09,14,0,5,12
2022-09-15T10:20:23,14,0,5,12
2022-09-15T10:29:37,14,0,5,12
2022-09-15T10:38:50,14,0,5,12
2022-09-15T10:48:13,14,0,5,12
2022-09-15T10:57:27,14,0,5,12
2022-09-15T11:06:40,14,0,5,12
2022-09-15T11:15:54,14,0,5,12
2022-09-15T11:25:07,14,0,5,12
2022-09-15T11:34:33,14,0,5,12
2022-09-15T11:43:46,14,0,5,12
2022-09-15T11:53:00,14,0,5,12
2022-09-15T12:02:14,14,0,5,12
2022-09-15T12:11:37,14,0,5,12
2022-09-15T12:20:50,14,0,5,12
2022-09-15T12:30:03,14,0,5,12
2022-09-15T12:39:15,14,0,5,12
2022-09-15T12:48:30,14,0,5,12
2022-09-15T12:57:54,14,0,5,12
2022-09-15T13:07:07,14,0,5,12
2022-09-15T13:16:19,14,0,5,12
2022-09-15T13:25:32,14,0,5,12
2022-09-15T13:34:44,14,0,5,12
2022-09-15T13:44:08,14,0,5,12
2022-09-15T13:53:26,14,0,5,12
2022-09-15T14:02:41,14,0,5,12
2022-09-15T14:11:54,14,0,5,12
2022-09-15T14:21:08,14,0,5,12
2022-09-15T14:30:21,14,0,5,12
2022-09-15T14:39:47,14,0,5,12
2022-09-15T14:49:01,14,0,5,12
2022-09-15T14:58:26,14,0,5,12
2022-09-15T15:07:50,14,0,5,12
2022-09-15T15:17:18,14,0,5,12
2022-09-15T15:26:58,14,0,5,12
2022-09-15T15:36:28,14,0,5,12
2022-09-15T15:45:55,14,0,5,12
2022-09-15T15:55:20,14,0,5,12
2022-09-15T16:04:58,14,0,5,12
2022-09-15T16:14:21,14,0,5,12
2022-09-15T16:23:39,14,0,5,12
2022-09-15T16:33:05,14,0,5,12
2022-09-15T16:42:30,14,0,5,12
2022-09-15T16:52:04,14,0,5,12
2022-09-15T17:01:29,14,0,5,12
2022-09-15T17:10:52,14,0,5,12
2022-09-15T17:20:17,14,0,5,12
2022-09-15T17:29:41,14,0,5,12
2022-09-15T17:39:17,14,0,5,12
2022-09-15T17:48:39,14,0,5,12
2022-09-15T17:57:59,14,0,5,12
2022-09-15T18:07:13,14,0,5,12
2022-09-15T18:16:28,14,0,5,12
2022-09-15T18:25:42,14,0,5,12
2022-09-15T18:35:04,14,0,5,12
2022-09-15T18:44:16,14,0,5,12
2022-09-15T18:53:28,14,0,5,12
2022-09-15T19:02:42,14,0,5,12
2022-09-15T19:11:53,14,0,5,12
2022-09-15T19:21:04,14,0,5,12
2022-09-15T19:30:16,14,0,5,12
2022-09-15T19:39:38,14,0,5,12
2022-09-15T19:48:50,14,0,5,12
2022-09-15T19:58:01,14,0,5,12
2022-09-15T20:07:12,14,0,5,12
2022-09-15T20:16:23,14,0,5,12
2022-09-15T20:25:35,14,0,5,12
2022-09-15T20:34:46,14,0,5,12
2022-09-15T20:43:57,14,0,5,12
2022-09-15T20:53:19,14,0,5,12
2022-09-15T21:02:31,14,0,5,12
2022-09-15T21:11:43,14,0,5,12
2022-09-15T21:20:54,14,0,5,12
2022-09-15T21:30:06,14,0,5,12
2022-09-15T21:39:17,14,0,5,12
2022-09-15T21:48:29,14,0,5,12
2022-09-15T21:57:40,14,0,5,12
2022-09-15T22:07:02,14,0,5,12
2022-09-15T22:16:13,14,0,5,12
2022-09-15T22:25:25,14,0,5,12
2022-09-15T22:34:37,14,0,5,12
2022-09-15T22:43:48,14,0,5,12
2022-09-15T22:53:00,14,0,5,12
2022-09-15T23:02:11,14,0,5,12
2022-09-15T23:11:34,14,0,5,12
2022-09-15T23:20:45,14,0,5,12
2022-09-15T23:29:56,14,0,5,12
2022-09-15T23:39:08,14,0,5,12
2022-09-15T23:48:19,14,0,5,12
2022-09-15T23:57:30,14,0,5,12
2022-09-16T00:06:42,14,0,5,12
2022-09-16T00:15:55,14,0,5,12
2022-09-16T00:25:08,14,0,5,12
2022-09-16T00:34:21,14,0,5,12
2022-09-16T00:43:35,14,0,5,12
2022-09-16T00:52:49,14,0,5,12
2022-09-16T01:02:12,14,0,5,12
2022-09-16T01:11:27,14,0,5,12
2022-09-16T01:20:40,14,0,5,12
2022-09-16T01:29:53,14,0,5,12
2022-09-16T01:39:05,14,0,5,12
2022-09-16T01:48:19,14,0,5,12
2022-09-16T01:57:35,14,0,5,12
2022-09-16T02:06:47,14,0,5,12
2022-09-16T02:15:59,14,0,5,12
2022-09-16T02:25:10,14,0,5,12
2022-09-16T02:34:24,14,0,5,12
2022-09-16T02:43:37,14,0,5,12
2022-09-16T02:52:51,14,0,5,12
2022-09-16T03:02:05,14,0,5,12
2022-09-16T03:11:17,14,0,5,12
2022-09-16T03:20:30,14,0,5,12
2022-09-16T03:29:41,14,0,5,12
2022-09-16T03:38:53,14,0,5,12
2022-09-16T03:48:18,14,0,5,12
2022-09-16T03:57:31,14,0,5,12
2022-09-16T04:06:44,14,0,5,12
2022-09-16T04:17:50,14,0,5,12
2022-09-16T04:31:59,14,0,5,12
2022-09-16T04:41:42,14,0,5,12
2022-09-16T04:50:57,14,0,5,12
2022-09-16T05:00:11,14,0,5,12
2022-09-16T05:09:29,14,0,5,12
2022-09-16T05:18:43,14,0,5,12
2022-09-16T05:27:56,14,0,5,12
2022-09-16T05:37:09,14,0,5,12
2022-09-16T05:46:22,14,0,5,12
2022-09-16T05:55:35,14,0,5,12
2022-09-16T06:04:48,14,0,5,12
2022-09-16T06:14:00,14,0,5,12
2022-09-16T06:23:12,14,0,5,12
2022-09-16T06:32:26,14,0,5,12
2022-09-16T06:41:37,14,0,5,12
2022-09-16T06:50:49,14,0,5,12
2022-09-16T07:00:00,14,0,5,12
2022-09-16T07:09:12,14,0,5,12
2022-09-16T07:18:24,14,0,5,12
2022-09-16T07:27:36,14,0,5,12
2022-09-16T07:36:48,14,0,5,12
2022-09-16T07:46:00,14,0,5,12
2022-09-16T07:55:12,14,0,5,12
2022-09-16T08:04:35,14,0,5,12
2022-09-16T08:13:49,14,0,5,12
2022-09-16T08:23:02,14,0,5,12
2022-09-16T08:32:15,14,0,5,12
2022-09-16T08:41:29,14,0,5,12
2022-09-16T08:50:45,14,0,5,12
2022-09-16T08:59:59,14,0,5,12
2022-09-16T09:09:12,14,0,5,12
2022-09-16T09:18:25,14,0,5,12
2022-09-16T09:27:41,14,0,5,12
2022-09-16T09:36:57,14,0,5,12
2022-09-16T09:46:13,14,0,5,12
2022-09-16T09:55:30,14,0,5,12
2022-09-16T10:04:43,14,0,5,12
2022-09-16T10:14:08,14,0,5,12
2022-09-16T10:23:24,14,0,5,12
2022-09-16T10:32:38,14,0,5,12
2022-09-16T10:41:52,14,0,5,12
2022-09-16T10:51:08,14,0,5,12
2022-09-16T11:00:24,14,0,5,12
2022-09-16T11:09:39,14,0,5,12
2022-09-16T11:18:52,14,0,5,12
2022-09-16T11:28:17,14,0,5,12
2022-09-16T11:37:32,14,0,5,12
2022-09-16T11:46:46,14,0,5,12
2022-09-16T11:55:59,14,0,5,12
2022-09-16T12:05:13,14,0,5,12
2022-09-16T12:14:27,14,0,5,12
2022-09-16T12:23:44,14,0,5,12
2022-09-16T12:33:03,14,0,5,12
2022-09-16T12:42:30,14,0,5,12
2022-09-16T12:51:52,14,0,5,12
2022-09-16T13:01:12,14,0,5,12
2022-09-16T13:10:34,14,0,5,12
2022-09-16T13:19:53,14,0,5,12
2022-09-16T13:29:08,14,0,5,12
2022-09-16T13:38:23,14,0,5,12
2022-09-16T13:47:36,14,0,5,12
2022-09-16T13:57:03,14,0,5,12
2022-09-16T14:06:18,14,0,5,12
2022-09-16T14:15:32,14,0,5,12
2022-09-16T14:24:47,14,0,5,12
2022-09-16T14:34:03,14,0,5,12
2022-09-16T14:43:18,14,0,5,12
2022-09-16T14:52:32,14,0,5,12
2022-09-16T15:01:59,14,0,5,12
2022-09-16T15:11:17,14,0,5,12
2022-09-16T15:20:33,14,0,5,12
2022-09-16T15:29:46,14,0,5,12
2022-09-16T15:38:59,14,0,5,12
2022-09-16T15:48:12,14,0,5,12
2022-09-16T15:57:24,14,0,5,12
2022-09-16T16:06:36,14,0,5,12
2022-09-16T16:15:48,14,0,5,12
2022-09-16T16:25:11,14,0,5,12
2022-09-16T16:34:24,14,0,5,12
2022-09-16T16:43:36,14,0,5,12
2022-09-16T16:52:48,14,0,5,12
2022-09-16T17:02:00,14,0,5,12
2022-09-16T17:11:13,14,0,5,12
2022-09-16T17:20:26,14,0,5,12
2022-09-16T17:29:49,14,0,5,12
2022-09-16T17:39:01,14,0,5,12
2022-09-16T17:48:13,14,0,5,12
2022-09-16T17:57:25,14,0,5,12
2022-09-16T18:06:37,14,0,5,12
2022-09-16T18:15:48,14,0,5,12
2022-09-16T18:25:00,14,0,5,12
2022-09-16T18:34:22,14,0,5,12
2022-09-16T18:43:33,14,0,5,12
2022-09-16T18:52:44,14,0,5,12
2022-09-16T19:01:56,14,0,5,12
2022-09-16T19:11:07,14,0,5,12
2022-09-16T19:20:19,14,0,5,12
2022-09-16T19:29:30,14,0,5,12
2022-09-16T19:38:42,14,0,5,12
2022-09-16T19:47:54,14,0,5,12
2022-09-16T19:57:23,14,0,5,12
2022-09-16T20:06:34,14,0,5,12
2022-09-16T20:15:51,14,0,5,12
2022-09-16T20:25:02,14,0,5,12
2022-09-16T20:34:15,14,0,5,12
2022-09-16T20:43:26,14,0,5,12
2022-09-16T20:52:37,14,0,5,12
2022-09-16T21:01:48,14,0,5,12
2022-09-16T21:10:59,14,0,5,12
2022-09-16T21:20:22,14,0,5,12
2022-09-16T21:29:33,14,0,5,12
2022-09-16T21:38:44,14,0,5,12
2022-09-16T21:47:55,14,0,5,12
2022-09-16T21:57:06,14,0,5,12
2022-09-16T22:06:18,14,0,5,12
2022-09-16T22:15:29,14,0,5,12
2022-09-16T22:24:40,14,0,5,12
2022-09-16T22:34:02,14,0,5,12
2022-09-16T22:43:13,14,0,5,12
2022-09-16T22:52:25,14,0,5,12
2022-09-16T23:01:37,14,0,5,12
2022-09-16T23:10:50,14,0,5,12
2022-09-16T23:20:03,14,0,5,12
2022-09-16T23:29:15,14,0,5,12
2022-09-16T23:38:27,14,0,5,12
2022-09-16T23:47:39,14,0,5,12
2022-09-16T23:56:51,14,0,5,12
2022-09-17T00:06:06,14,0,5,12
2022-09-17T00:15:27,14,0,5,12
2022-09-17T00:24:51,14,0,5,12
2022-09-17T00:34:04,14,0,5,12
2022-09-17T00:43:59,14,0,5,12
2022-09-17T00:53:16,14,0,5,12
2022-09-17T01:02:30,14,0,5,12
2022-09-17T01:11:44,14,0,5,12
2022-09-17T01:20:59,14,0,5,12
2022-09-17T01:30:14,14,0,5,12
2022-09-17T01:39:27,14,0,5,12
2022-09-17T01:48:42,14,0,5,12
2022-09-17T01:58:05,14,0,5,12
2022-09-17T02:07:19,14,0,5,12
2022-09-17T02:16:30,14,0,5,12
2022-09-17T02:25:41,14,0,5,12
2022-09-17T02:34:52,14,0,5,12
2022-09-17T02:44:04,14,0,5,12
2022-09-17T02:53:15,14,0,5,12
2022-09-17T03:02:26,14,0,5,12
2022-09-17T03:11:37,14,0,5,12
2022-09-17T03:20:48,14,0,5,12
2022-09-17T03:29:58,14,0,5,12
2022-09-17T03:39:10,14,0,5,12
2022-09-17T03:48:24,14,0,5,12
2022-09-17T04:00:17,14,0,5,12
2022-09-17T04:21:59,14,0,5,12
2022-09-17T04:31:41,14,0,5,12
2022-09-17T04:40:56,14,0,5,12
2022-09-17T04:50:11,14,0,5,12
2022-09-17T04:59:22,14,0,5,12
2022-09-17T05:08:34,14,0,5,12
2022-09-17T05:17:45,14,0,5,12
2022-09-17T05:26:59,14,0,5,12
2022-09-17T05:36:49,14,0,5,12
2022-09-17T05:46:07,14,0,5,12
2022-09-17T05:55:21,14,0,5,12
2022-09-17T06:04:35,14,0,5,12
2022-09-17T06:13:48,14,0,5,12
2022-09-17T06:23:01,14,0,5,12
2022-09-17T06:32:15,14,0,5,12
2022-09-17T06:41:29,14,0,5,12
2022-09-17T06:50:42,14,0,5,12
2022-09-17T07:00:05,14,0,5,12
2022-09-17T07:09:19,14,0,5,12
2022-09-17T07:18:33,14,0,5,12
2022-09-17T07:27:47,14,0,5,12
2022-09-17T07:37:01,14,0,5,12
2022-09-17T07:46:14,14,0,5,12
2022-09-17T07:55:28,14,0,5,12
2022-09-17T08:04:53,14,0,5,12
2022-09-17T08:14:07,14,0,5,12
2022-09-17T08:23:21,14,0,5,12
2022-09-17T08:32:35,14,0,5,12
2022-09-17T08:41:49,14,0,5,12
2022-09-17T08:51:02,14,0,5,12
2022-09-17T09:00:16,14,0,5,12
2022-09-17T09:09:30,14,0,5,12
2022-09-17T09:18:44,14,0,5,12
2022-09-17T09:27:57,14,0,5,12
2022-09-17T09:37:11,14,0,5,12
2022-09-17T09:46:25,14,0,5,12
2022-09-17T09:55:48,14,0,5,12
2022-09-17T10:05:01,14,0,5,12
2022-09-17T10:14:14,14,0,5,12
2022-09-17T10:23:28,14,0,5,12
2022-09-17T10:32:41,14,0,5,12
2022-09-17T10:41:54,14,0,5,12
2022-09-17T10:51:06,14,0,5,12
2022-09-17T11:00:18,14,0,5,12
2022-09-17T11:09:30,14,0,5,12
2022-09-17T11:18:53,14,0,5,12
2022-09-17T11:28:05,14,0,5,12
2022-09-17T11:37:17,14,0,5,12
2022-09-17T11:46:29,14,0,5,12
2022-09-17T11:55:41,14,0,5,12
2022-09-17T12:04:53,14,0,5,12
2022-09-17T12:14:04,14,0,5,12
2022-09-17T12:23:16,14,0,5,12
2022-09-17T12:32:28,14,0,5,12
2022-09-17T12:41:39,14,0,5,12
2022-09-17T12:51:01,14,0,5,12
2022-09-17T13:00:13,14,0,5,12
2022-09-17T13:09:26,14,0,5,12
2022-09-17T13:18:37,14,0,5,12
2022-09-17T13:27:49,14,0,5,12
2022-09-17T13:37:01,14,0,5,12
2022-09-17T13:46:12,14,0,5,12
2022-09-17T13:55:24,14,0,5,12
2022-09-17T14:04:36,14,0,5,12
2022-09-17T14:14:00,14,0,5,12
2022-09-17T14:23:12,14,0,5,12
2022-09-17T14:32:23,14,0,5,12
2022-09-17T14:41:35,14,0,5,12
2022-09-17T14:50:46,14,0,5,12
2022-09-17T14:59:57,14,0,5,12
2022-09-17T15:09:10,14,0,5,12
2022-09-17T15:18:22,14,0,5,12
2022-09-17T15:27:33,14,0,5,12
2022-09-17T15:36:45,14,0,5,12
2022-09-17T15:45:56,14,0,5,12
2022-09-17T15:55:17,14,0,5,12
2022-09-17T16:04:28,14,0,5,12
2022-09-17T16:13:39,14,0,5,12
2022-09-17T16:22:50,14,0,5,12
2022-09-17T16:32:02,14,0,5,12
2022-09-17T16:41:13,14,0,5,12
2022-09-17T16:50:24,14,0,5,12
2022-09-17T16:59:36,15,0,5,12
2022-09-17T17:08:47,15,0,5,12
2022-09-17T17:18:10,15,0,5,12
2022-09-17T17:27:21,15,0,5,12
2022-09-17T17:36:32,15,0,5,12
2022-09-17T17:45:44,15,0,5,12
2022-09-17T17:54:55,15,0,5,12
2022-09-17T18:04:07,15,0,5,12
2022-09-17T18:13:18,15,0,5,12
2022-09-17T18:22:29,15,0,5,12
2022-09-17T18:31:41,15,0,5,12
2022-09-17T18:40:52,15,0,5,12
2022-09-17T18:50:03,15,0,5,12
2022-09-17T18:59:25,15,0,5,12
2022-09-17T19:08:37,15,0,5,12
2022-09-17T19:17:49,15,0,5,12
2022-09-17T19:27:01,15,0,5,12
2022-09-17T19:36:13,15,0,5,12
2022-09-17T19:45:24,15,0,5,12
2022-09-17T19:54:35,15,0,5,12
2022-09-17T20:03:47,15,0,5,12
2022-09-17T20:12:58,15,0,5,12
2022-09-17T20:22:10,15,0,5,12
2022-09-17T20:31:23,15,0,5,12
2022-09-17T20:40:44,15,0,5,12
2022-09-17T20:49:55,15,0,5,12
2022-09-17T20:59:13,15,0,5,12
2022-09-17T21:08:31,15,0,5,12
2022-09-17T21:17:50,15,0,5,12
2022-09-17T21:27:08,15,0,5,12
2022-09-17T21:36:27,15,0,5,12
2022-09-17T21:45:46,15,0,5,12
2022-09-17T21:55:06,15,0,5,12
2022-09-17T22:04:36,15,0,5,12
2022-09-17T22:13:56,15,0,5,12
2022-09-17T22:23:16,15,0,5,12
2022-09-17T22:32:31,15,0,5,12
2022-09-17T22:41:46,15,0,5,12
2022-09-17T22:51:00,15,0,5,12
2022-09-17T23:00:12,15,0,5,12
2022-09-17T23:09:24,15,0,5,12
2022-09-17T23:18:36,15,0,5,12
2022-09-17T23:27:47,15,0,5,12
2022-09-17T23:36:59,15,0,5,12
2022-09-17T23:46:11,15,0,5,12
2022-09-17T23:55:32,15,0,5,12
2022-09-18T00:04:44,15,0,5,12
2022-09-18T00:13:56,15,0,5,12
2022-09-18T00:23:08,15,0,5,12
2022-09-18T00:52:31,15,0,5,12
2022-09-18T01:01:42,15,0,5,12
2022-09-18T01:10:53,15,0,5,12
2022-09-18T01:20:03,15,0,5,12
2022-09-18T01:29:14,15,0,5,12
2022-09-18T01:38:24,15,0,5,12
2022-09-18T01:47:35,15,0,5,12
2022-09-18T01:56:47,15,0,5,12
2022-09-18T02:05:58,15,0,5,12
2022-09-18T02:15:18,15,0,5,12
2022-09-18T02:24:27,15,0,5,12
2022-09-18T02:33:38,15,0,5,12
2022-09-18T02:42:48,15,0,5,12
2022-09-18T02:51:58,15,0,5,12
2022-09-18T03:01:08,15,0,5,12
2022-09-18T03:10:18,15,0,5,12
2022-09-18T03:19:32,15,0,5,12
2022-09-18T03:28:47,15,0,5,12
2022-09-18T03:38:01,15,0,5,12
2022-09-18T03:47:16,15,0,5,12
2022-09-18T03:56:30,15,0,5,12
2022-09-18T04:05:46,15,0,5,12
2022-09-18T04:17:00,15,0,5,12
2022-09-18T04:30:54,15,0,5,12
2022-09-18T04:40:38,15,0,5,12
2022-09-18T04:49:55,15,0,5,12
2022-09-18T04:59:10,15,0,5,12
2022-09-18T05:08:26,15,0,5,12
2022-09-18T05:17:39,15,0,5,12
2022-09-18T05:26:53,15,0,5,12
2022-09-18T05:36:08,15,0,5,12
2022-09-18T05:45:22,15,0,5,12
2022-09-18T05:54:36,15,0,5,12
2022-09-18T06:03:50,15,0,5,12
2022-09-18T06:13:03,15,0,5,12
2022-09-18T06:22:18,15,0,5,12
2022-09-18T06:31:31,15,0,5,12
2022-09-18T06:40:44,15,0,5,12
2022-09-18T06:49:58,15,0,5,12
2022-09-18T06:59:10,15,0,5,12
2022-09-18T07:08:23,15,0,5,12
2022-09-18T07:17:35,15,0,5,12
2022-09-18T07:26:47,15,0,5,12
2022-09-18T07:36:07,15,0,5,12
2022-09-18T07:45:19,15,0,5,12
2022-09-18T07:54:30,15,0,5,12
2022-09-18T08:03:41,15,0,5,12
2022-09-18T08:12:54,15,0,5,12
2022-09-18T08:22:06,15,0,5,12
2022-09-18T08:31:20,15,0,5,12
2022-09-18T08:40:32,15,0,5,12
2022-09-18T08:49:44,15,0,5,12
2022-09-18T08:58:57,15,0,5,12
2022-09-18T09:08:08,15,0,5,12
2022-09-18T09:17:20,15,0,5,12
2022-09-18T09:26:32,15,0,5,12
2022-09-18T09:35:45,15,0,5,12
2022-09-18T09:45:08,15,0,5,12
2022-09-18T09:54:20,15,0,5,12
2022-09-18T10:03:42,15,0,5,12
2022-09-18T10:13:08,15,0,5,12
2022-09-18T10:22:31,15,0,5,12
2022-09-18T10:31:45,15,0,5,12
2022-09-18T10:41:00,15,0,5,12
2022-09-18T10:50:14,15,0,5,12
2022-09-18T10:59:27,15,0,5,12
2022-09-18T11:08:41,15,0,5,12
2022-09-18T11:17:54,15,0,5,12
2022-09-18T11:27:06,15,0,5,12
2022-09-18T11:36:19,15,0,5,12
2022-09-18T11:45:32,15,0,5,12
2022-09-18T11:54:55,15,0,5,12
2022-09-18T12:04:08,15,0,5,12
2022-09-18T12:13:21,15,0,5,12
2022-09-18T12:22:33,15,0,5,12
2022-09-18T12:31:46,15,0,5,12
2022-09-18T12:40:58,15,0,5,12
2022-09-18T12:50:10,15,0,5,12
2022-09-18T12:59:23,15,0,5,12
2022-09-18T13:08:45,15,0,5,12
2022-09-18T13:17:57,15,0,5,12
2022-09-18T13:27:09,15,0,5,12
2022-09-18T13:36:22,15,0,5,12
2022-09-18T13:45:34,15,0,5,12
2022-09-18T13:54:46,15,0,5,12
2022-09-18T14:03:58,15,0,5,12
2022-09-18T14:13:10,15,0,5,12
2022-09-18T14:22:22,15,0,5,12
2022-09-18T14:31:33,15,0,5,12
2022-09-18T14:40:55,15,0,5,12
2022-09-18T14:50:06,15,0,5,12
2022-09-18T14:59:19,15,0,5,12
2022-09-18T15:08:31,15,0,5,12
2022-09-18T15:17:43,15,0,5,12
2022-09-18T15:26:54,15,0,5,12
2022-09-18T15:36:06,15,0,5,12
2022-09-18T15:45:18,15,0,5,12
2022-09-18T15:54:38,15,0,5,12
2022-09-18T16:03:51,15,0,5,12
2022-09-18T16:13:03,15,0,5,12
2022-09-18T16:22:16,15,0,5,12
2022-09-18T16:31:28,15,0,5,12
2022-09-18T16:40:40,15,0,5,12
2022-09-18T16:49:51,15,0,5,12
2022-09-18T16:59:03,15,0,5,12
2022-09-18T17:09:06,15,0,5,12
2022-09-18T17:18:20,15,0,5,12
2022-09-18T17:27:44,15,0,5,12
2022-09-18T17:36:57,15,0,5,12
2022-09-18T17:46:10,15,0,5,12
2022-09-18T17:55:23,15,0,5,12
2022-09-18T18:04:36,15,0,5,12
2022-09-18T18:13:49,15,0,5,12
2022-09-18T18:23:02,15,0,5,12
2022-09-18T18:32:15,15,0,5,12
2022-09-18T18:41:38,15,0,5,12
2022-09-18T18:50:50,15,0,5,12
2022-09-18T19:00:02,15,0,5,12
2022-09-18T19:09:19,15,0,5,12
2022-09-18T19:18:32,15,0,5,12
2022-09-18T19:27:44,15,0,5,12
2022-09-18T19:36:57,15,0,5,12
2022-09-18T19:46:10,15,0,5,12
2022-09-18T19:55:33,15,0,5,12
2022-09-18T20:04:46,15,0,5,12
2022-09-18T20:13:59,15,0,5,12
2022-09-18T20:23:11,15,0,5,12
2022-09-18T20:32:23,15,0,5,12
2022-09-18T20:41:35,15,0,5,12
2022-09-18T20:50:46,15,0,5,12
2022-09-18T20:59:58,15,0,5,12
2022-09-18T21:09:10,15,0,5,12
2022-09-18T21:18:33,15,0,5,12
2022-09-18T21:27:44,15,0,5,12
2022-09-18T21:36:56,15,0,5,12
2022-09-18T21:46:08,15,0,5,12
2022-09-18T21:55:22,15,0,5,12
2022-09-18T22:04:35,15,0,5,12
2022-09-18T22:13:50,15,0,5,12
2022-09-18T22:23:08,15,0,5,12
2022-09-18T22:32:25,15,0,5,12
2022-09-18T22:41:47,15,0,5,12
2022-09-18T22:50:59,15,0,5,12
2022-09-18T23:00:11,15,0,5,12
2022-09-18T23:09:24,15,0,5,12
2022-09-18T23:18:37,15,0,5,12
2022-09-18T23:27:50,15,0,5,12
2022-09-18T23:37:03,15,0,5,12
2022-09-18T23:46:15,15,0,5,12
2022-09-18T23:55:36,15,0,5,12
2022-09-19T00:04:50,15,0,5,12
2022-09-19T00:14:05,15,0,5,12
2022-09-19T00:23:22,15,0,5,12
2022-09-19T00:32:38,15,0,5,12
2022-09-19T00:41:52,15,0,5,12
2022-09-19T00:51:05,15,0,5,12
2022-09-19T01:00:18,15,0,5,12
2022-09-19T01:09:34,15,0,5,12
2022-09-19T01:18:59,15,0,5,12
2022-09-19T01:28:14,15,0,5,12
2022-09-19T01:37:28,15,0,5,12
2022-09-19T01:46:42,15,0,5,12
2022-09-19T01:55:55,15,0,5,12
2022-09-19T02:05:09,15,0,5,12
2022-09-19T02:14:22,15,0,5,12
2022-09-19T02:23:36,15,0,5,12
2022-09-19T02:32:49,15,0,5,12
2022-09-19T02:42:01,15,0,5,12
2022-09-19T02:51:12,15,0,5,12
2022-09-19T03:00:24,15,0,5,12
2022-09-19T03:09:36,15,0,5,12
2022-09-19T03:18:48,15,0,5,12
2022-09-19T03:28:01,15,0,5,12
2022-09-19T03:37:15,15,0,5,12
2022-09-19T03:46:30,15,0,5,12
2022-09-19T03:57:45,15,0,5,12
2022-09-19T04:07:36,15,0,5,12
2022-09-19T04:24:19,15,0,5,12
2022-09-19T04:33:58,15,0,5,12
2022-09-19T04:43:13,15,0,5,12
2022-09-19T04:52:29,15,0,5,12
2022-09-19T05:01:47,15,0,5,12
2022-09-19T05:10:59,15,0,5,12
2022-09-19T05:20:11,15,0,5,12
2022-09-19T05:29:23,15,0,5,12
2022-09-19T05:38:34,15,0,5,12
2022-09-19T05:47:46,15,0,5,12
2022-09-19T05:56:59,15,0,5,12
2022-09-19T06:06:12,15,0,5,12
2022-09-19T06:15:26,15,0,5,12
2022-09-19T06:24:39,15,0,5,12
2022-09-19T06:33:51,15,0,5,12
2022-09-19T06:43:02,15,0,5,12
2022-09-19T06:52:18,15,0,5,12
2022-09-19T07:01:29,15,0,5,12
2022-09-19T07:10:42,15,0,5,12
2022-09-19T07:19:54,15,0,5,12
2022-09-19T07:29:06,15,0,5,12
2022-09-19T07:38:18,15,0,5,12
2022-09-19T07:47:31,15,0,5,12
2022-09-19T07:56:55,15,0,5,12
2022-09-19T08:06:07,15,0,5,12
2022-09-19T08:15:46,15,0,5,12
2022-09-19T08:25:03,15,0,5,12
2022-09-19T08:34:17,15,0,5,12
2022-09-19T08:43:32,15,0,5,12
2022-09-19T08:52:47,15,0,5,12
2022-09-19T09:02:02,15,0,5,12
2022-09-19T09:11:23,15,0,5,12
2022-09-19T09:20:42,15,0,5,12
2022-09-19T09:30:11,15,0,5,12
2022-09-19T09:39:29,15,0,5,12
2022-09-19T09:48:47,15,0,5,12
2022-09-19T09:58:07,15,0,5,12
2022-09-19T10:07:26,15,0,5,12
2022-09-19T10:16:44,15,0,5,12
2022-09-19T10:26:03,15,0,5,12
2022-09-19T10:35:23,15,0,5,12
2022-09-19T10:44:52,15,0,5,12
2022-09-19T10:54:40,15,0,5,12
2022-09-19T11:04:01,15,0,5,12
2022-09-19T11:13:19,15,0,5,12
2022-09-19T11:22:38,15,0,5,12
2022-09-19T11:32:06,15,0,5,12
2022-09-19T11:41:23,15,0,5,12
2022-09-19T11:50:41,15,0,5,12
2022-09-19T12:00:00,15,0,5,12
2022-09-19T12:09:16,15,0,5,12
2022-09-19T12:18:44,15,0,5,12
2022-09-19T12:28:00,15,0,5,12
2022-09-19T12:37:16,15,0,5,12
2022-09-19T12:46:33,15,0,5,12
2022-09-19T12:55:48,15,0,5,12
2022-09-19T13:05:16,15,0,5,12
2022-09-19T13:14:33,15,0,5,12
2022-09-19T13:24:58,15,0,5,12
2022-09-19T13:34:19,15,0,5,12
2022-09-19T13:43:51,15,0,5,12
2022-09-19T13:53:08,15,0,5,12
2022-09-19T14:02:26,15,0,5,12
2022-09-19T14:11:42,15,0,5,12
2022-09-19T14:21:10,15,0,5,12
2022-09-19T14:30:26,15,0,5,12
2022-09-19T14:39:42,15,0,5,12
2022-09-19T14:48:59,15,0,5,12
2022-09-19T14:58:15,15,0,5,12
2022-09-19T15:07:44,15,0,5,12
2022-09-19T15:17:00,15,0,5,12
2022-09-19T15:26:16,15,0,5,12
2022-09-19T15:35:31,15,0,5,12
2022-09-19T15:44:49,15,0,5,12
2022-09-19T15:54:20,15,0,5,12
2022-09-19T16:03:39,15,0,5,12
2022-09-19T16:12:55,15,0,5,12
2022-09-19T16:22:11,15,0,5,12
2022-09-19T16:31:29,15,0,5,12
2022-09-19T16:40:56,15,0,5,12
2022-09-19T16:50:14,15,0,5,12
2022-09-19T16:59:37,15,0,5,12
2022-09-19T17:09:04,15,0,5,12
2022-09-19T17:18:38,15,0,5,12
2022-09-19T17:27:53,15,0,5,12
2022-09-19T17:37:10,15,0,5,12
2022-09-19T17:46:25,15,0,5,12
2022-09-19T17:55:39,15,0,5,12
2022-09-19T18:05:04,15,0,5,12
2022-09-19T18:14:18,15,0,5,12
2022-09-19T18:23:32,15,0,5,12
2022-09-19T18:32:46,15,0,5,12
2022-09-19T18:41:59,15,0,5,12
2022-09-19T18:51:24,15,0,5,12
2022-09-19T19:00:38,15,0,5,12
2022-09-19T19:09:52,15,0,5,12
2022-09-19T19:19:06,15,0,5,12
2022-09-19T19:28:19,15,0,5,12
2022-09-19T19:37:33,15,0,5,12
2022-09-19T19:46:47,15,0,5,12
2022-09-19T19:56:04,15,0,5,12
2022-09-19T20:05:29,15,0,5,12
2022-09-19T20:14:43,15,0,5,12
2022-09-19T20:23:56,15,0,5,12
2022-09-19T20:33:09,15,0,5,12
2022-09-19T20:42:23,15,0,5,12
2022-09-19T20:51:36,15,0,5,12
2022-09-19T21:01:00,15,0,5,12
2022-09-19T21:10:14,15,0,5,12
2022-09-19T21:19:28,15,0,5,12
2022-09-19T21:28:42,15,0,5,12
2022-09-19T21:37:55,15,0,5,12
2022-09-19T21:47:08,15,0,5,12
2022-09-19T21:56:22,15,0,5,12
2022-09-19T22:05:46,15,0,5,12
2022-09-19T22:15:00,15,0,5,12
2022-09-19T22:24:14,15,0,5,12
2022-09-19T22:33:28,15,0,5,12
2022-09-19T22:42:40,15,0,5,12
2022-09-19T22:51:53,15,0,5,12
2022-09-19T23:01:18,15,0,5,12
2022-09-19T23:10:34,15,0,5,12
2022-09-19T23:19:47,15,0,5,12
2022-09-19T23:29:00,15,0,5,12
2022-09-19T23:38:13,15,0,6,12
2022-09-19T23:47:26,15,0,6,12
2022-09-19T23:56:41,15,0,6,12
2022-09-20T00:06:05,15,0,6,12
2022-09-20T00:15:22,15,0,6,12
2022-09-20T00:24:37,15,0,6,12
2022-09-20T00:33:50,15,0,6,12
2022-09-20T00:43:04,15,0,6,12
2022-09-20T00:52:18,15,0,6,12
2022-09-20T01:01:39,15,0,6,12
2022-09-20T01:10:52,15,0,6,12
2022-09-20T01:20:06,15,0,6,12
2022-09-20T01:29:19,15,0,6,12
2022-09-20T01:38:34,15,0,6,12
2022-09-20T01:47:58,15,0,6,12
2022-09-20T01:57:11,15,0,6,12
2022-09-20T02:06:23,15,0,6,12
2022-09-20T02:15:35,15,0,6,12
2022-09-20T02:24:47,15,0,6,12
2022-09-20T02:33:58,15,0,6,12
2022-09-20T02:43:09,15,0,6,12
2022-09-20T02:52:20,15,0,6,12
2022-09-20T03:01:31,15,0,6,12
2022-09-20T03:10:47,15,0,6,12
2022-09-20T03:20:01,15,0,6,12
2022-09-20T03:29:15,15,0,6,12
2022-09-20T03:38:29,15,0,6,12
2022-09-20T03:47:43,15,0,6,12
2022-09-20T03:56:57,15,0,6,12
2022-09-20T04:06:11,15,0,6,12
2022-09-20T04:16:36,15,0,6,12
2022-09-20T04:34:11,15,0,6,12
2022-09-20T04:43:53,15,0,6,12
2022-09-20T04:53:08,15,0,6,12
2022-09-20T05:02:23,15,0,6,12
2022-09-20T05:11:39,15,0,6,12
2022-09-20T05:20:52,15,0,6,12
2022-09-20T05:30:05,15,0,6,12
2022-09-20T05:39:20,15,0,6,12
2022-09-20T05:48:34,15,0,6,12
2022-09-20T05:57:49,15,0,6,12
2022-09-20T06:07:08,15,0,6,12
2022-09-20T06:16:23,15,0,6,12
2022-09-20T06:25:36,15,0,6,12
2022-09-20T06:34:48,15,0,6,12
2022-09-20T06:44:00,15,0,6,12
2022-09-20T06:53:11,15,0,6,12
2022-09-20T07:02:26,15,0,6,12
2022-09-20T07:11:38,15,0,6,12
2022-09-20T07:21:07,15,0,6,12
2022-09-20T07:30:21,15,0,6,12
2022-09-20T07:39:35,15,0,6,12
2022-09-20T07:48:48,15,0,6,12
2022-09-20T07:58:01,15,0,6,12
2022-09-20T08:07:15,15,0,6,12
2022-09-20T08:16:28,15,0,6,12
2022-09-20T08:25:42,15,0,6,12
2022-09-20T08:34:56,15,0,6,12
2022-09-20T08:44:10,15,0,6,12
2022-09-20T08:53:37,15,0,6,12
2022-09-20T09:02:51,15,0,6,12
2022-09-20T09:12:05,15,0,6,12
2022-09-20T09:21:20,15,0,6,12
2022-09-20T09:30:35,15,0,6,12
2022-09-20T09:39:50,15,0,6,12
2022-09-20T09:49:05,15,0,6,12
2022-09-20T09:58:21,15,0,6,12
2022-09-20T10:07:59,15,0,6,12
2022-09-20T10:17:13,15,0,6,12
2022-09-20T10:27:47,15,0,6,12
2022-09-20T10:37:07,15,0,6,12
2022-09-20T10:46:36,15,0,6,12
2022-09-20T10:55:53,15,0,6,12
2022-09-20T11:05:09,15,0,6,12
2022-09-20T11:14:27,15,0,6,12
2022-09-20T11:23:53,15,0,6,12
2022-09-20T11:33:09,15,0,6,12
2022-09-20T11:42:26,15,0,6,12
2022-09-20T11:51:42,15,0,6,12
2022-09-20T12:01:10,15,0,6,12
2022-09-20T12:10:25,15,0,5,12
2022-09-20T12:19:40,15,0,5,12
2022-09-20T12:28:56,15,0,5,12
2022-09-20T12:38:11,15,0,5,12
2022-09-20T12:47:37,15,0,5,12
2022-09-20T12:56:53,15,0,5,12
2022-09-20T13:06:08,15,0,5,12
2022-09-20T13:15:24,15,0,5,12
2022-09-20T13:24:39,15,0,5,12
2022-09-20T13:34:07,15,0,5,12
2022-09-20T13:43:23,15,0,5,12
2022-09-20T13:52:38,15,0,5,12
2022-09-20T14:01:54,15,0,5,12
2022-09-20T14:11:21,15,0,5,12
2022-09-20T14:20:37,15,0,5,12
2022-09-20T14:29:52,15,0,5,12
2022-09-20T14:39:07,15,0,5,12
2022-09-20T14:48:22,15,0,5,12
2022-09-20T14:57:49,15,0,5,12
2022-09-20T15:07:04,15,0,5,12
2022-09-20T15:16:20,15,0,5,12
2022-09-20T15:25:35,15,0,5,12
2022-09-20T15:34:50,15,0,5,12
2022-09-20T15:44:17,15,0,5,12
2022-09-20T15:53:33,15,0,5,12
2022-09-20T16:02:48,15,0,5,12
2022-09-20T16:12:02,15,0,5,12
2022-09-20T16:21:27,15,0,5,12
2022-09-20T16:30:42,15,0,5,12
2022-09-20T16:39:57,15,0,5,12
2022-09-20T16:49:12,15,0,5,12
2022-09-20T16:58:25,15,0,5,12
2022-09-20T17:07:52,15,0,5,12
2022-09-20T17:17:06,15,0,5,12
2022-09-20T17:26:20,15,0,5,12
2022-09-20T17:35:34,15,0,5,12
2022-09-20T17:44:48,15,0,5,12
2022-09-20T17:54:30,15,0,5,12
2022-09-20T18:04:25,15,0,5,12
2022-09-20T18:13:41,15,0,5,12
2022-09-20T18:22:57,15,0,5,12
2022-09-20T18:32:12,15,0,5,12
2022-09-20T18:41:27,15,0,5,12
2022-09-20T18:50:52,15,0,5,12
2022-09-20T19:00:06,15,0,5,12
2022-09-20T19:09:21,15,0,5,12
2022-09-20T19:18:34,15,0,5,12
2022-09-20T19:27:47,15,0,5,12
2022-09-20T19:37:11,15,0,5,12
2022-09-20T19:46:24,15,0,5,12
2022-09-20T19:55:37,15,0,5,12
2022-09-20T20:04:50,15,0,5,12
2022-09-20T20:14:03,15,0,5,12
2022-09-20T20:23:17,15,0,5,12
2022-09-20T20:32:40,15,0,5,12
2022-09-20T20:41:53,15,0,5,12
2022-09-20T20:51:06,15,0,5,12
2022-09-20T21:00:19,15,0,5,12
2022-09-20T21:09:32,15,0,5,12
2022-09-20T21:19:05,15,0,5,12
2022-09-20T21:28:17,15,0,5,12
2022-09-20T21:37:29,15,0,5,12
2022-09-20T21:46:42,15,0,5,12
2022-09-20T21:56:07,15,0,5,12
2022-09-20T22:05:20,15,0,5,12
2022-09-20T22:14:33,15,0,5,12
2022-09-20T22:23:45,15,0,5,12
2022-09-20T22:32:59,15,0,5,12
2022-09-20T22:42:25,15,0,5,12
2022-09-20T22:51:38,15,0,5,12
2022-09-20T23:00:50,15,0,5,12
2022-09-20T23:10:04,15,0,5,12
2022-09-20T23:19:37,15,0,5,12
2022-09-20T23:28:50,15,0,5,12
2022-09-20T23:38:03,15,0,5,12
2022-09-20T23:47:15,15,0,5,12
2022-09-20T23:56:28,15,0,5,12
2022-09-21T00:05:42,15,0,5,12
2022-09-21T00:14:57,15,0,5,12
2022-09-21T00:24:22,15,0,5,12
2022-09-21T00:33:36,15,0,5,12
2022-09-21T00:42:51,15,0,5,12
2022-09-21T00:52:06,15,0,5,12
2022-09-21T01:01:19,15,0,5,12
2022-09-21T01:10:34,15,0,5,12
2022-09-21T01:19:49,15,0,5,12
2022-09-21T01:29:03,15,0,5,12
2022-09-21T01:38:39,15,0,5,12
2022-09-21T01:47:51,15,0,5,12
2022-09-21T01:57:05,15,0,5,12
2022-09-21T02:06:17,15,0,5,12
2022-09-21T02:15:30,15,0,5,12
2022-09-21T02:24:41,15,0,5,12
2022-09-21T02:33:53,15,0,5,12
2022-09-21T02:43:04,15,0,5,12
2022-09-21T02:52:17,15,0,5,12
2022-09-21T03:01:29,15,0,5,12
2022-09-21T03:10:40,15,0,5,12
2022-09-21T03:19:51,15,0,5,12
2022-09-21T03:29:02,15,0,5,12
2022-09-21T03:38:14,15,0,5,12
2022-09-21T03:47:29,15,0,5,12
2022-09-21T03:56:44,15,0,5,12
2022-09-21T04:05:59,15,0,5,12
2022-09-21T04:21:56,15,0,5,12
2022-09-21T04:31:37,15,0,5,12
2022-09-21T04:40:53,15,0,5,12
2022-09-21T04:50:07,15,0,5,12
2022-09-21T04:59:22,15,0,5,12
2022-09-21T05:08:38,15,0,5,12
2022-09-21T05:17:53,15,0,5,12
2022-09-21T05:28:55,15,0,5,12
2022-09-21T05:38:18,15,0,5,12
2022-09-21T05:47:34,15,0,5,12
2022-09-21T05:56:51,15,0,5,12
2022-09-21T06:06:06,15,0,5,12
2022-09-21T06:15:21,15,0,5,12
2022-09-21T06:24:36,15,0,5,12
2022-09-21T06:33:51,15,0,5,12
2022-09-21T06:43:06,15,0,5,12
2022-09-21T06:52:19,15,0,5,12
2022-09-21T07:01:32,15,0,5,12
2022-09-21T07:10:46,15,0,5,12
2022-09-21T07:20:08,15,0,5,12
2022-09-21T07:29:21,15,0,5,12
2022-09-21T07:38:34,15,0,5,12
2022-09-21T07:47:47,15,0,5,12
2022-09-21T07:57:00,15,0,5,12
2022-09-21T08:06:13,15,0,5,12
2022-09-21T08:15:27,15,0,5,12
2022-09-21T08:24:41,15,0,5,12
2022-09-21T08:33:55,15,0,5,12
2022-09-21T08:43:08,15,0,5,12
2022-09-21T08:52:22,15,0,5,12
2022-09-21T09:01:49,15,0,5,12
2022-09-21T09:11:04,15,0,5,12
2022-09-21T09:21:35,15,0,5,12
2022-09-21T09:30:54,15,0,5,12
2022-09-21T09:40:12,15,0,5,12
2022-09-21T09:49:40,15,0,5,12
2022-09-21T09:58:58,15,0,5,12
2022-09-21T10:08:19,15,0,5,12
2022-09-21T10:17:38,15,0,5,12
2022-09-21T10:27:07,15,0,5,12
2022-09-21T10:36:25,15,0,5,12
2022-09-21T10:45:44,15,0,5,12
2022-09-21T10:55:02,15,0,5,12
2022-09-21T11:04:31,15,0,5,12
2022-09-21T11:13:49,15,0,5,12
2022-09-21T11:23:06,15,0,5,12
2022-09-21T11:32:23,15,0,5,12
2022-09-21T11:41:53,15,0,5,12
2022-09-21T11:51:09,15,0,5,12
2022-09-21T12:00:28,15,0,5,12
2022-09-21T12:10:00,15,0,5,12
2022-09-21T12:19:18,15,0,5,12
2022-09-21T12:28:35,15,0,5,12
2022-09-21T12:37:53,15,0,5,12
2022-09-21T12:47:23,15,0,5,12
2022-09-21T12:56:40,15,0,5,12
2022-09-21T13:05:57,15,0,5,12
2022-09-21T13:15:24,15,0,5,12
2022-09-21T13:24:42,15,0,5,12
2022-09-21T13:34:00,15,0,5,12
2022-09-21T13:43:17,15,0,5,12
2022-09-21T13:52:45,15,0,5,12
2022-09-21T14:02:03,15,0,5,12
2022-09-21T14:11:21,15,0,5,12
2022-09-21T14:20:49,15,0,5,12
2022-09-21T14:30:10,15,0,5,12
2022-09-21T14:39:28,15,0,4,12
2022-09-21T14:48:59,15,0,4,12
2022-09-21T14:58:17,15,0,4,12
2022-09-21T15:07:34,15,0,4,12
2022-09-21T15:17:02,15,0,4,12
2022-09-21T15:26:19,15,0,4,12
2022-09-21T15:35:37,15,0,4,12
2022-09-21T15:45:05,15,0,4,12
2022-09-21T15:54:23,15,0,4,12
2022-09-21T16:03:41,15,0,4,12
2022-09-21T16:12:58,15,0,4,12
2022-09-21T16:22:26,15,0,4,12
2022-09-21T16:31:43,15,0,4,12
2022-09-21T16:41:00,15,0,4,12
2022-09-21T16:50:34,15,0,4,12
2022-09-21T16:59:51,15,0,4,12
2022-09-21T17:09:11,15,0,4,12
2022-09-21T17:18:43,15,0,4,12
2022-09-21T17:28:00,15,0,4,12
2022-09-21T17:37:17,15,0,4,12
2022-09-21T17:46:32,15,0,4,12
2022-09-21T17:56:01,15,0,4,12
2022-09-21T18:05:17,15,0,4,12
2022-09-21T18:14:32,15,0,4,12
2022-09-21T18:23:47,15,0,4,12
2022-09-21T18:33:02,15,0,4,12
2022-09-21T18:42:27,15,0,4,12
2022-09-21T18:51:42,15,0,4,12
2022-09-21T19:00:57,15,0,4,12
2022-09-21T19:10:13,15,0,4,12
2022-09-21T19:19:39,15,0,4,12
2022-09-21T19:30:02,15,0,4,12
2022-09-21T19:39:20,15,0,4,12
2022-09-21T19:48:51,15,0,4,12
2022-09-21T19:58:08,15,0,4,12
2022-09-21T20:07:24,15,0,3,12
2022-09-21T20:16:40,15,0,3,12
2022-09-21T20:26:08,15,0,3,12
2022-09-21T20:35:23,15,0,3,12
2022-09-21T20:44:39,15,0,3,12
2022-09-21T20:54:07,15,0,3,12
2022-09-21T21:03:23,15,0,3,12
2022-09-21T21:12:38,15,0,3,12
2022-09-21T21:22:06,15,0,3,12
2022-09-21T21:31:22,15,0,3,12
2022-09-21T21:40:37,15,0,3,12
2022-09-21T21:49:54,15,0,3,12
2022-09-21T21:59:20,15,0,3,12
2022-09-21T22:08:36,15,0,3,12
2022-09-21T22:17:52,15,0,3,12
2022-09-21T22:27:08,15,0,3,12
2022-09-21T22:36:37,15,0,3,12
2022-09-21T22:45:52,15,0,3,12
2022-09-21T22:55:07,15,0,3,12
2022-09-21T23:04:37,15,0,3,12
2022-09-21T23:13:54,15,0,3,12
2022-09-21T23:23:10,15,0,3,12
2022-09-21T23:32:38,15,0,3,12
2022-09-21T23:41:54,15,0,3,12
2022-09-21T23:51:08,15,0,3,12
2022-09-22T00:00:24,15,0,3,12
2022-09-22T00:09:49,15,0,3,12
2022-09-22T00:19:27,15,0,3,12
2022-09-22T00:28:43,15,0,3,12
2022-09-22T00:37:59,15,0,3,12
2022-09-22T00:47:18,15,0,3,12
2022-09-22T00:56:47,15,0,3,12
2022-09-22T01:06:07,15,0,3,12
2022-09-22T01:20:26,15,0,3,12
2022-09-22T01:29:42,15,0,3,12
2022-09-22T01:38:58,15,0,3,12
2022-09-22T01:48:22,15,0,3,12
2022-09-22T01:57:37,15,0,3,12
2022-09-22T02:06:51,15,0,3,12
2022-09-22T02:16:04,15,0,3,12
2022-09-22T02:25:17,15,0,3,12
2022-09-22T02:34:29,15,0,3,12
2022-09-22T02:43:42,15,0,3,12
2022-09-22T02:52:54,15,0,3,12
2022-09-22T03:02:10,15,0,3,12
2022-09-22T03:11:26,15,0,3,12
2022-09-22T03:20:41,15,0,3,12
2022-09-22T03:30:06,15,0,3,12
2022-09-22T03:39:22,15,0,3,12
2022-09-22T03:48:37,15,0,3,12
2022-09-22T03:57:52,15,0,3,12
2022-09-22T04:07:05,15,0,3,12
2022-09-22T04:26:33,15,0,3,12
2022-09-22T04:36:09,15,0,3,12
2022-09-22T04:45:25,15,0,3,12
2022-09-22T04:54:41,15,0,3,12
2022-09-22T05:03:57,15,0,3,12
2022-09-22T05:13:13,15,0,3,12
2022-09-22T05:22:27,15,0,3,12
2022-09-22T05:31:41,15,0,3,12
2022-09-22T05:40:58,15,0,3,12
2022-09-22T05:50:13,15,0,3,12
2022-09-22T05:59:29,15,0,3,12
2022-09-22T06:08:44,15,0,3,12
2022-09-22T06:18:01,15,0,3,12
2022-09-22T06:27:15,15,0,3,12
2022-09-22T06:36:28,15,0,3,12
2022-09-22T06:45:41,15,0,3,12
2022-09-22T06:54:54,15,0,3,12
2022-09-22T07:04:09,15,0,3,12
2022-09-22T07:13:23,15,0,3,12
2022-09-22T07:22:38,15,0,3,12
2022-09-22T07:32:05,15,0,3,12
2022-09-22T07:41:31,15,0,3,12
2022-09-22T07:50:48,15,0,3,12
2022-09-22T08:00:06,15,0,3,12
2022-09-22T08:09:25,15,0,3,12
2022-09-22T08:18:42,15,0,3,12
2022-09-22T08:28:12,15,0,3,12
2022-09-22T08:37:33,15,0,3,12
2022-09-22T08:46:51,15,0,3,12
2022-09-22T08:56:20,15,0,3,12
2022-09-22T09:05:40,15,0,3,12
2022-09-22T09:15:00,15,0,3,12
2022-09-22T09:24:32,15,0,3,12
2022-09-22T09:33:54,15,0,3,12
2022-09-22T09:43:13,15,0,3,12
2022-09-22T09:52:45,15,0,3,12
2022-09-22T10:02:06,15,0,3,12
2022-09-22T10:11:36,15,0,3,12
2022-09-22T10:20:58,15,0,3,12
2022-09-22T10:30:31,15,0,4,12
2022-09-22T10:39:51,15,0,4,12
2022-09-22T10:49:12,15,0,4,12
2022-09-22T10:58:45,15,0,4,12
2022-09-22T11:08:04,15,0,4,12
2022-09-22T11:17:34,15,0,4,12
2022-09-22T11:26:57,15,0,4,12
2022-09-22T11:36:32,15,0,4,12
2022-09-22T11:45:56,15,0,4,12
2022-09-22T11:54:38,15,0,4,12
2022-09-22T12:04:04,15,0,4,12
2022-09-22T12:13:30,15,0,4,12
2022-09-22T12:23:07,15,0,4,12
2022-09-22T12:32:34,15,0,4,12
2022-09-22T12:42:10,15,0,4,12
2022-09-22T12:51:37,15,0,4,12
2022-09-22T13:01:12,15,0,4,12
2022-09-22T13:10:36,15,0,4,12
2022-09-22T13:19:59,15,0,4,12
2022-09-22T13:29:30,15,0,4,12
2022-09-22T13:38:50,15,0,4,12
2022-09-22T13:48:10,15,0,4,12
2022-09-22T13:57:42,15,0,4,12
2022-09-22T14:07:06,15,0,4,12
2022-09-22T14:16:36,15,0,4,12
2022-09-22T14:25:56,15,0,4,12
2022-09-22T14:35:19,15,0,4,12
2022-09-22T14:44:51,15,0,4,12
2022-09-22T14:54:13,15,0,4,15
2022-09-22T15:03:35,15,0,4,15
2022-09-22T15:13:10,15,0,4,15
2022-09-22T15:23:01,15,0,4,15
2022-09-22T15:32:39,15,0,4,15
2022-09-22T15:42:04,15,0,4,15
2022-09-22T15:51:30,15,0,4,15
2022-09-22T16:01:04,15,0,4,15
2022-09-22T16:10:23,15,0,4,15
2022-09-22T16:19:43,15,0,4,15
2022-09-22T16:29:16,15,0,4,15
2022-09-22T16:38:34,15,0,4,15
2022-09-22T16:47:52,15,0,4,15
2022-09-22T16:57:21,15,0,4,15
2022-09-22T17:06:38,15,0,4,15
2022-09-22T17:15:59,15,0,4,15
2022-09-22T17:25:28,15,0,4,15
2022-09-22T17:34:44,15,0,4,15
2022-09-22T17:44:01,15,0,4,15
2022-09-22T17:53:19,15,0,4,15
2022-09-22T18:02:47,15,0,4,15
2022-09-22T18:12:07,15,0,4,15
2022-09-22T18:21:24,15,0,4,15
2022-09-22T18:30:40,15,0,4,15
2022-09-22T18:39:57,15,0,4,15
2022-09-22T18:49:24,15,0,4,15
2022-09-22T18:58:39,15,0,4,15
2022-09-22T19:07:55,15,0,4,15
2022-09-22T19:17:22,15,0,4,15
2022-09-22T19:26:36,15,0,4,15
2022-09-22T19:35:52,15,0,4,15
2022-09-22T19:45:07,15,0,4,15
2022-09-22T19:54:22,15,0,4,15
2022-09-22T20:03:37,15,0,4,15
2022-09-22T20:13:04,15,0,4,15
2022-09-22T20:22:18,15,0,4,15
2022-09-22T20:31:33,15,0,4,15
2022-09-22T20:40:48,15,0,4,15
2022-09-22T20:50:03,15,0,4,15
2022-09-22T20:59:31,15,0,4,15
2022-09-22T21:08:46,15,0,4,15
2022-09-22T21:18:02,15,0,4,15
2022-09-22T21:27:18,15,0,4,15
2022-09-22T21:36:50,15,0,4,15
2022-09-22T21:46:08,15,0,4,15
2022-09-22T21:55:30,15,0,4,15
2022-09-22T22:05:00,15,0,4,15
2022-09-22T22:14:23,15,0,4,15
2022-09-22T22:23:59,15,0,4,15
2022-09-22T22:33:28,15,0,4,15
2022-09-22T22:42:59,15,0,4,15
2022-09-22T22:52:26,15,0,4,15
2022-09-22T23:01:57,15,0,4,15
2022-09-22T23:11:31,15,0,4,15
2022-09-22T23:21:15,15,0,4,15
2022-09-22T23:30:46,15,0,4,15
2022-09-22T23:40:15,15,0,4,15
2022-09-22T23:49:44,15,0,4,15
2022-09-22T23:59:08,15,0,4,15
2022-09-23T00:08:35,15,0,4,15
2022-09-23T00:18:05,15,0,4,15
2022-09-23T00:27:42,15,0,4,15
2022-09-23T00:37:04,15,0,4,15
2022-09-23T00:46:26,15,0,4,15
2022-09-23T00:55:46,15,0,4,15
2022-09-23T01:05:03,15,0,4,15
2022-09-23T01:14:19,15,0,4,15
2022-09-23T01:23:35,15,0,4,15
2022-09-23T01:32:52,15,0,4,15
2022-09-23T01:42:07,15,0,4,15
2022-09-23T01:51:20,15,0,4,15
2022-09-23T02:00:33,15,0,4,15
2022-09-23T02:09:45,15,0,4,15
2022-09-23T02:18:57,15,0,4,15
2022-09-23T02:28:09,15,0,4,15
2022-09-23T02:37:33,15,0,4,15
2022-09-23T02:46:44,15,0,4,15
2022-09-23T02:55:57,15,0,4,15
2022-09-23T03:05:11,15,0,4,15
2022-09-23T03:14:25,15,0,4,15
2022-09-23T03:23:39,15,0,4,15
2022-09-23T03:32:53,15,0,4,15
2022-09-23T03:42:08,15,0,4,15
2022-09-23T03:53:41,15,0,4,15
2022-09-23T04:03:11,15,0,4,15
2022-09-23T04:24:51,15,0,4,15
2022-09-23T04:34:33,15,0,4,15
2022-09-23T04:43:50,15,0,4,15
2022-09-23T04:53:06,15,0,4,15
2022-09-23T05:02:23,15,0,4,15
2022-09-23T05:11:38,15,0,4,15
2022-09-23T05:20:53,15,0,4,15
2022-09-23T05:30:08,15,0,4,15
2022-09-23T05:39:23,15,0,4,15
2022-09-23T05:48:38,15,0,4,15
2022-09-23T05:57:53,15,0,4,15
2022-09-23T06:07:14,15,0,4,15
2022-09-23T06:16:29,15,0,4,15
2022-09-23T06:25:43,15,0,4,15
2022-09-23T06:34:55,15,0,4,15
2022-09-23T06:44:08,15,0,4,15
2022-09-23T06:53:20,15,0,4,15
2022-09-23T07:02:33,15,0,4,15
2022-09-23T07:11:48,15,0,4,15
2022-09-23T07:21:01,15,0,4,15
2022-09-23T07:30:16,15,0,4,15
2022-09-23T07:39:35,15,0,4,15
2022-09-23T07:48:53,15,0,4,15
2022-09-23T07:58:10,15,0,4,15
2022-09-23T08:07:25,15,0,4,15
2022-09-23T08:16:50,15,0,4,15
2022-09-23T08:26:05,15,0,4,15
2022-09-23T08:35:22,15,0,4,15
2022-09-23T08:44:38,15,0,4,15
2022-09-23T08:53:56,15,0,4,15
2022-09-23T09:03:25,15,0,4,15
2022-09-23T09:12:43,15,0,4,15
2022-09-23T09:22:02,15,0,4,15
2022-09-23T09:31:34,15,0,4,15
2022-09-23T09:40:55,15,0,4,15
2022-09-23T09:50:18,15,0,4,15
2022-09-23T09:59:37,15,0,4,15
2022-09-23T10:09:05,15,0,4,15
2022-09-23T10:18:22,15,0,4,15
2022-09-23T10:27:40,15,0,4,15
2022-09-23T10:37:12,15,0,4,15
2022-09-23T10:46:33,15,0,4,15
2022-09-23T10:55:55,15,0,4,15
2022-09-23T11:05:28,15,0,4,15
2022-09-23T11:14:46,15,0,4,15
2022-09-23T11:24:14,15,0,4,15
2022-09-23T11:33:33,15,0,4,15
2022-09-23T11:42:51,15,0,4,15
2022-09-23T11:52:20,15,0,4,15
2022-09-23T12:01:38,15,0,4,15
2022-09-23T12:10:56,15,0,4,15
2022-09-23T12:20:19,15,0,4,15
2022-09-23T12:29:50,15,0,4,15
2022-09-23T12:39:12,15,0,4,15
2022-09-23T12:48:32,15,0,4,15
2022-09-23T12:58:07,15,0,4,15
2022-09-23T13:07:26,15,0,4,15
2022-09-23T13:16:45,15,0,4,15
2022-09-23T13:26:15,15,0,4,15
2022-09-23T13:35:32,15,0,4,15
2022-09-23T13:44:49,15,0,4,15
2022-09-23T13:54:20,15,0,4,15
2022-09-23T14:03:37,15,0,4,15
2022-09-23T14:12:53,15,0,3,15
2022-09-23T14:22:21,15,0,3,15
2022-09-23T14:31:37,15,0,3,15
2022-09-23T14:40:56,15,0,3,15
2022-09-23T14:50:17,15,0,3,15
2022-09-23T14:59:34,15,0,3,15
2022-09-23T15:09:03,15,0,3,15
2022-09-23T15:18:20,15,0,3,15
2022-09-23T15:27:35,15,0,3,15
2022-09-23T15:37:01,15,0,3,15
2022-09-23T15:46:17,15,0,3,15
2022-09-23T15:55:34,15,0,3,15
2022-09-23T16:04:49,15,0,3,15
2022-09-23T16:14:15,15,0,3,15
2022-09-23T16:23:30,15,0,3,15
2022-09-23T16:32:45,15,0,3,15
2022-09-23T16:42:00,15,0,3,15
2022-09-23T16:51:14,15,0,3,15
2022-09-23T17:00:41,15,0,3,15
2022-09-23T17:09:55,15,0,3,15
2022-09-23T17:19:09,15,0,3,15
2022-09-23T17:28:22,15,0,3,15
2022-09-23T17:37:36,15,0,3,15
2022-09-23T17:46:50,15,0,3,15
2022-09-23T17:56:15,15,0,3,15
2022-09-23T18:05:28,15,0,3,15
2022-09-23T18:14:42,15,0,3,15
2022-09-23T18:23:55,15,0,3,15
2022-09-23T18:33:09,15,0,3,15
2022-09-23T18:42:22,15,0,3,15
2022-09-23T18:51:35,15,0,3,15
2022-09-23T19:00:48,15,0,3,15
2022-09-23T19:10:01,15,0,3,15
2022-09-23T19:19:14,15,0,3,15
2022-09-23T19:28:37,15,0,3,15
2022-09-23T19:37:51,15,0,3,15
2022-09-23T19:47:04,15,0,3,15
2022-09-23T19:56:16,15,0,3,15
2022-09-23T20:05:29,15,0,3,15
2022-09-23T20:14:42,15,0,3,15
2022-09-23T20:23:55,15,0,3,15
2022-09-23T20:33:07,15,0,3,15
2022-09-23T20:42:19,15,0,3,15
2022-09-23T20:51:32,15,0,3,15
2022-09-23T21:00:55,15,0,3,15
2022-09-23T21:10:08,15,0,3,15
2022-09-23T21:19:21,15,0,3,15
2022-09-23T21:28:33,15,0,3,15
2022-09-23T21:37:46,15,0,3,15
2022-09-23T21:46:58,15,0,3,15
2022-09-23T21:56:10,15,0,3,15
2022-09-23T22:05:22,15,0,3,15
2022-09-23T22:14:35,15,0,3,15
2022-09-23T22:23:47,15,0,3,15
2022-09-23T22:33:11,15,0,3,15
2022-09-23T22:42:25,15,0,3,15
2022-09-23T22:51:37,15,0,3,15
2022-09-23T23:00:49,15,0,3,15
2022-09-23T23:10:03,15,0,3,15
2022-09-23T23:19:17,15,0,3,15
2022-09-23T23:28:30,15,0,3,15
2022-09-23T23:37:43,15,0,3,15
2022-09-23T23:46:56,15,0,3,15
2022-09-23T23:56:09,15,0,3,15
2022-09-24T00:05:24,15,0,3,15
2022-09-24T00:14:41,15,0,3,15
2022-09-24T00:23:56,15,0,3,15
2022-09-24T00:33:10,15,0,3,15
2022-09-24T00:42:26,15,0,3,15
2022-09-24T00:51:43,15,0,3,15
2022-09-24T01:01:09,15,0,3,15
2022-09-24T01:10:24,15,0,3,15
2022-09-24T01:19:39,15,0,3,15
2022-09-24T01:28:54,15,0,3,15
2022-09-24T01:38:08,15,0,3,15
2022-09-24T01:47:21,15,0,3,15
2022-09-24T01:56:34,15,0,3,15
2022-09-24T02:05:47,15,0,3,15
2022-09-24T02:14:59,15,0,3,15
2022-09-24T02:24:11,15,0,3,15
2022-09-24T02:33:24,15,0,3,15
2022-09-24T02:42:36,15,0,3,15
2022-09-24T02:51:49,15,0,3,15
2022-09-24T03:01:00,15,0,3,15
2022-09-24T03:10:12,15,0,3,15
2022-09-24T03:19:24,15,0,3,15
2022-09-24T03:28:35,15,0,3,15
2022-09-24T03:37:47,15,0,3,15
2022-09-24T03:47:00,15,0,3,15
2022-09-24T03:58:20,15,0,3,15
2022-09-24T04:07:58,15,0,3,15
2022-09-24T04:30:02,15,0,3,15
2022-09-24T04:39:41,15,0,3,15
2022-09-24T04:48:55,15,0,3,15
2022-09-24T04:58:08,15,0,3,15
2022-09-24T05:07:25,15,0,3,15
2022-09-24T05:16:39,15,0,3,15
2022-09-24T05:26:22,15,0,3,15
2022-09-24T05:35:38,15,0,3,15
2022-09-24T05:44:54,15,0,3,15
2022-09-24T05:54:09,15,0,3,15
2022-09-24T06:03:24,15,0,3,15
2022-09-24T06:12:39,15,0,3,15
2022-09-24T06:21:54,15,0,3,15
2022-09-24T06:31:08,15,0,3,15
2022-09-24T06:40:23,15,0,3,15
2022-09-24T06:49:38,15,0,3,15
2022-09-24T06:58:53,15,0,3,15
2022-09-24T07:08:12,15,0,3,15
2022-09-24T07:17:26,15,0,3,15
2022-09-24T07:26:44,15,0,3,15
2022-09-24T07:36:00,15,0,3,15
2022-09-24T07:45:16,15,0,3,15
2022-09-24T07:54:31,15,0,3,15
2022-09-24T08:03:47,15,0,3,15
2022-09-24T08:13:02,15,0,3,15
2022-09-24T08:22:17,15,0,3,15
2022-09-24T08:31:32,15,0,3,15
2022-09-24T08:40:46,15,0,3,15
2022-09-24T08:50:00,15,0,3,15
2022-09-24T08:59:15,15,0,3,15
2022-09-24T09:08:30,15,0,3,15
2022-09-24T09:17:46,15,0,3,15
2022-09-24T09:27:00,15,0,3,15
2022-09-24T09:36:14,15,0,3,15
2022-09-24T09:45:28,15,0,3,15
2022-09-24T09:54:43,15,0,3,15
2022-09-24T10:03:58,15,0,3,15
2022-09-24T10:13:14,15,0,3,15
2022-09-24T10:22:28,15,0,3,15
2022-09-24T10:31:41,15,0,3,15
2022-09-24T10:40:54,15,0,3,15
2022-09-24T10:50:06,15,0,3,15
2022-09-24T10:59:19,15,0,3,15
2022-09-24T11:08:32,15,0,3,15
2022-09-24T11:17:44,15,0,3,15
2022-09-24T11:26:56,15,0,3,15
2022-09-24T11:36:19,15,0,3,15
2022-09-24T11:45:33,15,0,3,15
2022-09-24T11:54:46,15,0,3,15
2022-09-24T12:03:59,15,0,3,15
2022-09-24T12:13:11,15,0,3,15
2022-09-24T12:22:24,15,0,3,15
2022-09-24T12:31:36,15,0,3,15
2022-09-24T12:40:49,15,0,3,15
2022-09-24T12:50:01,15,0,3,15
2022-09-24T12:59:14,15,0,3,15
2022-09-24T13:08:26,15,0,3,15
2022-09-24T13:17:39,15,0,3,15
2022-09-24T13:26:52,15,0,3,15
2022-09-24T13:36:04,15,0,3,15
2022-09-24T13:45:17,15,0,3,15
2022-09-24T13:54:29,15,0,3,15
2022-09-24T14:03:42,15,0,3,15
2022-09-24T14:12:54,15,0,3,15
2022-09-24T14:22:07,15,0,3,15
2022-09-24T14:31:28,15,0,3,15
2022-09-24T14:40:41,15,0,3,15
2022-09-24T14:49:54,15,0,3,15
2022-09-24T14:59:07,15,0,3,15
2022-09-24T15:08:20,15,0,3,15
2022-09-24T15:17:33,15,0,3,15
2022-09-24T15:26:46,15,0,3,15
2022-09-24T15:35:58,15,0,3,15
2022-09-24T15:45:13,15,0,3,15
2022-09-24T15:54:27,15,0,3,15
2022-09-24T16:03:39,15,0,3,15
2022-09-24T16:12:51,15,0,3,15
2022-09-24T16:22:03,15,0,3,15
2022-09-24T16:31:15,15,0,3,15
2022-09-24T16:40:28,15,0,3,15
2022-09-24T16:49:40,15,0,3,15
2022-09-24T16:59:03,15,0,3,15
2022-09-24T17:08:16,15,0,3,15
2022-09-24T17:17:30,15,0,3,15
2022-09-24T17:26:43,15,0,3,15
2022-09-24T17:35:56,15,0,3,15
2022-09-24T17:45:08,15,0,3,15
2022-09-24T17:54:21,15,0,3,15
2022-09-24T18:03:33,15,0,3,15
2022-09-24T18:12:46,15,0,3,15
2022-09-24T18:21:59,15,0,3,15
2022-09-24T18:31:11,15,0,3,15
2022-09-24T18:40:24,15,0,3,15
2022-09-24T18:49:37,15,0,3,15
2022-09-24T18:58:49,15,0,3,15
2022-09-24T19:08:02,15,0,3,15
2022-09-24T19:17:14,15,0,3,15
2022-09-24T19:26:27,15,0,3,15
2022-09-24T19:35:40,15,0,3,15
2022-09-24T19:45:03,15,0,3,15
2022-09-24T19:54:16,15,0,3,15
2022-09-24T20:03:28,15,0,3,15
2022-09-24T20:12:41,15,0,3,15
2022-09-24T20:21:53,15,0,3,15
2022-09-24T20:31:05,15,0,3,15
2022-09-24T20:40:18,15,0,3,15
2022-09-24T20:49:30,15,0,3,15
2022-09-24T20:58:42,15,0,3,15
2022-09-24T21:07:55,15,0,3,15
2022-09-24T21:17:06,15,0,3,15
2022-09-24T21:26:20,15,0,3,15
2022-09-24T21:35:32,15,0,3,15
2022-09-24T21:44:45,15,0,3,15
2022-09-24T21:53:57,15,0,3,15
2022-09-24T22:03:09,15,0,3,15
2022-09-24T22:12:31,15,0,3,15
2022-09-24T22:21:44,15,0,3,15
2022-09-24T22:30:56,15,0,3,15
2022-09-24T22:40:08,15,0,3,15
2022-09-24T22:49:19,15,0,3,15
2022-09-24T22:58:31,15,0,3,15
2022-09-24T23:07:45,15,0,3,15
2022-09-24T23:16:57,15,0,3,15
2022-09-24T23:26:10,15,0,3,15
2022-09-24T23:35:21,15,0,3,15
2022-09-24T23:44:33,15,0,3,15
2022-09-24T23:53:45,15,0,3,15
2022-09-25T00:02:58,15,0,3,15
2022-09-25T00:12:12,15,0,3,15
2022-09-25T00:21:28,15,0,3,15
2022-09-25T00:30:42,15,0,3,15
2022-09-25T00:39:55,15,0,3,15
2022-09-25T00:49:08,15,0,3,15
2022-09-25T00:58:20,15,0,3,15
2022-09-25T01:07:32,15,0,3,15
2022-09-25T01:16:44,15,0,3,15
2022-09-25T01:25:56,15,0,3,15
2022-09-25T01:35:07,15,0,3,15
2022-09-25T01:44:20,15,0,3,15
2022-09-25T01:53:32,15,0,3,15
2022-09-25T02:02:44,15,0,3,15
2022-09-25T02:11:55,15,0,3,15
2022-09-25T02:21:08,15,0,3,15
2022-09-25T02:30:20,15,0,3,15
2022-09-25T02:39:36,15,0,3,15
2022-09-25T02:48:54,15,0,3,15
2022-09-25T02:58:09,15,0,3,15
2022-09-25T03:07:33,15,0,3,15
2022-09-25T03:16:48,15,0,3,15
2022-09-25T03:26:03,15,0,3,15
2022-09-25T03:35:19,15,0,3,15
2022-09-25T03:44:34,15,0,3,15
2022-09-25T03:53:50,15,0,3,15
2022-09-25T04:04:53,15,0,3,15
2022-09-25T04:22:28,15,0,3,15
2022-09-25T04:32:08,15,0,3,15
2022-09-25T04:41:24,15,0,3,15
2022-09-25T04:50:42,15,0,3,15
2022-09-25T04:59:57,15,0,3,15
2022-09-25T05:09:13,15,0,3,15
2022-09-25T05:18:28,15,0,3,15
2022-09-25T05:27:41,15,0,3,15
2022-09-25T05:36:55,15,0,3,15
2022-09-25T05:46:09,15,0,3,15
2022-09-25T05:55:23,15,0,3,15
2022-09-25T06:04:38,15,0,3,15
2022-09-25T06:13:52,15,0,3,15
2022-09-25T06:23:05,15,0,3,15
2022-09-25T06:32:17,15,0,3,15
2022-09-25T06:41:28,15,0,3,15
2022-09-25T06:50:42,15,0,3,15
2022-09-25T06:59:53,15,0,3,15
2022-09-25T07:09:06,15,0,3,15
2022-09-25T07:18:17,15,0,3,15
2022-09-25T07:27:30,15,0,3,15
2022-09-25T07:36:43,15,0,3,15
2022-09-25T07:45:56,15,0,3,15
2022-09-25T07:55:09,15,0,3,15
2022-09-25T08:04:21,15,0,3,15
2022-09-25T08:13:33,15,0,3,15
2022-09-25T08:22:45,15,0,3,15
2022-09-25T08:31:59,15,0,3,15
2022-09-25T08:41:11,15,0,3,15
2022-09-25T08:50:22,15,0,3,15
2022-09-25T08:59:37,15,0,3,15
2022-09-25T09:08:49,15,0,3,15
2022-09-25T09:18:00,15,0,3,15
2022-09-25T09:27:12,15,0,3,15
2022-09-25T09:36:24,15,0,3,15
2022-09-25T09:45:36,15,0,3,15
2022-09-25T09:54:48,15,0,3,15
2022-09-25T10:04:01,15,0,3,15
2022-09-25T10:13:14,15,0,3,15
2022-09-25T10:22:26,15,0,3,15
2022-09-25T10:31:39,15,0,3,15
2022-09-25T10:50:55,15,0,3,15
2022-09-25T11:03:06,15,0,3,15
2022-09-25T11:12:18,15,0,3,15
2022-09-25T11:21:30,15,0,3,15
2022-09-25T11:30:44,15,0,3,15
2022-09-25T11:39:59,15,0,3,15
2022-09-25T11:49:13,15,0,3,15
2022-09-25T11:58:36,15,0,3,15
2022-09-25T12:07:49,15,0,3,15
2022-09-25T12:17:04,15,0,3,15
2022-09-25T12:26:18,15,0,3,15
2022-09-25T12:35:31,15,0,3,15
2022-09-25T12:44:44,15,0,3,15
2022-09-25T12:53:57,15,0,3,15
2022-09-25T13:03:11,15,0,3,15
2022-09-25T13:12:26,15,0,3,15
2022-09-25T13:21:39,15,0,3,15
2022-09-25T13:31:03,15,0,3,15
2022-09-25T13:40:22,15,0,3,15
2022-09-25T13:49:42,15,0,3,15
2022-09-25T13:59:02,15,0,3,15
2022-09-25T14:08:22,15,0,3,15
2022-09-25T14:17:41,15,0,3,15
2022-09-25T14:27:01,15,0,3,15
2022-09-25T14:36:20,15,0,3,15
2022-09-25T14:45:39,15,0,3,15
2022-09-25T14:54:59,15,0,3,15
2022-09-25T15:04:18,15,0,3,15
2022-09-25T15:13:34,15,0,3,15
2022-09-25T15:22:50,15,0,3,15
2022-09-25T15:32:15,15,0,3,15
2022-09-25T15:41:27,15,0,3,15
2022-09-25T15:50:41,15,0,3,15
2022-09-25T15:59:53,15,0,3,15
2022-09-25T16:09:06,15,0,3,15
2022-09-25T16:18:19,15,0,3,15
2022-09-25T16:27:33,15,0,3,15
2022-09-25T16:36:46,15,0,3,15
2022-09-25T16:45:58,15,0,3,15
2022-09-25T16:55:20,15,0,3,15
2022-09-25T17:04:33,15,0,3,15
2022-09-25T17:13:46,15,0,3,15
2022-09-25T17:22:58,15,0,3,15
2022-09-25T17:32:12,15,0,3,15
2022-09-25T17:41:26,15,0,3,15
2022-09-25T17:50:39,15,0,3,15
2022-09-25T17:59:52,15,0,3,15
2022-09-25T18:09:06,15,0,3,15
2022-09-25T18:18:30,15,0,3,15
2022-09-25T18:27:44,15,0,3,15
2022-09-25T18:36:57,15,0,3,15
2022-09-25T18:46:10,15,0,3,15
2022-09-25T18:55:23,15,0,3,15
2022-09-25T19:04:37,15,0,3,15
2022-09-25T19:13:52,15,0,3,15
2022-09-25T19:23:05,15,0,3,15
2022-09-25T19:32:19,15,0,3,15
2022-09-25T19:41:32,15,0,3,15
2022-09-25T19:50:55,15,0,3,15
2022-09-25T20:00:07,15,0,3,15
2022-09-25T20:09:20,15,0,3,15
2022-09-25T20:18:33,15,0,3,15
2022-09-25T20:27:46,15,0,3,15
2022-09-25T20:36:59,15,0,3,15
2022-09-25T20:46:12,15,0,3,15
2022-09-25T20:55:25,15,0,3,15
2022-09-25T21:04:37,15,0,3,15
2022-09-25T21:14:00,15,0,3,15
2022-09-25T21:23:14,15,0,3,15
2022-09-25T21:32:29,15,0,3,15
2022-09-25T21:41:42,15,0,3,15
2022-09-25T21:50:55,15,0,3,15
2022-09-25T22:00:09,15,0,3,15
2022-09-25T22:09:22,15,0,3,15
2022-09-25T22:18:36,15,0,3,15
2022-09-25T22:27:49,15,0,3,15
2022-09-25T22:37:13,15,0,3,15
2022-09-25T22:46:27,15,0,3,15
2022-09-25T22:55:40,15,0,3,15
2022-09-25T23:04:54,15,0,3,15
2022-09-25T23:14:07,15,0,3,15
2022-09-25T23:23:22,15,0,3,15
2022-09-25T23:32:36,15,0,3,15
2022-09-25T23:41:50,15,0,3,15
2022-09-25T23:51:13,15,0,3,15
2022-09-26T00:00:26,15,0,3,15
2022-09-26T00:09:41,15,0,3,15
2022-09-26T00:18:58,15,0,3,15
2022-09-26T00:28:13,15,0,3,15
2022-09-26T00:37:30,15,0,3,15
2022-09-26T00:46:45,15,0,3,15
2022-09-26T00:55:59,15,0,3,15
2022-09-26T01:05:13,15,0,3,15
2022-09-26T01:14:32,15,0,3,15
2022-09-26T01:23:49,15,0,3,15
2022-09-26T01:33:04,15,0,3,15
2022-09-26T01:42:19,15,0,3,15
2022-09-26T01:51:32,15,0,3,15
2022-09-26T02:00:57,15,0,3,15
2022-09-26T02:10:11,15,0,3,15
2022-09-26T02:19:26,15,0,3,15
2022-09-26T02:28:39,15,0,3,15
2022-09-26T02:37:53,15,0,3,15
2022-09-26T02:47:06,15,0,3,15
2022-09-26T02:56:20,15,0,3,15
2022-09-26T03:05:32,15,0,3,15
2022-09-26T03:14:46,15,0,3,15
2022-09-26T03:23:59,15,0,3,15
2022-09-26T03:33:13,15,0,3,15
2022-09-26T03:42:28,15,0,3,15
2022-09-26T03:51:42,15,0,3,15
2022-09-26T04:03:01,15,0,3,15
2022-09-26T04:26:34,15,0,3,15
2022-09-26T04:35:52,15,0,3,15
2022-09-26T04:45:08,15,0,3,15
2022-09-26T04:54:24,15,0,3,15
2022-09-26T05:03:38,15,0,3,15
2022-09-26T05:12:52,15,0,3,15
2022-09-26T05:22:04,15,0,3,15
2022-09-26T05:31:16,15,0,3,15
2022-09-26T05:40:29,15,0,3,15
2022-09-26T05:49:41,15,0,3,15
2022-09-26T05:58:54,15,0,3,15
2022-09-26T06:08:09,15,0,3,15
2022-09-26T06:17:23,15,0,3,15
2022-09-26T06:26:36,15,0,3,15
2022-09-26T06:35:50,15,0,3,15
2022-09-26T06:45:05,15,0,3,15
2022-09-26T06:54:19,15,0,3,15
2022-09-26T07:03:33,15,0,3,15
2022-09-26T07:12:47,15,0,3,15
2022-09-26T07:22:01,15,0,3,15
2022-09-26T07:31:15,15,0,3,15
2022-09-26T07:40:30,15,0,3,15
2022-09-26T07:49:45,15,0,3,15
2022-09-26T07:58:59,15,0,3,15
2022-09-26T08:08:14,15,0,3,15
2022-09-26T08:17:29,15,0,3,15
2022-09-26T08:26:44,15,0,3,15
2022-09-26T08:36:11,15,0,3,15
2022-09-26T08:45:27,15,0,3,15
2022-09-26T08:54:43,15,0,3,15
2022-09-26T09:04:10,15,0,3,15
2022-09-26T09:13:40,15,0,3,15
2022-09-26T09:22:58,15,0,3,15
2022-09-26T09:32:14,15,0,3,15
2022-09-26T09:41:31,15,0,3,15
2022-09-26T09:50:48,15,0,3,15
2022-09-26T10:00:17,15,0,3,15
2022-09-26T10:09:36,15,0,3,15
2022-09-26T10:18:53,15,0,3,15
2022-09-26T10:28:23,15,0,3,15
2022-09-26T10:37:40,15,0,3,15
2022-09-26T10:46:57,15,0,3,15
2022-09-26T10:56:14,15,0,3,15
2022-09-26T11:05:43,15,0,3,15
2022-09-26T11:14:59,15,0,3,15
2022-09-26T11:24:27,15,0,3,15
2022-09-26T11:33:44,15,0,3,15
2022-09-26T11:43:02,15,0,3,15
2022-09-26T11:52:18,15,0,3,15
2022-09-26T12:01:47,15,0,3,15
2022-09-26T12:11:03,15,0,3,15
2022-09-26T12:20:20,15,0,3,15
2022-09-26T12:29:36,15,0,3,15
2022-09-26T12:39:03,15,0,3,15
2022-09-26T12:48:20,15,0,3,15
2022-09-26T12:57:38,15,0,3,15
2022-09-26T13:06:56,15,0,3,15
2022-09-26T13:16:25,15,0,3,15
2022-09-26T13:25:44,15,0,3,15
2022-09-26T13:35:01,15,0,3,15
2022-09-26T13:44:23,15,0,3,15
2022-09-26T13:53:54,15,0,3,15
2022-09-26T14:03:14,15,0,3,15
2022-09-26T14:12:32,15,0,3,15
2022-09-26T14:21:53,15,0,3,15
2022-09-26T14:31:15,15,0,3,15
2022-09-26T14:40:31,15,0,3,15
2022-09-26T14:49:49,15,0,3,15
2022-09-26T14:59:19,15,0,3,15
2022-09-26T15:08:36,15,0,3,15
2022-09-26T15:17:54,15,0,3,15
2022-09-26T15:27:12,15,0,3,15
2022-09-26T15:36:33,15,0,3,15
2022-09-26T15:46:09,15,0,3,15
2022-09-26T15:55:28,15,0,3,15
2022-09-26T16:04:47,15,0,3,15
2022-09-26T16:14:17,15,0,3,15
2022-09-26T16:23:33,15,0,3,15
2022-09-26T16:32:49,15,0,3,15
2022-09-26T16:42:06,15,0,3,15
2022-09-26T16:51:22,15,0,3,15
2022-09-26T17:00:49,15,0,3,15
2022-09-26T17:10:05,15,0,3,15
2022-09-26T17:19:21,15,0,3,15
2022-09-26T17:28:35,15,0,3,15
2022-09-26T17:38:01,15,0,3,15
2022-09-26T17:47:15,15,0,3,15
2022-09-26T17:56:30,15,0,3,15
2022-09-26T18:05:46,15,0,3,15
2022-09-26T18:15:11,15,0,3,15
2022-09-26T18:24:26,15,0,3,15
2022-09-26T18:33:40,15,0,3,15
2022-09-26T18:42:54,15,0,3,15
2022-09-26T18:52:08,15,0,3,15
2022-09-26T19:01:22,15,0,3,15
2022-09-26T19:10:48,15,0,3,15
2022-09-26T19:20:02,15,0,3,15
2022-09-26T19:29:16,15,0,3,15
2022-09-26T19:38:30,15,0,3,15
2022-09-26T19:47:44,15,0,3,15
2022-09-26T19:56:58,15,0,3,15
2022-09-26T20:06:12,15,0,3,15
2022-09-26T20:15:37,15,0,3,15
2022-09-26T20:24:51,15,0,3,15
2022-09-26T20:34:05,15,0,3,15
2022-09-26T20:43:18,15,0,3,15
2022-09-26T20:52:32,15,0,3,15
2022-09-26T21:01:45,15,0,3,15
2022-09-26T21:10:59,15,0,3,15
2022-09-26T21:20:24,15,0,3,15
2022-09-26T21:29:37,15,0,3,15
2022-09-26T21:38:51,15,0,3,15
2022-09-26T21:48:03,15,0,3,15
2022-09-26T21:57:16,15,0,2,15
2022-09-26T22:06:29,15,0,2,15
2022-09-26T22:15:43,15,0,2,15
2022-09-26T22:24:56,15,0,2,15
2022-09-26T22:34:09,15,0,2,15
2022-09-26T22:43:34,15,0,2,15
2022-09-26T22:52:46,15,0,2,15
2022-09-26T23:02:00,15,0,2,15
2022-09-26T23:11:14,15,0,2,15
2022-09-26T23:20:28,15,0,2,15
2022-09-26T23:29:42,15,0,2,15
2022-09-26T23:38:56,15,0,2,15
2022-09-26T23:48:09,15,0,2,15
2022-09-26T23:57:24,15,0,2,15
2022-09-27T00:06:39,15,0,2,15
2022-09-27T00:16:08,15,0,2,15
2022-09-27T00:25:24,15,0,2,15
2022-09-27T00:34:38,15,0,2,15
2022-09-27T00:43:55,15,0,2,15
2022-09-27T00:53:11,15,0,2,15
2022-09-27T01:02:26,15,0,2,15
2022-09-27T01:11:41,15,0,2,15
2022-09-27T01:20:55,15,0,2,15
2022-09-27T01:30:10,15,0,2,15
2022-09-27T01:39:25,15,0,2,15
2022-09-27T01:48:38,15,0,2,15
2022-09-27T01:57:51,15,0,2,15
2022-09-27T02:07:04,15,0,2,15
2022-09-27T02:16:17,15,0,2,15
2022-09-27T02:25:30,15,0,2,15
2022-09-27T02:34:43,15,0,2,15
2022-09-27T02:43:55,15,0,2,15
2022-09-27T02:53:07,15,0,2,15
2022-09-27T03:02:19,15,0,2,15
2022-09-27T03:11:31,15,0,2,15
2022-09-27T03:20:43,15,0,2,15
2022-09-27T03:29:54,15,0,2,15
2022-09-27T03:39:06,15,0,2,15
2022-09-27T03:48:21,15,0,2,15
2022-09-27T03:57:35,15,0,2,15
2022-09-27T04:09:14,15,0,2,15
2022-09-27T04:18:37,15,0,2,15
2022-09-27T04:34:54,15,0,2,15
2022-09-27T04:44:35,15,0,2,15
2022-09-27T04:53:52,15,0,2,15
2022-09-27T05:03:10,15,0,2,15
2022-09-27T05:12:25,15,0,2,15
2022-09-27T05:21:39,15,0,2,15
2022-09-27T05:30:52,15,0,2,15
2022-09-27T05:40:09,15,0,2,15
2022-09-27T05:49:24,15,0,2,15
2022-09-27T05:58:40,15,0,2,15
2022-09-27T06:07:56,15,0,2,15
2022-09-27T06:17:11,15,0,2,15
2022-09-27T06:26:26,15,0,2,15
2022-09-27T06:35:41,15,0,2,15
2022-09-27T06:44:56,15,0,2,15
2022-09-27T06:54:11,15,0,2,15
2022-09-27T07:03:28,15,0,2,15
2022-09-27T07:12:45,15,0,2,15
2022-09-27T07:22:02,15,0,2,15
2022-09-27T07:31:18,15,0,2,15
2022-09-27T07:40:34,15,0,2,15
2022-09-27T07:49:49,15,0,2,15
2022-09-27T07:59:04,15,0,2,15
2022-09-27T08:08:20,15,0,2,15
2022-09-27T08:17:35,15,0,2,15
2022-09-27T08:26:51,15,0,2,15
2022-09-27T08:36:06,15,0,2,15
2022-09-27T08:45:22,15,0,2,15
2022-09-27T08:54:49,15,0,2,15
2022-09-27T09:04:07,15,0,2,15
2022-09-27T09:13:23,15,0,2,15
2022-09-27T09:22:40,15,0,2,15
2022-09-27T09:31:59,15,0,2,15
2022-09-27T09:41:20,15,0,2,15
2022-09-27T09:50:37,15,0,2,15
2022-09-27T10:00:05,15,0,2,15
2022-09-27T10:09:23,15,0,2,15
2022-09-27T10:18:40,15,0,2,15
2022-09-27T10:27:57,15,0,2,15
2022-09-27T10:37:15,15,0,2,15
2022-09-27T10:46:34,15,0,2,15
2022-09-27T10:56:04,15,0,2,15
2022-09-27T11:05:23,15,0,2,15
2022-09-27T11:14:41,15,0,2,15
2022-09-27T11:23:59,15,0,2,15
2022-09-27T11:33:26,15,0,2,15
2022-09-27T11:42:43,15,0,2,15
2022-09-27T11:52:01,15,0,2,15
2022-09-27T12:01:18,15,0,2,15
2022-09-27T12:10:36,15,0,2,15
2022-09-27T12:20:04,15,0,2,15
2022-09-27T12:29:22,15,0,2,15
2022-09-27T12:38:41,15,0,1,15
2022-09-27T12:47:58,15,0,1,15
2022-09-27T12:57:25,15,0,1,15
2022-09-27T13:06:43,15,0,1,15
2022-09-27T13:16:02,15,0,1,15
2022-09-27T13:25:21,15,0,1,15
2022-09-27T13:34:39,15,0,1,15
2022-09-27T13:44:09,15,0,1,15
2022-09-27T13:53:28,15,0,1,15
2022-09-27T14:02:50,15,0,1,15
2022-09-27T14:12:13,15,0,1,15
2022-09-27T14:21:46,15,0,1,15
2022-09-27T14:31:03,15,0,1,15
2022-09-27T14:40:20,15,0,1,15
2022-09-27T14:49:38,15,0,1,15
2022-09-27T14:58:54,15,0,1,15
2022-09-27T15:08:25,15,0,1,15
2022-09-27T15:17:42,15,0,1,15
2022-09-27T15:27:00,15,0,1,15
2022-09-27T15:36:18,15,0,1,15
2022-09-27T15:45:45,15,0,1,15
2022-09-27T15:55:02,15,0,1,15
2022-09-27T16:04:18,15,0,1,15
2022-09-27T16:13:35,15,0,1,15
2022-09-27T16:23:05,15,0,1,15
2022-09-27T16:32:22,15,0,1,15
2022-09-27T16:41:40,15,0,1,15
2022-09-27T16:50:57,15,0,1,15
2022-09-27T17:00:14,15,0,1,15
2022-09-27T17:09:42,15,0,1,15
2022-09-27T17:18:58,15,0,1,15
2022-09-27T17:28:14,15,0,1,15
2022-09-27T17:37:30,15,0,1,15
2022-09-27T17:46:46,15,0,1,15
2022-09-27T17:56:02,15,0,1,15
2022-09-27T18:05:30,15,0,1,15
2022-09-27T18:14:47,15,0,1,15
2022-09-27T18:24:03,15,0,1,15
2022-09-27T18:33:19,15,0,1,15
2022-09-27T18:42:35,15,0,1,15
2022-09-27T18:51:51,15,0,1,15
2022-09-27T19:01:18,15,0,1,15
2022-09-27T19:10:33,15,0,1,15
2022-09-27T19:19:48,15,0,1,15
2022-09-27T19:29:03,15,0,1,15
2022-09-27T19:38:19,15,0,1,15
2022-09-27T19:47:34,15,0,1,15
2022-09-27T19:56:49,15,0,1,15
2022-09-27T20:06:16,15,0,1,15
2022-09-27T20:15:31,15,0,1,15
2022-09-27T20:24:47,15,0,1,15
2022-09-27T20:34:02,15,0,1,15
2022-09-27T20:43:16,15,0,1,15
2022-09-27T20:52:31,15,0,1,15
2022-09-27T21:01:45,15,0,1,15
2022-09-27T21:11:00,15,0,1,15
2022-09-27T21:20:14,15,0,1,15
2022-09-27T21:29:41,15,0,1,15
2022-09-27T21:38:55,15,0,1,15
2022-09-27T21:48:10,15,0,1,15
2022-09-27T21:57:25,15,0,1,15
2022-09-27T22:06:40,15,0,1,15
2022-09-27T22:15:56,15,0,1,15
2022-09-27T22:25:10,15,0,1,15
2022-09-27T22:34:26,15,0,1,15
2022-09-27T22:43:40,15,0,1,15
2022-09-27T22:53:07,15,0,1,15
2022-09-27T23:02:21,15,0,1,15
2022-09-27T23:11:37,15,0,1,15
2022-09-27T23:20:52,15,0,1,15
2022-09-27T23:30:07,15,0,1,15
2022-09-27T23:39:22,15,0,1,15
2022-09-27T23:48:36,15,0,1,15
2022-09-27T23:57:50,15,0,1,15
2022-09-28T00:07:05,15,0,1,15
2022-09-28T00:16:21,15,0,1,15
2022-09-28T00:25:37,15,0,1,15
2022-09-28T00:34:52,15,0,1,15
2022-09-28T00:44:09,15,0,1,15
2022-09-28T00:53:38,15,0,1,15
2022-09-28T01:02:53,15,0,1,15
2022-09-28T01:12:10,15,0,1,15
2022-09-28T01:21:26,15,0,1,15
2022-09-28T01:30:44,15,0,1,15
2022-09-28T01:40:00,15,0,1,15
2022-09-28T01:49:15,15,0,1,15
2022-09-28T01:58:29,15,0,1,15
2022-09-28T02:07:44,15,0,1,15
2022-09-28T02:17:01,15,0,1,15
2022-09-28T02:26:18,15,0,1,15
2022-09-28T02:35:35,15,0,1,15
2022-09-28T02:44:51,15,0,1,15
2022-09-28T02:54:08,15,0,1,15
2022-09-28T03:03:22,15,0,1,15
2022-09-28T03:12:37,15,0,1,15
2022-09-28T03:21:51,15,0,1,15
2022-09-28T03:31:05,15,0,1,15
2022-09-28T03:40:22,15,0,1,15
2022-09-28T03:49:39,15,0,1,15
2022-09-28T03:58:55,15,0,1,15
2022-09-28T04:08:11,15,0,1,15
2022-09-28T04:25:11,15,0,1,15
2022-09-28T04:34:51,15,0,1,15
2022-09-28T04:44:08,15,0,1,15
2022-09-28T04:53:25,15,0,1,15
2022-09-28T05:02:42,15,0,1,15
2022-09-28T05:11:59,15,0,1,15
2022-09-28T05:21:13,15,0,1,15
2022-09-28T05:30:26,15,0,1,15
2022-09-28T05:39:40,15,0,1,15
2022-09-28T05:48:53,15,0,1,15
2022-09-28T05:58:07,15,0,1,15
2022-09-28T06:07:22,15,0,1,15
2022-09-28T06:16:36,15,0,1,15
2022-09-28T06:25:51,15,0,1,15
2022-09-28T06:35:04,15,0,1,15
2022-09-28T06:44:18,15,0,1,15
2022-09-28T06:53:32,15,0,1,15
2022-09-28T07:02:46,15,0,1,15
2022-09-28T07:12:01,15,0,1,15
2022-09-28T07:21:16,15,0,1,15
2022-09-28T07:30:31,15,0,1,15
2022-09-28T07:39:49,15,0,1,15
2022-09-28T07:49:06,15,0,1,15
2022-09-28T07:58:21,15,0,1,15
2022-09-28T08:07:37,15,0,1,15
2022-09-28T08:16:52,15,0,1,15
2022-09-28T08:26:07,15,0,1,15
2022-09-28T08:35:23,15,0,1,15
2022-09-28T08:44:40,15,0,1,15
2022-09-28T08:53:57,15,0,1,15
2022-09-28T09:03:40,15,0,1,15
2022-09-28T09:12:57,15,0,1,15
2022-09-28T09:22:15,15,0,1,15
2022-09-28T09:31:32,15,0,1,15
2022-09-28T09:40:49,15,0,1,15
2022-09-28T09:50:09,15,0,1,15
2022-09-28T09:59:29,15,0,1,15
2022-09-28T10:09:01,15,0,1,15
2022-09-28T10:18:19,15,0,1,15
2022-09-28T10:27:38,15,0,1,15
2022-09-28T10:36:56,15,0,1,15
2022-09-28T10:46:15,15,0,1,15
2022-09-28T10:55:36,15,0,1,15
2022-09-28T11:05:07,15,0,1,15
2022-09-28T11:14:27,15,0,1,15
2022-09-28T11:23:46,15,0,1,15
2022-09-28T11:33:05,15,0,1,15
2022-09-28T11:42:22,15,0,1,15
2022-09-28T11:51:40,15,0,1,15
2022-09-28T12:01:09,15,0,1,15
2022-09-28T12:10:27,15,0,1,15
2022-09-28T12:19:44,15,0,1,15
2022-09-28T12:29:01,15,0,1,15
2022-09-28T12:38:18,15,0,1,15
2022-09-28T12:47:45,15,0,1,15
2022-09-28T12:57:02,15,0,1,15
2022-09-28T13:06:20,15,0,1,15
2022-09-28T13:15:38,15,0,1,15
2022-09-28T13:24:55,15,0,1,15
2022-09-28T13:34:24,15,0,1,15
2022-09-28T13:43:42,15,0,1,15
2022-09-28T13:53:02,15,0,1,15
2022-09-28T14:02:20,15,0,1,15
2022-09-28T14:11:36,15,0,1,15
2022-09-28T14:20:53,15,0,1,15
2022-09-28T14:30:10,15,0,1,15
2022-09-28T14:39:38,15,0,1,15
2022-09-28T14:48:55,15,0,1,15
2022-09-28T14:58:12,15,0,1,15
2022-09-28T15:07:28,15,0,1,15
2022-09-28T15:16:45,15,0,1,15
2022-09-28T15:26:02,15,0,1,15
2022-09-28T15:35:18,15,0,1,15
2022-09-28T15:44:46,15,0,1,15
2022-09-28T15:54:03,15,0,1,15
2022-09-28T16:03:19,15,0,1,15
2022-09-28T16:12:35,15,0,1,15
2022-09-28T16:21:51,15,0,1,15
2022-09-28T16:31:06,15,0,1,15
2022-09-28T16:40:22,15,0,1,15
2022-09-28T16:49:49,15,0,1,15
2022-09-28T16:59:05,15,0,1,15
2022-09-28T17:08:21,15,0,1,15
2022-09-28T17:17:37,15,0,1,15
2022-09-28T17:26:52,15,0,1,15
2022-09-28T17:36:18,15,0,1,15
2022-09-28T17:45:33,15,0,1,15
2022-09-28T17:54:49,15,0,1,15
2022-09-28T18:04:05,15,0,1,15
2022-09-28T18:13:20,15,0,1,15
2022-09-28T18:22:35,15,0,1,15
2022-09-28T18:31:54,15,0,1,15
2022-09-28T18:41:09,15,0,1,15
2022-09-28T18:50:34,15,0,1,15
2022-09-28T18:59:48,15,0,1,15
2022-09-28T19:09:03,15,0,1,15
2022-09-28T19:18:17,15,0,1,15
2022-09-28T19:27:31,15,0,1,15
2022-09-28T19:36:45,15,0,1,15
2022-09-28T19:45:59,15,0,1,15
2022-09-28T19:55:14,15,0,1,15
2022-09-28T20:04:30,15,0,1,15
2022-09-28T20:13:45,15,0,1,15
2022-09-28T20:23:10,15,0,1,15
2022-09-28T20:32:24,15,0,1,15
2022-09-28T20:41:38,15,0,1,15
2022-09-28T20:50:52,15,0,1,15
2022-09-28T21:00:06,15,0,1,15
2022-09-28T21:09:20,15,0,1,15
2022-09-28T21:18:36,15,0,1,15
2022-09-28T21:27:51,15,0,1,15
2022-09-28T21:37:06,15,0,1,15
2022-09-28T21:46:21,15,0,1,15
2022-09-28T21:55:35,15,0,1,15
2022-09-28T22:05:00,15,0,1,15
2022-09-28T22:14:14,15,0,1,15
2022-09-28T22:23:28,15,0,1,15
2022-09-28T22:32:43,15,0,1,15
2022-09-28T22:41:56,15,0,1,15
2022-09-28T22:51:09,15,0,1,15
2022-09-28T23:00:23,15,0,1,15
2022-09-28T23:09:38,14,1,1,15
2022-09-28T23:18:52,14,1,1,15
2022-09-28T23:28:17,14,1,1,15
2022-09-28T23:37:31,14,1,1,15
2022-09-28T23:46:45,14,1,1,15
2022-09-28T23:55:59,14,1,1,15
2022-09-29T00:05:14,14,1,1,15
2022-09-29T00:14:33,14,1,1,15
2022-09-29T00:23:51,14,1,1,15
2022-09-29T00:33:07,14,1,1,15
2022-09-29T00:42:24,14,1,1,15
2022-09-29T00:51:41,14,1,1,15
2022-09-29T01:00:58,14,1,1,15
2022-09-29T01:10:13,14,1,1,15
2022-09-29T01:19:29,14,1,1,15
2022-09-29T01:28:43,14,1,1,15
2022-09-29T01:37:59,14,1,1,15
2022-09-29T01:47:13,14,1,1,15
2022-09-29T01:56:37,14,1,1,15
2022-09-29T02:05:51,14,1,1,15
2022-09-29T02:15:04,14,1,1,15
2022-09-29T02:24:17,14,1,1,15
2022-09-29T02:33:32,14,1,1,15
2022-09-29T02:42:46,14,1,1,15
2022-09-29T02:52:01,14,1,1,15
2022-09-29T03:01:14,14,1,1,15
2022-09-29T03:10:27,14,1,1,15
2022-09-29T03:19:40,14,1,1,15
2022-09-29T03:28:53,14,1,1,15
2022-09-29T03:38:06,14,1,1,15
2022-09-29T03:48:24,14,1,1,15
2022-09-29T03:59:02,14,1,1,15
2022-09-29T04:20:38,14,1,1,15
2022-09-29T04:30:17,14,1,1,15
2022-09-29T04:39:36,14,1,1,15
2022-09-29T04:48:54,14,1,1,15
2022-09-29T04:58:12,14,1,1,15
2022-09-29T05:07:29,14,1,1,15
2022-09-29T05:16:48,14,1,1,15
2022-09-29T05:26:09,14,1,1,15
2022-09-29T05:35:26,14,1,1,15
2022-09-29T05:44:42,14,1,1,15
2022-09-29T05:53:59,14,1,1,15
2022-09-29T06:03:15,14,1,1,15
2022-09-29T06:12:31,14,1,1,15
2022-09-29T06:21:46,14,1,1,15
2022-09-29T06:31:00,14,1,1,15
2022-09-29T06:40:15,14,1,1,15
2022-09-29T06:49:30,14,1,1,15
2022-09-29T06:58:47,14,1,1,15
2022-09-29T07:08:03,14,1,1,15
2022-09-29T07:17:19,14,1,1,15
2022-09-29T07:26:34,14,1,1,15
2022-09-29T07:35:49,14,1,1,15
2022-09-29T07:45:06,14,1,1,15
2022-09-29T07:54:22,14,1,1,15
2022-09-29T08:03:38,14,1,1,15
2022-09-29T08:12:54,14,1,1,15
2022-09-29T08:22:09,14,1,1,15
2022-09-29T08:31:24,14,1,1,15
2022-09-29T08:40:52,14,1,1,15
2022-09-29T08:50:11,14,1,1,15
2022-09-29T08:59:27,14,1,1,15
2022-09-29T09:08:43,14,1,1,15
2022-09-29T09:17:58,14,1,1,15
2022-09-29T09:27:23,14,1,1,15
2022-09-29T09:36:40,14,1,1,15
2022-09-29T09:45:57,14,1,1,15
2022-09-29T09:55:13,14,1,1,15
2022-09-29T10:04:30,14,1,1,15
2022-09-29T10:13:48,14,1,1,15
2022-09-29T10:23:05,14,1,1,15
2022-09-29T10:32:35,14,1,1,15
2022-09-29T10:41:52,14,1,1,15
2022-09-29T10:51:08,14,1,1,15
2022-09-29T11:00:25,14,1,1,15
2022-09-29T11:10:23,14,1,1,15
2022-09-29T11:19:44,14,1,1,15
2022-09-29T11:29:12,14,1,1,15
2022-09-29T11:38:29,14,1,1,15
2022-09-29T11:47:45,14,1,1,15
2022-09-29T11:57:02,14,1,1,15
2022-09-29T12:06:18,14,1,1,15
2022-09-29T12:15:34,14,1,1,15
2022-09-29T12:25:03,14,1,1,15
2022-09-29T12:34:19,14,1,1,15
2022-09-29T12:43:35,14,1,1,15
2022-09-29T12:52:50,14,1,1,15
2022-09-29T13:02:06,14,1,1,15
2022-09-29T13:11:22,14,1,1,15
2022-09-29T13:20:38,14,1,1,15
2022-09-29T13:29:56,14,1,1,15
2022-09-29T13:39:23,14,1,1,15
2022-09-29T13:48:43,14,1,1,15
2022-09-29T13:58:04,14,1,1,15
2022-09-29T14:07:23,14,1,1,15
2022-09-29T14:16:41,14,1,1,15
2022-09-29T14:25:59,14,1,1,15
2022-09-29T14:35:18,14,1,1,15
2022-09-29T14:44:35,14,1,1,15
2022-09-29T14:54:03,14,1,1,15
2022-09-29T15:03:20,14,1,1,15
2022-09-29T15:12:39,14,1,1,15
2022-09-29T15:21:56,14,1,1,15
2022-09-29T15:31:14,14,1,1,15
2022-09-29T15:40:32,14,1,1,15
2022-09-29T15:49:59,14,1,1,15
2022-09-29T15:59:16,14,1,1,15
2022-09-29T16:08:33,14,1,1,15
2022-09-29T16:17:50,14,1,1,15
2022-09-29T16:27:05,14,1,1,15
2022-09-29T16:36:20,14,1,1,15
2022-09-29T16:45:36,14,1,1,15
2022-09-29T16:55:03,14,1,1,15
2022-09-29T17:04:19,14,1,1,15
2022-09-29T17:13:34,14,1,1,15
2022-09-29T17:22:49,14,1,1,15
2022-09-29T17:32:03,14,1,1,15
2022-09-29T17:41:18,14,1,1,15
2022-09-29T17:50:33,14,1,1,15
2022-09-29T17:59:47,14,1,1,15
2022-09-29T18:09:01,14,1,1,15
2022-09-29T18:18:26,14,1,1,15
2022-09-29T18:27:41,14,1,1,15
2022-09-29T18:36:56,14,1,1,15
2022-09-29T18:46:10,14,1,1,15
2022-09-29T18:55:24,14,1,1,15
2022-09-29T19:04:39,14,1,1,15
2022-09-29T19:13:53,14,1,1,15
2022-09-29T19:23:07,14,1,1,15
2022-09-29T19:32:21,14,1,1,15
2022-09-29T19:41:35,14,1,1,15
2022-09-29T19:50:49,14,1,1,15
2022-09-29T20:00:14,14,1,1,15
2022-09-29T20:09:28,14,1,1,15
2022-09-29T20:18:42,14,1,1,15
2022-09-29T20:27:55,14,1,1,15
2022-09-29T20:37:09,14,1,1,15
2022-09-29T20:46:23,14,1,1,15
2022-09-29T20:55:37,14,1,1,15
2022-09-29T21:05:02,14,1,1,15
2022-09-29T21:14:16,14,1,1,15
2022-09-29T21:23:30,14,1,1,15
2022-09-29T21:32:44,14,1,1,15
2022-09-29T21:41:59,14,1,1,15
2022-09-29T21:51:13,14,1,1,15
2022-09-29T22:00:27,14,1,1,15
2022-09-29T22:09:41,14,1,1,15
2022-09-29T22:18:56,14,1,1,15
2022-09-29T22:28:09,14,1,1,15
2022-09-29T22:37:23,14,1,1,15
2022-09-29T22:46:49,14,1,1,15
2022-09-29T22:56:03,14,1,1,15
2022-09-29T23:05:18,14,1,1,15
2022-09-29T23:14:32,14,1,1,15
2022-09-29T23:23:45,14,1,1,15
2022-09-29T23:32:59,14,1,1,15
2022-09-29T23:42:12,14,1,1,15
2022-09-29T23:51:26,14,1,1,15
2022-09-30T00:00:39,14,1,1,15
2022-09-30T00:09:54,14,1,1,15
2022-09-30T00:19:11,14,1,1,15
2022-09-30T00:28:28,14,1,1,15
2022-09-30T00:37:43,14,1,1,15
2022-09-30T00:46:59,14,1,1,15
2022-09-30T00:56:26,14,1,1,15
2022-09-30T01:05:41,14,1,1,15
2022-09-30T01:14:58,14,1,1,15
2022-09-30T01:24:15,14,1,1,15
2022-09-30T01:33:32,14,1,1,15
2022-09-30T01:42:48,14,1,1,15
2022-09-30T01:52:02,14,1,1,15
2022-09-30T02:01:16,14,1,1,15
2022-09-30T02:10:32,14,1,1,15
2022-09-30T02:19:46,14,1,1,15
2022-09-30T02:29:03,14,1,1,15
2022-09-30T02:38:19,14,1,1,15
2022-09-30T02:47:35,14,1,1,15
2022-09-30T02:56:50,14,1,1,15
2022-09-30T03:06:04,14,1,1,15
2022-09-30T03:15:18,14,1,1,15
2022-09-30T03:24:31,14,1,1,15
2022-09-30T03:33:45,14,1,1,15
2022-09-30T03:43:00,14,1,1,15
2022-09-30T03:52:16,14,1,1,15
2022-09-30T04:01:32,14,1,1,15
2022-09-30T04:11:16,14,1,1,15
2022-09-30T04:29:34,14,1,1,15
2022-09-30T04:38:52,14,1,1,15
2022-09-30T04:48:10,14,1,1,15
2022-09-30T04:57:27,14,1,1,15
2022-09-30T05:06:45,14,1,1,15
2022-09-30T05:16:02,14,1,1,15
2022-09-30T05:25:17,14,1,1,15
2022-09-30T05:34:31,14,1,1,15
2022-09-30T05:43:44,14,1,1,15
2022-09-30T05:52:58,14,1,1,15
2022-09-30T06:02:13,14,1,1,15
2022-09-30T06:11:27,14,1,1,15
2022-09-30T06:20:42,14,1,1,15
2022-09-30T06:29:55,14,1,1,15
2022-09-30T06:39:08,14,1,1,15
2022-09-30T06:48:21,14,1,1,15
2022-09-30T06:57:33,14,1,1,15
2022-09-30T07:06:47,14,1,1,15
2022-09-30T07:16:01,14,1,1,15
2022-09-30T07:25:15,14,1,1,15
2022-09-30T07:34:28,14,1,1,15
2022-09-30T07:43:42,14,1,1,15
2022-09-30T07:52:56,14,1,1,15
2022-09-30T08:02:11,14,1,1,15
2022-09-30T08:11:30,14,1,1,15
2022-09-30T08:20:44,14,1,1,15
2022-09-30T08:29:59,14,1,1,15
2022-09-30T08:39:14,14,1,1,15
2022-09-30T08:48:29,14,1,1,15
2022-09-30T08:57:54,14,1,1,15
2022-09-30T09:07:11,14,1,1,15
2022-09-30T09:16:27,14,1,1,15
2022-09-30T09:25:43,14,1,1,15
2022-09-30T09:34:58,14,1,1,15
2022-09-30T09:44:13,14,1,1,15
2022-09-30T09:53:29,14,1,1,15
2022-09-30T10:02:45,14,1,1,15
2022-09-30T10:12:01,14,1,1,15
2022-09-30T10:21:16,14,1,1,15
2022-09-30T10:30:44,14,1,1,15
2022-09-30T10:39:59,14,1,1,15
2022-09-30T10:49:14,14,0,1,10
2022-09-30T10:58:31,14,0,1,10
2022-09-30T11:07:46,14,0,1,10
2022-09-30T11:17:01,14,0,1,10
2022-09-30T11:26:17,14,0,1,10
2022-09-30T11:35:33,14,0,1,10
2022-09-30T11:45:00,14,0,1,10
2022-09-30T11:54:15,14,0,1,10
2022-09-30T12:03:31,14,0,1,10
2022-09-30T12:12:46,14,0,1,10
2022-09-30T12:22:01,14,0,1,10
2022-09-30T12:31:16,14,0,1,10
2022-09-30T12:40:31,14,0,1,10
2022-09-30T12:49:46,14,0,1,10
2022-09-30T12:59:11,14,0,1,10
2022-09-30T13:08:26,14,0,1,10
2022-09-30T13:17:41,14,0,1,10
2022-09-30T13:26:57,14,0,1,10
2022-09-30T13:36:12,14,0,1,10
2022-09-30T13:45:26,14,0,1,10
2022-09-30T13:54:42,14,0,1,10
2022-09-30T14:03:58,14,0,1,10
2022-09-30T14:13:13,14,0,1,10
2022-09-30T14:22:28,14,0,1,10
2022-09-30T14:31:54,14,0,1,10
2022-09-30T14:41:11,14,0,1,10
2022-09-30T14:50:28,14,0,1,10
2022-09-30T14:59:43,14,0,1,10
2022-09-30T15:08:58,14,0,1,10
2022-09-30T15:18:14,14,0,1,10
2022-09-30T15:27:30,14,0,1,10
2022-09-30T15:36:47,14,0,1,10
2022-09-30T15:46:02,14,0,1,10
2022-09-30T15:55:20,14,0,1,10
2022-09-30T16:04:47,14,0,1,10
2022-09-30T16:14:07,14,0,1,10
2022-09-30T16:23:26,14,0,1,10
2022-09-30T16:32:44,14,0,1,10
2022-09-30T16:41:58,14,0,1,10
2022-09-30T16:51:13,14,0,1,10
2022-09-30T17:00:30,14,0,1,10
2022-09-30T17:09:48,14,0,1,10
2022-09-30T17:19:03,14,0,1,10
2022-09-30T17:28:17,14,0,1,10
2022-09-30T17:37:32,14,0,1,10
2022-09-30T17:46:45,14,0,1,10
2022-09-30T17:56:04,14,0,1,10
2022-09-30T18:05:30,14,0,1,10
2022-09-30T18:14:48,14,0,1,10
2022-09-30T18:24:05,14,0,1,10
2022-09-30T18:33:19,14,0,1,10
2022-09-30T18:42:38,14,0,1,10
2022-09-30T18:51:54,14,0,1,10
2022-09-30T19:01:07,14,0,1,10
2022-09-30T19:10:22,14,0,1,10
2022-09-30T19:19:37,14,0,1,10
2022-09-30T19:28:55,14,0,1,10
2022-09-30T19:38:13,14,0,1,10
2022-09-30T19:47:31,14,0,1,10
2022-09-30T19:56:55,14,0,1,10
2022-09-30T20:06:18,14,0,1,10
2022-09-30T20:15:40,14,0,1,10
2022-09-30T20:25:01,14,0,1,10
2022-09-30T20:34:21,14,0,1,10
2022-09-30T20:43:52,14,0,1,10
2022-09-30T20:53:12,14,0,1,10
2022-09-30T21:02:33,14,0,1,10
2022-09-30T21:11:52,14,0,1,10
2022-09-30T21:21:12,14,0,1,10
2022-09-30T21:30:28,14,0,1,10
2022-09-30T21:39:45,14,0,1,10
2022-09-30T21:49:01,14,0,1,10
2022-09-30T21:58:17,14,0,1,10
2022-09-30T22:07:30,14,0,1,10
2022-09-30T22:16:46,14,0,1,10
2022-09-30T22:26:04,14,0,1,10
2022-09-30T22:35:18,14,0,1,10
2022-09-30T22:44:33,14,0,1,10
2022-09-30T22:53:51,14,0,1,10
2022-09-30T23:03:08,14,0,1,10
2022-09-30T23:12:24,14,0,1,10
2022-09-30T23:21:47,14,0,1,10
2022-09-30T23:31:05,14,0,1,10
2022-09-30T23:40:22,14,0,1,10
2022-09-30T23:49:39,14,0,1,10
2022-09-30T23:59:07,14,0,1,10
2022-10-01T00:08:25,14,0,1,10
2022-10-01T00:17:44,14,0,1,10
2022-10-01T00:27:04,14,0,1,10
2022-10-01T00:36:24,14,0,1,10
2022-10-01T00:45:42,14,0,1,10
2022-10-01T00:54:56,14,0,1,10
2022-10-01T01:04:10,14,0,1,10
2022-10-01T01:13:23,14,0,1,10
2022-10-01T01:22:37,14,0,1,10
2022-10-01T01:31:50,14,0,1,10
2022-10-01T01:41:03,14,0,1,10
2022-10-01T01:50:15,14,0,1,10
2022-10-01T01:59:28,14,0,1,10
2022-10-01T02:08:43,14,0,1,10
2022-10-01T02:17:55,14,0,1,10
2022-10-01T02:27:07,14,0,1,10
2022-10-01T02:36:19,14,0,1,10
2022-10-01T02:45:32,14,0,1,10
2022-10-01T02:54:45,14,0,1,10
2022-10-01T03:03:57,14,0,1,10
2022-10-01T03:13:09,14,0,1,10
2022-10-01T03:22:24,14,0,1,10
2022-10-01T03:31:38,14,0,1,10
2022-10-01T03:40:54,14,0,1,10
2022-10-01T03:50:09,14,0,1,10
2022-10-01T03:59:25,14,0,1,10
2022-10-01T04:08:41,14,0,1,10
2022-10-01T04:25:57,14,0,1,10
2022-10-01T04:35:30,14,0,1,10
2022-10-01T04:44:47,14,0,1,10
2022-10-01T04:54:01,14,0,1,10
2022-10-01T05:03:14,14,0,1,10
2022-10-01T05:12:27,14,0,1,10
2022-10-01T05:21:39,14,0,1,10
2022-10-01T05:30:52,14,0,1,10
2022-10-01T05:40:05,14,0,1,10
2022-10-01T05:49:18,14,0,1,10
2022-10-01T05:58:32,14,0,1,10
2022-10-01T06:07:46,14,0,1,10
2022-10-01T06:17:01,14,0,1,10
2022-10-01T06:26:16,14,0,1,10
2022-10-01T06:35:29,14,0,1,10
2022-10-01T06:44:41,14,0,1,10
2022-10-01T06:53:55,14,0,1,10
2022-10-01T07:03:08,14,0,1,10
2022-10-01T07:12:22,14,0,1,10
2022-10-01T07:21:35,14,0,1,10
2022-10-01T07:30:49,14,0,1,10
2022-10-01T07:40:58,14,0,1,10
2022-10-01T07:50:14,14,0,1,10
2022-10-01T07:59:30,14,0,1,10
2022-10-01T08:08:45,14,0,1,10
2022-10-01T08:18:02,14,0,1,10
2022-10-01T08:27:18,14,0,1,10
2022-10-01T08:36:33,14,0,1,10
2022-10-01T08:45:48,14,0,1,10
2022-10-01T08:55:04,14,0,1,10
2022-10-01T09:04:19,14,0,1,10
2022-10-01T09:13:38,14,0,1,10
2022-10-01T09:22:55,14,0,1,10
2022-10-01T09:32:12,14,0,1,10
2022-10-01T09:41:27,14,0,1,10
2022-10-01T09:50:43,14,0,1,10
2022-10-01T10:00:00,14,0,1,10
2022-10-01T10:09:16,14,0,1,10
2022-10-01T10:18:31,14,0,1,10
2022-10-01T10:28:01,14,0,1,10
2022-10-01T10:37:16,14,0,1,10
2022-10-01T10:46:32,14,0,1,10
2022-10-01T10:55:47,14,0,1,10
2022-10-01T11:05:01,14,0,1,10
2022-10-01T11:14:16,14,0,1,10
2022-10-01T11:23:31,14,0,1,10
2022-10-01T11:32:46,14,0,1,10
2022-10-01T11:42:00,14,0,1,10
2022-10-01T11:51:15,14,0,1,10
2022-10-01T12:00:30,14,0,1,10
2022-10-01T12:09:53,14,0,1,10
2022-10-01T12:19:06,14,0,1,10
2022-10-01T12:28:19,14,0,1,10
2022-10-01T12:37:32,14,0,1,10
2022-10-01T12:46:45,14,0,1,10
2022-10-01T12:55:58,14,0,1,10
2022-10-01T13:05:14,14,0,1,10
2022-10-01T13:14:28,14,0,1,10
2022-10-01T13:23:41,14,0,1,10
2022-10-01T13:32:54,14,0,1,10
2022-10-01T13:42:07,14,0,1,10
2022-10-01T13:51:19,14,0,1,10
2022-10-01T14:00:32,14,0,1,10
2022-10-01T14:09:44,14,0,1,10
2022-10-01T14:18:57,14,0,1,10
2022-10-01T14:28:10,14,0,1,10
2022-10-01T14:37:22,14,0,1,10
2022-10-01T14:46:45,14,0,1,10
2022-10-01T14:55:57,14,0,1,10
2022-10-01T15:05:10,14,0,1,10
2022-10-01T15:14:22,14,0,1,10
2022-10-01T15:23:35,14,0,1,10
2022-10-01T15:32:48,14,0,1,10
2022-10-01T15:42:00,14,0,1,10
2022-10-01T15:51:13,14,0,1,10
2022-10-01T16:00:26,14,0,1,10
2022-10-01T16:09:38,14,0,1,10
2022-10-01T16:18:52,14,0,1,10
2022-10-01T16:28:05,14,0,1,10
2022-10-01T16:37:20,14,0,1,10
2022-10-01T16:46:32,14,0,1,10
2022-10-01T16:55:44,14,0,1,10
2022-10-01T17:04:57,14,0,1,10
2022-10-01T17:14:10,14,0,1,10
2022-10-01T17:23:23,14,0,1,10
2022-10-01T17:32:36,14,0,1,10
2022-10-01T17:42:05,14,0,1,10
2022-10-01T17:51:18,14,0,1,10
2022-10-01T18:00:30,14,0,1,10
2022-10-01T18:09:44,14,0,1,10
2022-10-01T18:18:57,14,0,1,10
2022-10-01T18:28:10,14,0,1,10
2022-10-01T18:37:23,14,0,1,10
2022-10-01T18:46:36,14,0,1,10
2022-10-01T18:55:49,14,0,1,10
2022-10-01T19:05:01,14,0,1,10
2022-10-01T19:14:15,14,0,1,10
2022-10-01T19:23:31,14,0,1,10
2022-10-01T19:32:46,14,0,1,10
2022-10-01T19:41:58,14,0,1,10
2022-10-01T19:51:12,14,0,1,10
2022-10-01T20:00:25,14,0,1,10
2022-10-01T20:09:37,14,0,1,10
2022-10-01T20:18:50,14,0,1,10
2022-10-01T20:28:03,14,0,1,10
2022-10-01T20:37:16,14,0,1,10
2022-10-01T20:46:29,14,0,1,10
2022-10-01T20:55:41,14,0,1,10
2022-10-01T21:04:53,14,0,1,10
2022-10-01T21:14:06,14,0,1,10
2022-10-01T21:23:19,14,0,1,10
2022-10-01T21:32:31,14,0,1,10
2022-10-01T21:41:43,14,0,1,10
2022-10-01T21:50:55,14,0,1,10
2022-10-01T22:00:18,14,0,1,10
2022-10-01T22:09:30,14,0,1,10
2022-10-01T22:18:43,14,0,1,10
2022-10-01T22:27:55,14,0,1,10
2022-10-01T22:37:07,14,0,1,10
2022-10-01T22:46:20,14,0,1,10
2022-10-01T22:55:32,14,0,1,10
2022-10-01T23:04:45,14,0,1,10
2022-10-01T23:13:59,14,0,1,10
2022-10-01T23:23:12,14,0,1,10
2022-10-01T23:32:25,14,0,1,10
2022-10-01T23:41:37,14,0,1,10
2022-10-01T23:50:50,14,0,1,10
2022-10-02T00:00:02,14,0,1,10
2022-10-02T00:09:16,14,0,1,10
2022-10-02T00:18:32,14,0,1,10
2022-10-02T00:27:46,14,0,1,10
2022-10-02T00:37:01,14,0,1,10
2022-10-02T00:46:16,14,0,1,10
2022-10-02T00:55:30,14,0,1,10
2022-10-02T01:04:43,14,0,1,10
2022-10-02T01:13:57,14,0,1,10
2022-10-02T01:23:12,14,0,1,10
2022-10-02T01:32:27,14,0,1,10
2022-10-02T01:41:41,14,0,1,10
2022-10-02T01:50:54,14,0,1,10
2022-10-02T02:00:09,14,0,1,10
2022-10-02T02:09:26,14,0,1,10
2022-10-02T02:18:41,14,0,1,10
2022-10-02T02:27:55,14,0,1,10
2022-10-02T02:37:10,14,0,1,10
2022-10-02T02:46:23,14,0,1,10
2022-10-02T02:55:37,14,0,1,10
2022-10-02T03:04:52,14,0,1,10
2022-10-02T03:14:07,14,0,1,10
2022-10-02T03:23:21,14,0,1,10
2022-10-02T03:32:36,14,0,1,10
2022-10-02T03:41:52,14,0,1,10
2022-10-02T03:51:07,14,0,1,10
2022-10-02T04:00:23,14,0,1,10
2022-10-02T04:11:35,14,0,1,10
2022-10-02T04:25:40,14,0,1,10
2022-10-02T04:35:19,14,0,1,10
2022-10-02T04:44:36,14,0,1,10
2022-10-02T04:53:52,14,0,1,10
2022-10-02T05:03:07,14,0,1,10
2022-10-02T05:12:21,14,0,1,10
2022-10-02T05:21:34,14,0,1,10
2022-10-02T05:30:47,14,0,1,10
2022-10-02T05:39:59,14,0,1,10
2022-10-02T05:49:12,14,0,1,10
2022-10-02T05:58:27,14,0,1,10
2022-10-02T06:07:40,14,0,1,10
2022-10-02T06:16:54,14,0,1,10
2022-10-02T06:26:07,14,0,1,10
2022-10-02T06:35:19,14,0,1,10
2022-10-02T06:44:31,14,0,1,10
2022-10-02T06:53:43,14,0,1,10
2022-10-02T07:02:55,14,0,1,10
2022-10-02T07:12:07,14,0,1,10
2022-10-02T07:21:19,14,0,1,10
2022-10-02T07:30:32,14,0,1,10
2022-10-02T07:39:45,14,0,1,10
2022-10-02T07:48:59,14,0,1,10
2022-10-02T07:58:12,14,0,1,10
2022-10-02T08:07:25,14,0,1,10
2022-10-02T08:16:37,14,0,1,10
2022-10-02T08:25:51,14,0,1,10
2022-10-02T08:35:04,14,0,1,10
2022-10-02T08:44:17,14,0,1,10
2022-10-02T08:53:30,14,0,1,10
2022-10-02T09:02:42,14,0,1,10
2022-10-02T09:11:55,14,0,1,10
2022-10-02T09:21:09,14,0,1,10
2022-10-02T09:30:23,14,0,1,10
2022-10-02T09:39:36,14,0,1,10
2022-10-02T09:48:50,14,0,1,10
2022-10-02T09:58:03,14,0,1,10
2022-10-02T10:07:16,14,0,1,10
2022-10-02T10:16:30,14,0,1,10
2022-10-02T10:25:42,14,0,1,10
2022-10-02T10:34:55,14,0,1,10
2022-10-02T10:44:08,14,0,1,10
2022-10-02T10:53:25,14,0,1,10
2022-10-02T11:02:38,14,0,1,10
2022-10-02T11:11:51,14,0,1,10
2022-10-02T11:21:05,14,0,1,10
2022-10-02T11:30:19,14,0,1,10
2022-10-02T11:39:32,14,0,1,10
2022-10-02T11:48:45,14,0,1,10
2022-10-02T11:57:58,14,0,1,10
2022-10-02T12:07:11,14,0,1,10
2022-10-02T12:16:24,14,0,1,10
2022-10-02T12:25:37,14,0,1,10
2022-10-02T12:34:49,14,0,1,10
2022-10-02T12:44:03,14,0,1,10
2022-10-02T12:53:17,14,0,1,10
2022-10-02T13:02:30,14,0,1,10
2022-10-02T13:11:43,14,0,1,10
2022-10-02T13:20:56,14,0,1,10
2022-10-02T13:30:10,14,0,1,10
2022-10-02T13:39:32,14,0,1,10
2022-10-02T13:48:46,14,0,1,10
2022-10-02T13:58:00,14,0,1,10
2022-10-02T14:07:13,14,0,1,10
2022-10-02T14:16:26,14,0,1,10
2022-10-02T14:25:39,14,0,1,10
2022-10-02T14:34:53,14,0,1,10
2022-10-02T14:44:06,14,0,1,10
2022-10-02T14:53:20,14,0,1,10
2022-10-02T15:02:33,14,0,1,10
2022-10-02T15:11:46,14,0,1,10
2022-10-02T15:20:59,14,0,1,10
2022-10-02T15:30:13,14,0,1,10
2022-10-02T15:39:26,14,0,1,10
2022-10-02T15:48:38,14,0,1,10
2022-10-02T15:58:01,14,0,1,10
2022-10-02T16:07:14,14,0,1,10
2022-10-02T16:16:27,14,0,1,10
2022-10-02T16:25:42,14,0,1,10
2022-10-02T16:34:56,14,0,1,10
2022-10-02T16:44:09,14,0,1,10
2022-10-02T16:53:22,14,0,1,10
2022-10-02T17:02:35,14,0,1,10
2022-10-02T17:11:48,14,0,1,10
2022-10-02T17:21:01,14,0,1,10
2022-10-02T17:30:14,14,0,1,10
2022-10-02T17:39:27,14,0,1,10
2022-10-02T17:48:40,14,0,1,10
2022-10-02T17:57:53,14,0,1,10
2022-10-02T18:07:06,14,0,1,10
2022-10-02T18:16:20,14,0,1,10
2022-10-02T18:25:34,14,0,1,10
2022-10-02T18:34:57,14,0,1,10
2022-10-02T18:44:11,14,0,1,10
2022-10-02T18:53:23,14,0,1,10
2022-10-02T19:02:37,14,0,1,10
2022-10-02T19:11:51,14,0,1,10
2022-10-02T19:21:05,14,0,1,10
2022-10-02T19:30:18,14,0,1,10
2022-10-02T19:39:32,14,0,1,10
2022-10-02T19:48:46,14,0,1,10
2022-10-02T19:57:59,14,0,1,10
2022-10-02T20:07:13,14,0,1,10
2022-10-02T20:16:25,14,0,1,10
2022-10-02T20:25:38,14,0,1,10
2022-10-02T20:34:51,14,0,1,10
2022-10-02T20:44:04,14,0,1,10
2022-10-02T20:53:27,14,0,1,10
2022-10-02T21:02:40,14,0,1,10
2022-10-02T21:11:53,14,0,1,10
2022-10-02T21:21:07,14,0,1,10
2022-10-02T21:30:20,14,0,1,10
2022-10-02T21:39:33,14,0,1,10
2022-10-02T21:48:46,14,0,1,10
2022-10-02T21:57:59,14,0,1,10
2022-10-02T22:07:12,14,0,1,10
2022-10-02T22:16:25,14,0,1,10
2022-10-02T22:25:38,14,0,1,10
2022-10-02T22:34:52,14,0,1,10
2022-10-02T22:44:05,14,0,1,10
2022-10-02T22:53:19,14,0,1,10
2022-10-02T23:02:42,14,0,1,10
2022-10-02T23:11:57,14,0,1,10
2022-10-02T23:21:11,14,0,1,10
2022-10-02T23:30:26,14,0,1,10
2022-10-02T23:39:40,14,0,1,10
2022-10-02T23:48:55,14,0,1,10
2022-10-02T23:58:08,14,0,1,10
2022-10-03T00:07:23,14,0,1,10
2022-10-03T00:16:41,14,0,1,10
2022-10-03T00:25:58,14,0,1,10
2022-10-03T00:35:14,14,0,1,10
2022-10-03T00:44:29,14,0,1,10
2022-10-03T00:53:53,14,0,1,10
2022-10-03T01:03:07,14,0,1,10
2022-10-03T01:12:33,14,0,1,10
2022-10-03T01:21:50,14,0,1,10
2022-10-03T01:31:07,14,0,1,10
2022-10-03T01:40:22,14,0,1,10
2022-10-03T01:49:36,14,0,1,10
2022-10-03T01:58:52,14,0,1,10
2022-10-03T02:08:12,14,0,1,10
2022-10-03T02:17:27,14,0,1,10
2022-10-03T02:26:42,14,0,1,10
2022-10-03T02:35:56,14,0,1,10
2022-10-03T02:45:10,14,0,1,10
2022-10-03T02:54:24,14,0,1,10
2022-10-03T03:03:38,14,0,1,10
2022-10-03T03:12:53,14,0,1,10
2022-10-03T03:22:08,14,0,1,10
2022-10-03T03:31:23,14,0,1,10
2022-10-03T03:40:39,14,0,1,10
2022-10-03T03:49:55,14,0,1,10
2022-10-03T04:01:17,14,0,1,10
2022-10-03T04:10:41,14,0,1,10
2022-10-03T04:29:00,14,0,1,10
2022-10-03T04:38:42,14,0,1,10
2022-10-03T04:47:59,14,0,1,10
2022-10-03T04:57:17,14,0,1,10
2022-10-03T05:06:33,14,0,1,10
2022-10-03T05:15:47,14,0,1,10
2022-10-03T05:24:59,14,0,1,10
2022-10-03T05:34:12,14,0,1,10
2022-10-03T05:43:25,14,0,1,10
2022-10-03T05:52:39,14,0,1,10
2022-10-03T06:01:53,14,0,1,10
2022-10-03T06:11:08,14,0,1,10
2022-10-03T06:20:23,14,0,1,10
2022-10-03T06:29:36,14,0,1,10
2022-10-03T06:38:49,14,0,1,10
2022-10-03T06:48:03,14,0,1,10
2022-10-03T06:57:16,14,0,1,10
2022-10-03T07:06:30,14,0,1,10
2022-10-03T07:15:44,14,0,1,10
2022-10-03T07:24:57,14,0,1,10
2022-10-03T07:34:12,14,0,1,10
2022-10-03T07:43:29,14,0,1,10
2022-10-03T07:52:44,14,0,1,10
2022-10-03T08:01:59,14,0,1,10
2022-10-03T08:11:14,14,0,1,10
2022-10-03T08:20:31,14,0,1,10
2022-10-03T08:29:52,14,0,1,10
2022-10-03T08:39:11,14,0,1,10
2022-10-03T08:48:28,14,0,1,10
2022-10-03T08:58:27,14,0,1,10
2022-10-03T09:07:48,14,0,1,10
2022-10-03T09:17:05,14,0,1,10
2022-10-03T09:26:32,14,0,1,10
2022-10-03T09:35:48,14,0,1,10
2022-10-03T09:45:05,14,0,1,10
2022-10-03T09:54:22,14,0,1,10
2022-10-03T10:03:41,14,0,1,10
2022-10-03T10:13:01,14,0,1,10
2022-10-03T10:22:19,14,0,1,10
2022-10-03T10:31:36,14,0,1,10
2022-10-03T10:41:06,14,0,1,10
2022-10-03T10:50:23,14,0,1,10
2022-10-03T11:00:04,14,0,1,10
2022-10-03T11:09:23,14,1,1,15
2022-10-03T11:18:41,14,1,1,15
2022-10-03T11:27:58,14,1,1,15
2022-10-03T11:37:15,14,1,1,15
2022-10-03T11:46:42,14,1,1,15
2022-10-03T11:55:58,14,1,1,15
2022-10-03T12:05:15,14,1,1,15
2022-10-03T12:14:32,14,1,1,15
2022-10-03T12:23:50,14,1,1,15
2022-10-03T12:33:06,14,1,1,15
2022-10-03T12:42:22,14,1,1,15
2022-10-03T12:51:39,14,1,1,15
2022-10-03T13:01:06,14,1,1,15
2022-10-03T13:10:24,14,1,1,15
2022-10-03T13:19:41,14,1,1,15
2022-10-03T13:28:58,14,1,1,15
2022-10-03T13:38:15,14,1,1,15
2022-10-03T13:47:32,14,1,1,15
2022-10-03T13:56:50,14,1,1,15
2022-10-03T14:06:18,14,1,1,15
2022-10-03T14:15:36,14,1,1,15
2022-10-03T14:24:53,14,1,1,15
2022-10-03T14:34:11,14,1,1,15
2022-10-03T14:43:28,14,1,1,15
2022-10-03T14:52:46,14,1,1,15
2022-10-03T15:02:05,14,1,1,15
2022-10-03T15:11:35,14,1,1,15
2022-10-03T15:20:56,14,1,1,15
2022-10-03T15:30:18,14,1,1,15
2022-10-03T15:39:35,14,1,1,15
2022-10-03T15:48:51,14,1,1,15
2022-10-03T15:58:07,14,1,1,15
2022-10-03T16:07:23,14,1,1,15
2022-10-03T16:16:51,14,1,1,15
2022-10-03T16:26:07,14,1,1,15
2022-10-03T16:35:23,14,1,1,15
2022-10-03T16:44:38,14,1,1,15
2022-10-03T16:53:54,14,1,1,15
2022-10-03T17:03:11,14,1,1,15
2022-10-03T17:12:27,14,1,1,15
2022-10-03T17:21:44,14,1,1,15
2022-10-03T17:31:10,14,1,1,15
2022-10-03T17:40:25,14,1,1,15
2022-10-03T17:49:39,14,1,1,15
2022-10-03T17:58:54,14,1,1,15
2022-10-03T18:08:09,14,1,1,15
2022-10-03T18:17:23,14,1,1,15
2022-10-03T18:26:38,14,1,1,15
2022-10-03T18:35:53,14,1,1,15
2022-10-03T18:45:09,14,1,1,15
2022-10-03T18:54:23,14,1,1,15
2022-10-03T19:03:39,14,1,1,15
2022-10-03T19:12:53,14,1,1,15
2022-10-03T19:22:08,14,1,1,15
2022-10-03T19:31:23,14,1,1,15
2022-10-03T19:40:50,14,1,1,15
2022-10-03T19:50:05,14,1,1,15
2022-10-03T19:59:20,14,1,1,15
2022-10-03T20:08:34,14,1,1,15
2022-10-03T20:17:49,14,1,1,15
2022-10-03T20:27:04,14,1,1,15
2022-10-03T20:36:18,14,1,1,15
2022-10-03T20:45:33,14,1,1,15
2022-10-03T20:54:47,14,1,1,15
2022-10-03T21:04:02,14,1,1,15
2022-10-03T21:13:17,14,1,1,15
2022-10-03T21:22:32,14,1,1,15
2022-10-03T21:31:47,14,1,1,15
2022-10-03T21:41:13,14,1,1,15
2022-10-03T21:50:28,14,1,1,15
2022-10-03T21:59:42,14,1,1,15
2022-10-03T22:08:57,14,1,1,15
2022-10-03T22:18:12,14,1,1,15
2022-10-03T22:27:27,15,0,0,15
2022-10-03T22:36:42,15,0,0,15
2022-10-03T22:45:57,15,0,0,15
2022-10-03T22:55:11,15,0,0,15
2022-10-03T23:04:27,15,0,0,15
2022-10-03T23:13:42,15,0,0,15
2022-10-03T23:22:57,15,0,0,15
2022-10-03T23:32:13,15,0,0,15
2022-10-03T23:41:39,15,0,0,15
2022-10-03T23:50:53,15,0,0,15
2022-10-04T00:00:08,15,0,0,15
2022-10-04T00:09:24,15,0,0,15
2022-10-04T00:18:44,15,0,0,15
2022-10-04T00:28:02,15,0,0,15
2022-10-04T00:37:18,15,0,0,15
2022-10-04T00:46:36,15,0,0,15
2022-10-04T00:55:54,15,0,0,15
2022-10-04T01:05:11,15,0,0,15
2022-10-04T01:14:28,15,0,0,15
2022-10-04T01:23:44,15,0,0,15
2022-10-04T01:33:02,15,0,0,15
2022-10-04T01:42:19,15,0,0,15
2022-10-04T01:51:36,15,0,0,15
2022-10-04T02:00:52,15,0,0,15
2022-10-04T02:10:09,15,0,0,15
2022-10-04T02:19:23,15,0,0,15
2022-10-04T02:28:37,15,0,0,15
2022-10-04T02:37:51,15,0,0,15
2022-10-04T02:47:04,15,0,0,15
2022-10-04T02:56:17,15,0,0,15
2022-10-04T03:05:34,15,0,0,15
2022-10-04T03:14:49,15,0,0,15
2022-10-04T03:24:05,15,0,0,15
2022-10-04T03:33:20,15,0,0,15
2022-10-04T03:42:37,15,0,0,15
2022-10-04T03:51:52,15,0,0,15
2022-10-04T04:02:34,15,0,0,15
2022-10-04T04:19:57,15,0,0,15
2022-10-04T04:29:38,15,0,0,15
2022-10-04T04:38:57,15,0,0,15
2022-10-04T04:48:15,15,0,0,15
2022-10-04T04:57:32,15,0,0,15
2022-10-04T05:06:49,15,0,0,15
2022-10-04T05:16:05,15,0,0,15
2022-10-04T05:25:21,15,0,0,15
2022-10-04T05:34:38,15,0,0,15
2022-10-04T05:43:56,15,0,0,15
2022-10-04T05:53:13,15,0,0,15
2022-10-04T06:02:29,15,0,0,15
2022-10-04T06:11:46,15,0,0,15
2022-10-04T06:21:02,15,0,0,15
2022-10-04T06:30:19,15,0,0,15
2022-10-04T06:39:35,15,0,0,15
2022-10-04T06:48:51,15,0,0,15
2022-10-04T06:58:07,15,0,0,15
2022-10-04T07:07:23,15,0,0,15
2022-10-04T07:16:40,15,0,0,15
2022-10-04T07:25:58,15,0,0,15
2022-10-04T07:35:14,15,0,0,15
2022-10-04T07:44:29,15,0,0,15
2022-10-04T07:53:44,15,0,0,15
2022-10-04T08:02:59,15,0,0,15
2022-10-04T08:12:13,15,0,0,15
2022-10-04T08:21:28,15,0,0,15
2022-10-04T08:30:47,15,0,0,15
2022-10-04T08:40:02,15,0,0,15
2022-10-04T08:49:19,15,0,0,15
2022-10-04T08:58:35,15,0,0,15
2022-10-04T09:08:13,15,0,0,15
2022-10-04T09:17:31,15,0,0,15
2022-10-04T09:26:48,15,0,0,15
2022-10-04T09:36:16,15,0,0,15
2022-10-04T09:45:33,15,0,0,15
2022-10-04T09:54:50,15,0,0,15
2022-10-04T10:04:08,15,0,0,15
2022-10-04T10:13:26,15,0,0,15
2022-10-04T10:22:43,15,0,0,15
2022-10-04T10:32:00,15,0,0,15
2022-10-04T10:41:16,15,0,0,15
2022-10-04T10:50:33,15,0,0,15
2022-10-04T11:00:02,15,0,0,15
2022-10-04T11:09:29,15,0,0,15
2022-10-04T11:18:47,15,0,0,15
2022-10-04T11:28:03,15,0,0,15
2022-10-04T11:37:21,15,0,0,15
2022-10-04T11:46:38,15,0,0,15
2022-10-04T11:56:05,15,0,0,15
2022-10-04T12:05:22,15,0,0,15
2022-10-04T12:14:39,15,0,0,15
2022-10-04T12:23:56,15,0,0,15
2022-10-04T12:33:13,15,0,0,15
2022-10-04T12:42:30,15,0,0,15
2022-10-04T12:51:57,15,0,0,15
2022-10-04T13:01:13,15,0,0,15
2022-10-04T13:10:30,15,0,0,15
2022-10-04T13:19:46,15,0,0,15
2022-10-04T13:29:04,15,0,0,15
2022-10-04T13:38:21,15,0,0,15
2022-10-04T13:47:51,15,0,0,15
2022-10-04T13:57:09,15,0,0,15
2022-10-04T14:06:27,15,0,0,15
2022-10-04T14:15:45,15,0,0,15
2022-10-04T14:25:14,15,0,0,15
2022-10-04T14:34:32,15,0,0,15
2022-10-04T14:43:50,15,0,0,15
2022-10-04T14:53:07,15,0,0,15
2022-10-04T15:02:25,15,0,0,15
2022-10-04T15:11:54,15,0,0,15
2022-10-04T15:21:11,15,0,0,15
2022-10-04T15:30:29,15,0,0,15
2022-10-04T15:39:48,15,0,0,15
2022-10-04T15:49:07,15,0,0,15
2022-10-04T15:58:27,15,0,0,15
2022-10-04T16:07:55,15,0,0,15
2022-10-04T16:17:12,15,0,0,15
2022-10-04T16:26:30,15,0,0,15
2022-10-04T16:35:45,15,0,0,15
2022-10-04T16:45:01,15,0,0,15
2022-10-04T16:54:28,15,0,0,15
2022-10-04T17:03:44,15,0,0,15
2022-10-04T17:13:01,15,0,0,15
2022-10-04T17:22:16,15,0,0,15
2022-10-04T17:31:32,15,0,0,15
2022-10-04T17:40:57,15,0,0,15
2022-10-04T17:50:13,15,0,0,15
2022-10-04T17:59:28,15,0,0,15
2022-10-04T18:08:43,15,0,0,15
2022-10-04T18:17:58,15,0,0,15
2022-10-04T18:27:23,15,0,0,15
2022-10-04T18:36:38,15,0,0,15
2022-10-04T18:45:52,15,0,0,15
2022-10-04T18:55:08,15,0,0,15
2022-10-04T19:04:23,15,0,0,15
2022-10-04T19:13:37,15,0,0,15
2022-10-04T19:22:52,15,0,0,15
2022-10-04T19:32:17,15,0,0,15
2022-10-04T19:41:32,15,0,0,15
2022-10-04T19:50:46,15,0,0,15
2022-10-04T20:00:02,15,0,0,15
2022-10-04T20:09:17,15,0,0,15
2022-10-04T20:18:34,15,0,0,15
2022-10-04T20:27:59,15,0,0,15
2022-10-04T20:37:14,15,0,0,15
2022-10-04T20:46:28,15,0,0,15
2022-10-04T20:55:43,15,0,0,15
2022-10-04T21:04:57,15,0,0,15
2022-10-04T21:14:12,15,0,0,15
2022-10-04T21:23:27,15,0,0,15
2022-10-04T21:32:53,15,0,0,15
2022-10-04T21:42:09,15,0,0,15
2022-10-04T21:51:23,15,0,0,15
2022-10-04T22:00:38,15,0,0,15
2022-10-04T22:09:53,15,0,0,15
2022-10-04T22:19:08,15,0,0,15
2022-10-04T22:28:22,15,0,0,15
2022-10-04T22:37:36,15,0,0,15
2022-10-04T22:46:52,15,0,0,15
2022-10-04T22:56:17,15,0,0,15
2022-10-04T23:05:32,15,0,0,15
2022-10-04T23:14:46,15,0,0,15
2022-10-04T23:24:01,15,0,0,15
2022-10-04T23:33:16,15,0,0,15
2022-10-04T23:42:34,15,0,0,15
2022-10-04T23:51:48,15,0,0,15
2022-10-05T00:01:03,15,0,0,15
2022-10-05T00:10:18,15,0,0,15
2022-10-05T00:19:37,15,0,0,15
2022-10-05T00:28:52,15,0,0,15
2022-10-05T00:38:10,15,0,0,15
2022-10-05T00:47:27,15,0,0,15
2022-10-05T00:56:44,15,0,0,15
2022-10-05T01:06:00,15,0,0,15
2022-10-05T01:15:29,15,0,0,15
2022-10-05T01:24:46,15,0,0,15
2022-10-05T01:34:04,15,0,0,15
2022-10-05T01:43:20,15,0,0,15
2022-10-05T01:52:36,15,0,0,15
2022-10-05T02:01:51,15,0,0,15
2022-10-05T02:11:07,15,0,0,15
2022-10-05T02:20:25,15,0,0,15
2022-10-05T02:29:42,15,0,0,15
2022-10-05T02:38:58,15,0,0,15
2022-10-05T02:48:13,15,0,0,15
2022-10-05T02:57:27,15,0,0,15
2022-10-05T03:06:42,15,0,0,15
2022-10-05T03:15:57,15,0,0,15
2022-10-05T03:25:12,15,0,0,15
2022-10-05T03:34:28,15,0,0,15
2022-10-05T03:43:44,15,0,0,15
2022-10-05T03:55:23,15,0,0,15
2022-10-05T04:04:40,15,0,0,15
2022-10-05T04:13:56,15,0,0,15
2022-10-05T04:33:53,15,0,0,15
2022-10-05T04:43:32,15,0,0,15
2022-10-05T04:52:50,15,0,0,15
2022-10-05T05:02:08,15,0,0,15
2022-10-05T05:11:26,15,0,0,15
2022-10-05T05:20:42,15,0,0,15
2022-10-05T05:29:55,15,0,0,15
2022-10-05T05:39:10,15,0,0,15
2022-10-05T05:48:24,15,0,0,15
2022-10-05T05:57:39,15,0,0,15
2022-10-05T06:06:55,15,0,0,15
2022-10-05T06:16:11,15,0,0,15
2022-10-05T06:25:27,15,0,0,15
2022-10-05T06:34:42,15,0,0,15
2022-10-05T06:43:55,15,0,0,15
2022-10-05T06:53:09,15,0,0,15
2022-10-05T07:02:24,15,0,0,15
2022-10-05T07:11:38,15,0,0,15
2022-10-05T07:20:52,15,0,0,15
2022-10-05T07:30:07,15,0,0,15
2022-10-05T07:39:21,15,0,0,15
2022-10-05T07:48:37,15,0,0,15
2022-10-05T07:57:51,15,0,0,15
2022-10-05T08:07:06,15,0,0,15
2022-10-05T08:16:21,15,0,0,15
2022-10-05T08:25:38,15,0,0,15
2022-10-05T08:34:54,15,0,0,15
2022-10-05T08:44:12,15,0,0,15
2022-10-05T08:53:37,15,0,0,15
2022-10-05T09:02:53,15,0,0,15
2022-10-05T09:12:10,15,0,0,15
2022-10-05T09:21:28,15,0,0,15
2022-10-05T09:30:44,15,0,0,15
2022-10-05T09:40:00,15,0,0,15
2022-10-05T09:49:16,15,0,0,15
2022-10-05T09:58:33,15,0,0,15
2022-10-05T10:07:58,15,0,0,15
2022-10-05T10:17:25,15,0,0,15
2022-10-05T10:26:42,15,0,0,15
2022-10-05T10:35:58,15,0,0,15
2022-10-05T10:45:17,15,0,0,15
2022-10-05T10:54:35,15,0,0,15
2022-10-05T11:03:56,15,0,0,15
2022-10-05T11:13:19,15,0,0,15
2022-10-05T11:22:50,15,0,0,15
2022-10-05T11:32:07,15,0,0,15
2022-10-05T11:41:24,15,0,0,15
2022-10-05T11:50:40,15,0,0,15
2022-10-05T11:59:57,15,0,0,15
2022-10-05T12:09:13,15,0,0,15
2022-10-05T12:18:39,15,0,0,15
2022-10-05T12:27:55,15,0,0,15
2022-10-05T12:37:11,15,0,0,15
2022-10-05T12:46:26,15,0,0,15
2022-10-05T12:55:43,15,0,0,15
2022-10-05T13:04:59,15,0,0,15
2022-10-05T13:14:15,15,0,0,15
2022-10-05T13:23:43,15,0,0,15
2022-10-05T13:33:00,15,0,0,15
2022-10-05T13:42:16,15,0,0,15
2022-10-05T13:51:33,15,0,0,15
2022-10-05T14:00:51,15,0,0,15
2022-10-05T14:10:07,15,0,0,15
2022-10-05T14:19:23,15,0,0,15
2022-10-05T14:28:51,15,0,0,15
2022-10-05T14:38:08,15,0,0,15
2022-10-05T14:47:24,15,0,0,15
2022-10-05T14:56:42,15,0,0,15
2022-10-05T15:05:58,15,0,0,15
2022-10-05T15:15:15,15,0,0,15
2022-10-05T15:24:31,15,0,0,15
2022-10-05T15:33:46,15,0,0,15
2022-10-05T15:43:13,15,0,0,15
2022-10-05T15:52:29,15,0,0,15
2022-10-05T16:01:46,15,0,0,15
2022-10-05T16:11:03,15,0,0,15
2022-10-05T16:20:18,15,0,0,15
2022-10-05T16:29:33,15,0,0,15
2022-10-05T16:38:59,15,0,0,15
2022-10-05T16:48:14,15,0,0,15
2022-10-05T16:57:30,15,0,0,15
2022-10-05T17:06:45,15,0,0,15
2022-10-05T17:16:01,15,0,0,15
2022-10-05T17:25:16,15,0,0,15
2022-10-05T17:34:31,15,0,0,15
2022-10-05T17:43:46,15,0,0,15
2022-10-05T17:53:04,15,0,0,15
2022-10-05T18:02:32,15,0,0,15
2022-10-05T18:11:48,15,0,0,15
2022-10-05T18:21:03,15,0,0,15
2022-10-05T18:30:18,15,0,0,15
2022-10-05T18:39:33,15,0,0,15
2022-10-05T18:48:47,15,0,0,15
2022-10-05T18:58:01,15,0,0,15
2022-10-05T19:07:17,15,0,0,15
2022-10-05T19:16:31,15,0,0,15
2022-10-05T19:25:56,15,0,0,15
2022-10-05T19:35:10,15,0,0,15
2022-10-05T19:44:24,15,0,0,15
2022-10-05T19:53:38,15,0,0,15
2022-10-05T20:02:53,15,0,0,15
2022-10-05T20:12:07,15,0,0,15
2022-10-05T20:21:21,15,0,0,15
2022-10-05T20:30:35,15,0,0,15
2022-10-05T20:39:49,15,0,0,15
2022-10-05T20:49:03,15,0,0,15
2022-10-05T20:58:17,15,0,0,15
2022-10-05T21:07:32,15,0,0,15
2022-10-05T21:16:46,15,0,0,15
2022-10-05T21:26:00,15,0,0,15
2022-10-05T21:35:26,15,0,0,15
2022-10-05T21:44:40,15,0,0,15
2022-10-05T21:53:53,15,0,0,15
2022-10-05T22:03:08,15,0,0,15
2022-10-05T22:12:22,15,0,0,15
2022-10-05T22:21:36,15,0,0,15
2022-10-05T22:30:51,15,0,0,15
2022-10-05T22:40:05,15,0,0,15
2022-10-05T22:49:19,15,0,0,15
2022-10-05T22:58:43,15,0,0,15
2022-10-05T23:07:58,15,0,0,15
2022-10-05T23:17:25,15,0,0,15
2022-10-05T23:26:39,15,0,0,15
2022-10-05T23:35:54,15,0,0,15
2022-10-05T23:45:09,15,0,0,15
2022-10-05T23:54:22,15,0,0,15
2022-10-06T00:03:38,15,0,0,15
2022-10-06T00:12:54,15,0,0,15
2022-10-06T00:22:11,15,0,0,15
2022-10-06T00:31:27,15,0,0,15
2022-10-06T00:40:44,15,0,0,15
2022-10-06T00:50:01,15,0,0,15
2022-10-06T00:59:18,15,0,0,15
2022-10-06T01:08:34,15,0,0,15
2022-10-06T01:17:53,15,0,0,15
2022-10-06T01:27:10,15,0,0,15
2022-10-06T01:36:26,15,0,0,15
2022-10-06T01:45:55,15,0,0,15
2022-10-06T01:55:11,15,0,0,15
2022-10-06T02:04:28,15,0,0,15
2022-10-06T02:13:42,15,0,0,15
2022-10-06T02:22:55,15,0,0,15
2022-10-06T02:32:08,15,0,0,15
2022-10-06T02:41:22,15,0,0,15
2022-10-06T02:50:39,15,0,0,15
2022-10-06T02:59:54,15,0,0,15
2022-10-06T03:09:10,15,0,0,15
2022-10-06T03:18:25,15,0,0,15
2022-10-06T03:27:39,15,0,0,15
2022-10-06T03:36:54,15,0,0,15
2022-10-06T03:46:11,15,0,0,15
2022-10-06T03:55:27,15,0,0,15
2022-10-06T04:04:44,15,0,0,15
2022-10-06T04:22:15,15,0,0,15
2022-10-06T04:32:50,15,0,0,15
2022-10-06T04:42:23,15,0,0,15
2022-10-06T04:51:39,15,0,0,15
2022-10-06T05:00:52,15,0,0,15
2022-10-06T05:10:07,15,0,0,15
2022-10-06T05:19:23,15,0,0,15
2022-10-06T05:28:36,15,0,0,15
2022-10-06T05:37:53,15,0,0,15
2022-10-06T05:47:11,15,0,0,15
2022-10-06T05:56:29,15,0,0,15
2022-10-06T06:05:48,15,0,0,15
2022-10-06T06:15:06,15,0,0,15
2022-10-06T06:24:24,15,0,0,15
2022-10-06T06:33:42,15,0,0,15
2022-10-06T06:42:58,15,0,0,15
2022-10-06T06:52:16,15,0,0,15
2022-10-06T07:01:34,15,0,0,15
2022-10-06T07:10:51,15,0,0,15
2022-10-06T07:20:07,15,0,0,15
2022-10-06T07:29:23,15,0,0,15
2022-10-06T07:38:43,15,0,0,15
2022-10-06T07:48:03,15,0,0,15
2022-10-06T07:57:20,15,0,0,15
2022-10-06T08:06:37,15,0,0,15
2022-10-06T08:15:54,15,0,0,15
2022-10-06T08:25:11,15,0,0,15
2022-10-06T08:34:28,15,0,0,15
2022-10-06T08:43:44,15,0,0,15
2022-10-06T08:53:00,15,0,0,15
2022-10-06T09:02:17,15,0,0,15
2022-10-06T09:11:44,15,0,0,15
2022-10-06T09:21:00,15,0,0,15
2022-10-06T09:30:17,15,0,0,15
2022-10-06T09:39:35,15,0,0,15
2022-10-06T09:48:51,15,0,0,15
2022-10-06T09:58:10,15,0,0,15
2022-10-06T10:07:28,15,0,0,15
2022-10-06T10:16:46,15,0,0,15
2022-10-06T10:26:15,15,0,0,15
2022-10-06T10:35:32,15,0,0,15
2022-10-06T10:44:50,15,0,0,15
2022-10-06T10:54:18,15,0,0,15
2022-10-06T11:03:36,15,0,0,15
2022-10-06T11:12:54,15,0,0,15
2022-10-06T11:22:11,15,0,0,15
2022-10-06T11:31:47,15,0,0,15
2022-10-06T11:41:04,15,0,0,15
2022-10-06T11:50:21,15,0,0,15
2022-10-06T11:59:39,15,0,0,15
2022-10-06T12:08:56,15,0,0,15
2022-10-06T12:18:14,15,0,0,15
2022-10-06T12:27:31,15,0,0,15
2022-10-06T12:36:48,15,0,0,15
2022-10-06T12:46:05,15,0,0,15
2022-10-06T12:55:32,15,0,0,15
2022-10-06T13:04:48,15,0,0,15
2022-10-06T13:14:05,15,0,0,15
2022-10-06T13:23:24,15,0,0,15
2022-10-06T13:32:43,15,0,0,15
2022-10-06T13:42:03,15,0,0,15
2022-10-06T13:51:20,15,0,0,15
2022-10-06T14:00:57,15,0,0,15
2022-10-06T14:10:15,15,0,0,15
2022-10-06T14:19:33,15,0,0,15
2022-10-06T14:28:50,15,0,0,15
2022-10-06T14:38:08,15,0,0,15
2022-10-06T14:47:25,15,0,0,15
2022-10-06T14:56:43,15,0,0,15
2022-10-06T15:06:13,15,0,0,15
2022-10-06T15:15:31,15,0,0,15
2022-10-06T15:24:49,15,0,0,15
2022-10-06T15:34:06,15,0,0,15
2022-10-06T15:43:23,15,0,0,15
2022-10-06T15:52:41,15,0,0,15
2022-10-06T16:02:06,15,0,0,15
2022-10-06T16:11:32,15,0,0,15
2022-10-06T16:21:01,15,0,0,15
2022-10-06T16:30:51,15,0,0,15
2022-10-06T16:40:18,15,0,0,15
2022-10-06T16:49:50,15,0,0,15
2022-10-06T16:59:22,15,0,0,15
2022-10-06T17:08:54,15,0,0,15
2022-10-06T17:18:33,15,0,0,15
2022-10-06T17:28:15,15,0,0,15
2022-10-06T17:37:45,15,0,0,15
2022-10-06T17:47:14,15,0,0,15
2022-10-06T17:56:54,15,0,0,15
2022-10-06T18:06:22,15,0,0,15
2022-10-06T18:15:51,15,0,0,15
2022-10-06T18:25:20,15,0,0,15
2022-10-06T18:34:47,15,0,0,15
2022-10-06T18:44:15,15,0,0,15
2022-10-06T18:53:41,15,0,0,15
2022-10-06T19:03:06,15,0,0,15
2022-10-06T19:12:28,15,0,0,15
2022-10-06T19:21:51,15,0,0,15
2022-10-06T19:31:08,15,0,0,15
2022-10-06T19:40:38,15,0,0,15
2022-10-06T19:49:56,15,0,0,15
2022-10-06T19:59:10,15,0,0,15
2022-10-06T20:08:25,15,0,0,15
2022-10-06T20:17:39,15,0,0,15
2022-10-06T20:26:55,15,0,0,15
2022-10-06T20:36:08,15,0,0,15
2022-10-06T20:45:22,15,0,0,15
2022-10-06T20:54:36,15,0,0,15
2022-10-06T21:03:50,15,0,0,15
2022-10-06T21:13:23,15,0,0,15
2022-10-06T21:22:37,15,0,0,15
2022-10-06T21:31:50,15,0,0,15
2022-10-06T21:41:04,15,0,0,15
2022-10-06T21:50:18,15,0,0,15
2022-10-06T21:59:31,15,0,0,15
2022-10-06T22:08:45,15,0,0,15
2022-10-06T22:18:00,15,0,0,15
2022-10-06T22:27:13,15,0,0,15
2022-10-06T22:36:29,15,0,0,15
2022-10-06T22:45:55,15,0,0,15
2022-10-06T22:55:11,15,0,0,15
2022-10-06T23:04:28,15,0,0,15
2022-10-06T23:13:45,15,0,0,15
2022-10-06T23:23:02,15,0,0,15
2022-10-06T23:32:19,15,0,0,15
2022-10-06T23:41:36,15,0,0,15
2022-10-06T23:50:52,15,0,0,15
2022-10-07T00:00:09,15,0,0,15
2022-10-07T00:09:27,15,0,0,15
2022-10-07T00:18:47,15,0,0,15
2022-10-07T00:28:05,15,0,0,15
2022-10-07T00:37:23,15,0,0,15
2022-10-07T00:46:52,15,0,0,15
2022-10-07T00:56:09,15,0,0,15
2022-10-07T01:05:25,15,0,0,15
2022-10-07T01:14:41,15,0,0,15
2022-10-07T01:23:57,15,0,0,15
2022-10-07T01:33:15,15,0,0,15
2022-10-07T01:42:32,15,0,0,15
2022-10-07T01:51:49,15,0,0,15
2022-10-07T02:01:03,15,0,0,15
2022-10-07T02:10:18,15,0,0,15
2022-10-07T02:19:36,15,0,0,15
2022-10-07T02:28:52,15,0,0,15
2022-10-07T02:38:08,15,0,0,15
2022-10-07T02:47:23,15,0,0,15
2022-10-07T02:56:38,15,0,0,15
2022-10-07T03:05:53,15,0,0,15
2022-10-07T03:15:09,15,0,0,15
2022-10-07T03:24:25,15,0,0,15
2022-10-07T03:33:41,15,0,0,15
2022-10-07T03:42:58,15,0,0,15
2022-10-07T03:52:14,15,0,0,15
2022-10-07T04:01:31,15,0,0,15
2022-10-07T04:10:47,15,0,0,15
2022-10-07T04:32:48,15,0,0,15
2022-10-07T04:42:29,15,0,0,15
2022-10-07T04:51:48,15,0,0,15
2022-10-07T05:01:05,15,0,0,15
2022-10-07T05:10:25,15,0,0,15
2022-10-07T05:19:40,15,0,0,15
2022-10-07T05:28:54,15,0,0,15
2022-10-07T05:38:08,15,0,0,15
2022-10-07T05:47:22,15,0,0,15
2022-10-07T05:56:39,15,0,0,15
2022-10-07T06:05:56,15,0,0,15
2022-10-07T06:15:13,15,0,0,15
2022-10-07T06:24:29,15,0,0,15
2022-10-07T06:33:43,15,0,0,15
2022-10-07T06:42:58,15,0,0,15
2022-10-07T06:52:15,15,0,0,15
2022-10-07T07:01:31,15,0,0,15
2022-10-07T07:10:48,15,0,0,15
2022-10-07T07:20:04,15,0,0,15
2022-10-07T07:29:20,15,0,0,15
2022-10-07T07:38:37,15,0,0,15
2022-10-07T07:47:53,15,0,0,15
2022-10-07T07:57:10,15,0,0,15
2022-10-07T08:06:28,15,0,0,15
2022-10-07T08:15:46,15,0,0,15
2022-10-07T08:25:04,15,0,0,15
2022-10-07T08:34:25,15,0,0,15
2022-10-07T08:43:42,15,0,0,15
2022-10-07T08:53:00,15,0,0,15
2022-10-07T09:02:18,15,0,0,15
2022-10-07T09:11:58,15,0,0,15
2022-10-07T09:21:16,15,0,0,15
2022-10-07T09:30:35,15,0,0,15
2022-10-07T09:39:54,15,0,0,15
2022-10-07T09:49:23,15,0,0,15
2022-10-07T09:58:43,15,0,0,15
2022-10-07T10:08:03,15,0,0,15
2022-10-07T10:17:22,15,0,0,15
2022-10-07T10:26:44,15,0,0,15
2022-10-07T10:36:04,15,0,0,15
2022-10-07T10:45:23,15,0,0,15
2022-10-07T10:54:54,15,0,0,15
2022-10-07T11:04:15,15,0,0,15
2022-10-07T11:13:34,15,0,0,15
2022-10-07T11:22:52,15,0,0,15
2022-10-07T11:32:10,15,0,0,15
2022-10-07T11:41:29,15,0,0,15
2022-10-07T11:50:47,15,0,0,15
2022-10-07T12:00:06,15,0,0,15
2022-10-07T12:09:25,15,0,0,15
2022-10-07T12:18:55,15,0,0,15
2022-10-07T12:28:16,15,0,0,15
2022-10-07T12:37:37,15,0,0,15
2022-10-07T12:46:58,15,0,0,15
2022-10-07T12:56:18,15,0,0,15
2022-10-07T13:05:40,15,0,0,15
2022-10-07T13:15:01,15,0,0,15
2022-10-07T13:24:22,15,0,0,15
2022-10-07T13:33:43,15,0,0,15
2022-10-07T13:43:05,15,0,0,15
2022-10-07T13:52:37,15,0,0,15
2022-10-07T14:02:00,15,0,0,15
2022-10-07T14:11:22,15,0,0,15
2022-10-07T14:20:42,15,0,0,15
2022-10-07T14:30:03,15,0,0,15
2022-10-07T14:39:22,15,0,0,15
2022-10-07T14:48:41,15,0,0,15
2022-10-07T14:57:59,15,0,0,15
2022-10-07T15:07:18,15,0,0,15
2022-10-07T15:16:37,15,0,0,15
2022-10-07T15:26:06,15,0,0,15
2022-10-07T15:35:24,15,0,0,15
2022-10-07T15:44:42,15,0,0,15
2022-10-07T15:54:01,15,0,0,15
2022-10-07T16:03:20,15,0,0,15
2022-10-07T16:12:37,15,0,0,15
2022-10-07T16:21:55,15,0,0,15
2022-10-07T16:31:13,15,0,0,15
2022-10-07T16:40:30,15,0,0,15
2022-10-07T16:49:47,15,0,0,15
2022-10-07T16:59:07,15,0,0,15
2022-10-07T17:08:24,15,0,0,15
2022-10-07T17:17:52,15,0,0,15
2022-10-07T17:27:10,15,0,0,15
2022-10-07T17:36:27,15,0,0,15
2022-10-07T17:45:46,15,0,0,15
2022-10-07T17:55:03,15,0,0,15
2022-10-07T18:04:21,15,0,0,15
2022-10-07T18:13:37,15,0,0,15
2022-10-07T18:22:54,15,0,0,15
2022-10-07T18:32:10,15,0,0,15
2022-10-07T18:41:25,15,0,0,15
2022-10-07T18:50:41,15,0,0,15
2022-10-07T18:59:56,15,0,0,15
2022-10-07T19:09:12,15,0,0,15
2022-10-07T19:18:38,15,0,0,15
2022-10-07T19:27:53,15,0,0,15
2022-10-07T19:37:10,15,0,0,15
2022-10-07T19:46:25,15,0,0,15
2022-10-07T19:55:41,15,0,0,15
2022-10-07T20:04:56,15,0,0,15
2022-10-07T20:14:11,15,0,0,15
2022-10-07T20:23:26,15,0,0,15
2022-10-07T20:32:42,15,0,0,15
2022-10-07T20:41:57,15,0,0,15
2022-10-07T20:51:12,15,0,0,15
2022-10-07T21:00:26,15,0,0,15
2022-10-07T21:09:42,15,0,0,15
2022-10-07T21:18:58,15,0,0,15
2022-10-07T21:28:13,15,0,0,15
2022-10-07T21:37:29,15,0,0,15
2022-10-07T21:46:45,15,0,0,15
2022-10-07T21:56:00,15,0,0,15
2022-10-07T22:05:15,15,0,0,15
2022-10-07T22:14:31,15,0,0,15
2022-10-07T22:23:46,15,0,0,15
2022-10-07T22:33:01,15,0,0,15
2022-10-07T22:42:26,15,0,0,15
2022-10-07T22:51:41,15,0,0,15
2022-10-07T23:00:56,15,0,0,15
2022-10-07T23:10:12,15,0,0,15
2022-10-07T23:19:28,15,0,0,15
2022-10-07T23:28:43,15,0,0,15
2022-10-07T23:37:59,15,0,0,15
2022-10-07T23:47:14,15,0,0,15
2022-10-07T23:56:28,15,0,0,15
2022-10-08T00:05:44,15,0,0,15
2022-10-08T00:15:02,15,0,0,15
2022-10-08T00:24:20,15,0,0,15
2022-10-08T00:33:36,15,0,0,15
2022-10-08T00:42:53,15,0,0,15
2022-10-08T00:52:11,15,0,0,15
2022-10-08T01:01:28,15,0,0,15
2022-10-08T01:10:45,15,0,0,15
2022-10-08T01:20:02,15,0,0,15
2022-10-08T01:29:22,15,0,0,15
2022-10-08T01:38:40,15,0,0,15
2022-10-08T01:47:56,15,0,0,15
2022-10-08T01:57:11,15,0,0,15
2022-10-08T02:06:27,15,0,0,15
2022-10-08T02:15:42,15,0,0,15
2022-10-08T02:24:57,15,0,0,15
2022-10-08T02:34:11,15,0,0,15
2022-10-08T02:43:25,15,0,0,15
2022-10-08T02:52:40,15,0,0,15
2022-10-08T03:01:54,15,0,0,15
2022-10-08T03:11:09,15,0,0,15
2022-10-08T03:20:23,15,0,0,15
2022-10-08T03:29:36,15,0,0,15
2022-10-08T03:38:51,15,0,0,15
2022-10-08T03:50:14,15,0,0,15
2022-10-08T03:59:53,15,0,0,15
2022-10-08T04:09:11,15,0,0,15
2022-10-08T04:32:04,15,0,0,15
2022-10-08T04:41:23,15,0,0,15
2022-10-08T04:50:39,15,0,0,15
2022-10-08T04:59:54,15,0,0,15
2022-10-08T05:09:10,15,0,0,15
2022-10-08T05:18:27,15,0,0,15
2022-10-08T05:28:12,15,0,0,15
2022-10-08T05:37:30,15,0,0,15
2022-10-08T05:46:49,15,0,0,15
2022-10-08T05:56:07,15,0,0,15
2022-10-08T06:05:26,15,0,0,15
2022-10-08T06:14:45,15,0,0,15
2022-10-08T06:24:04,15,0,0,15
2022-10-08T06:33:25,15,0,0,15
2022-10-08T06:42:45,15,0,0,15
2022-10-08T06:52:05,15,0,0,15
2022-10-08T07:01:24,15,0,0,15
2022-10-08T07:10:44,15,0,0,15
2022-10-08T07:20:04,15,0,0,15
2022-10-08T07:29:25,15,0,0,15
2022-10-08T07:38:45,15,0,0,15
2022-10-08T07:48:04,15,0,0,15
2022-10-08T07:57:24,15,0,0,15
2022-10-08T08:06:43,15,0,0,15
2022-10-08T08:16:02,15,0,0,15
2022-10-08T08:25:22,15,0,0,15
2022-10-08T08:34:41,15,0,0,15
2022-10-08T08:43:59,15,0,0,15
2022-10-08T08:53:18,15,0,0,15
2022-10-08T09:02:36,15,0,0,15
2022-10-08T09:11:55,15,0,0,15
2022-10-08T09:21:13,15,0,0,15
2022-10-08T09:30:32,15,0,0,15
2022-10-08T09:39:51,15,0,0,15
2022-10-08T09:49:10,15,0,0,15
2022-10-08T09:58:33,15,0,0,15
2022-10-08T10:07:51,15,0,0,15
2022-10-08T10:17:10,15,0,0,15
2022-10-08T10:26:29,15,0,0,15
2022-10-08T10:35:46,15,0,0,15
2022-10-08T10:45:02,15,0,0,15
2022-10-08T10:54:19,15,0,0,15
2022-10-08T11:03:36,15,0,0,15
2022-10-08T11:12:53,15,0,0,15
2022-10-08T11:22:10,15,0,0,15
2022-10-08T11:31:28,15,0,0,15
2022-10-08T11:40:46,15,0,0,15
2022-10-08T11:50:03,15,0,0,15
2022-10-08T11:59:20,15,0,0,15
2022-10-08T12:08:36,15,0,0,15
2022-10-08T12:17:53,15,0,0,15
2022-10-08T12:27:18,15,0,0,15
2022-10-08T12:36:34,15,0,0,15
2022-10-08T12:45:50,15,0,0,15
2022-10-08T12:55:06,15,0,0,15
2022-10-08T13:04:26,15,0,0,15
2022-10-08T13:13:44,15,0,0,15
2022-10-08T13:23:01,15,0,0,15
2022-10-08T13:32:18,15,0,0,15
2022-10-08T13:41:34,15,0,0,15
2022-10-08T13:50:50,15,0,0,15
2022-10-08T14:00:09,15,0,0,15
2022-10-08T14:09:27,15,0,0,15
2022-10-08T14:18:43,15,0,0,15
2022-10-08T14:28:01,15,0,0,15
2022-10-08T14:37:21,15,0,0,15
2022-10-08T14:46:38,15,0,0,15
2022-10-08T14:55:55,15,0,0,15
2022-10-08T15:05:12,15,0,0,15
2022-10-08T15:14:29,15,0,0,15
2022-10-08T15:23:49,15,0,0,15
2022-10-08T15:33:05,15,0,0,15
2022-10-08T15:42:21,15,0,0,15
2022-10-08T15:51:39,15,0,0,15
2022-10-08T16:00:58,15,0,0,15
2022-10-08T16:10:15,15,0,0,15
2022-10-08T16:19:32,15,0,0,15
2022-10-08T16:28:48,15,0,0,15
2022-10-08T16:38:15,15,0,0,15
2022-10-08T16:47:32,15,0,0,15
2022-10-08T16:56:48,15,0,0,15
2022-10-08T17:06:05,15,0,0,15
2022-10-08T17:15:22,15,0,0,15
2022-10-08T17:24:38,15,0,0,15
2022-10-08T17:33:54,15,0,0,15
2022-10-08T17:43:10,15,0,0,15
2022-10-08T17:52:25,15,0,0,15
2022-10-08T18:01:40,15,0,0,15
2022-10-08T18:10:55,15,0,0,15
2022-10-08T18:20:10,15,0,0,15
2022-10-08T18:29:25,15,0,0,15
2022-10-08T18:38:40,15,0,0,15
2022-10-08T18:47:56,15,0,0,15
2022-10-08T18:57:11,15,0,0,15
2022-10-08T19:06:26,15,0,0,15
2022-10-08T19:15:41,15,0,0,15
2022-10-08T19:24:55,15,0,0,15
2022-10-08T19:34:10,15,0,0,15
2022-10-08T19:43:24,15,0,0,15
2022-10-08T19:52:38,15,0,0,15
2022-10-08T20:01:53,15,0,0,15
2022-10-08T20:11:07,15,0,0,15
2022-10-08T20:20:22,15,0,0,15
2022-10-08T20:29:36,15,0,0,15
2022-10-08T20:38:51,15,0,0,15
2022-10-08T20:48:05,15,0,0,15
2022-10-08T20:57:20,15,0,0,15
2022-10-08T21:06:34,15,0,0,15
2022-10-08T21:15:49,15,0,0,15
2022-10-08T21:25:03,15,0,0,15
2022-10-08T21:34:18,15,0,0,15
2022-10-08T21:43:32,15,0,0,15
2022-10-08T21:52:47,15,0,0,15
2022-10-08T22:02:02,15,0,0,15
2022-10-08T22:11:17,15,0,0,15
2022-10-08T22:20:32,15,0,0,15
2022-10-08T22:29:46,15,0,0,15
2022-10-08T22:39:01,15,0,0,15
2022-10-08T22:48:15,15,0,0,15
2022-10-08T22:57:29,15,0,0,15
2022-10-08T23:06:45,15,0,0,15
2022-10-08T23:16:03,15,0,0,15
2022-10-08T23:25:19,15,0,0,15
2022-10-08T23:34:34,15,0,0,15
2022-10-08T23:43:49,15,0,0,15
2022-10-08T23:53:04,15,0,0,15
2022-10-09T00:02:20,15,0,0,15
2022-10-09T00:11:36,15,0,0,15
2022-10-09T00:20:56,15,0,0,15
2022-10-09T00:30:12,15,0,0,15
2022-10-09T00:39:28,15,0,0,15
2022-10-09T00:48:43,15,0,0,15
2022-10-09T00:57:58,15,0,0,15
2022-10-09T01:07:13,15,0,0,15
2022-10-09T01:16:28,15,0,0,15
2022-10-09T01:25:42,15,0,0,15
2022-10-09T01:34:57,15,0,0,15
2022-10-09T01:44:12,15,0,0,15
2022-10-09T01:53:28,15,0,0,15
2022-10-09T02:02:45,15,0,0,15
2022-10-09T02:12:01,15,0,0,15
2022-10-09T02:21:16,15,0,0,15
2022-10-09T02:30:30,15,0,0,15
2022-10-09T02:39:50,15,0,0,15
2022-10-09T02:49:10,15,0,0,15
2022-10-09T02:58:31,15,0,0,15
2022-10-09T03:07:49,15,0,0,15
2022-10-09T03:17:08,15,0,0,15
2022-10-09T03:26:28,15,0,0,15
2022-10-09T03:35:48,15,0,0,15
2022-10-09T03:45:07,15,0,0,15
2022-10-09T03:54:27,15,0,0,15
2022-10-09T04:03:47,15,0,0,15
2022-10-09T04:25:16,15,0,0,15
2022-10-09T04:35:38,15,0,0,15
2022-10-09T04:44:57,15,0,0,15
2022-10-09T04:54:16,15,0,0,15
2022-10-09T05:03:36,15,0,0,15
2022-10-09T05:12:53,15,0,0,15
2022-10-09T05:22:10,15,0,0,15
2022-10-09T05:31:26,15,0,0,15
2022-10-09T05:40:42,15,0,0,15
2022-10-09T05:49:58,15,0,0,15
2022-10-09T05:59:18,15,0,0,15
2022-10-09T06:08:35,15,0,0,15
2022-10-09T06:17:55,15,0,0,15
2022-10-09T06:27:14,15,0,0,15
2022-10-09T06:36:33,15,0,0,15
2022-10-09T06:45:50,15,0,0,15
2022-10-09T06:55:06,15,0,0,15
2022-10-09T07:04:23,15,0,0,15
2022-10-09T07:13:40,15,0,0,15
2022-10-09T07:22:57,15,0,0,15
2022-10-09T07:32:14,15,0,0,15
2022-10-09T07:41:33,15,0,0,15
2022-10-09T07:50:49,15,0,0,15
2022-10-09T08:00:06,15,0,0,15
2022-10-09T08:09:24,15,0,0,15
2022-10-09T08:18:41,15,0,0,15
2022-10-09T08:28:00,15,0,0,15
2022-10-09T08:37:17,15,0,0,15
2022-10-09T08:46:34,15,0,0,15
2022-10-09T08:55:50,15,0,0,15
2022-10-09T09:05:06,15,0,0,15
2022-10-09T09:14:23,15,0,0,15
2022-10-09T09:23:38,15,0,0,15
2022-10-09T09:32:55,15,0,0,15
2022-10-09T09:42:10,15,0,0,15
2022-10-09T09:51:26,15,0,0,15
2022-10-09T10:00:44,15,0,0,15
2022-10-09T10:10:00,15,0,0,15
2022-10-09T10:19:16,15,0,0,15
2022-10-09T10:28:33,15,0,0,15
2022-10-09T10:37:49,15,0,0,15
2022-10-09T10:47:07,15,0,0,15
2022-10-09T10:56:24,15,0,0,15
2022-10-09T11:05:41,15,0,0,15
2022-10-09T11:14:58,15,0,0,15
2022-10-09T11:24:15,15,0,0,15
2022-10-09T11:33:34,15,0,0,15
2022-10-09T11:42:52,15,0,0,15
2022-10-09T11:52:09,15,0,0,15
2022-10-09T12:01:26,15,0,0,15
2022-10-09T12:10:42,15,0,0,15
2022-10-09T12:19:58,15,0,0,15
2022-10-09T12:29:14,15,0,0,15
2022-10-09T12:38:31,15,0,0,15
2022-10-09T12:47:48,15,0,0,15
2022-10-09T12:57:04,15,0,0,15
2022-10-09T13:06:21,15,0,0,15
2022-10-09T13:15:39,15,0,0,15
2022-10-09T13:24:55,15,0,0,15
2022-10-09T13:34:12,15,0,0,15
2022-10-09T13:43:28,15,0,0,15
2022-10-09T13:52:46,15,0,0,15
2022-10-09T14:02:02,15,0,0,15
2022-10-09T14:11:19,15,0,0,15
2022-10-09T14:20:35,15,0,0,15
2022-10-09T14:29:52,15,0,0,15
2022-10-09T14:39:09,15,0,0,15
2022-10-09T14:48:26,15,0,0,15
2022-10-09T14:57:43,15,0,0,15
2022-10-09T15:03:56,15,0,0,15
2022-10-09T15:13:24,15,0,0,15
2022-10-09T15:22:41,15,0,0,15
2022-10-09T15:31:58,15,0,0,15
2022-10-09T15:41:15,15,0,0,15
2022-10-09T15:50:31,15,0,0,15
2022-10-09T15:59:48,15,0,0,15
2022-10-09T16:09:05,15,0,0,15
2022-10-09T16:18:22,15,0,0,15
2022-10-09T16:27:38,15,0,0,15
2022-10-09T16:36:55,15,0,0,15
2022-10-09T16:46:11,15,0,0,15
2022-10-09T16:55:29,15,0,0,15
2022-10-09T17:04:46,15,0,0,15
2022-10-09T17:14:03,15,0,0,15
2022-10-09T17:23:19,15,0,0,15
2022-10-09T17:32:37,15,0,0,15
2022-10-09T17:41:53,15,0,0,15
2022-10-09T17:51:07,15,0,0,15
2022-10-09T18:00:23,15,0,0,15
2022-10-09T18:09:40,15,0,0,15
2022-10-09T18:18:55,15,0,0,15
2022-10-09T18:28:09,15,0,0,15
2022-10-09T18:37:29,15,0,0,15
2022-10-09T18:46:45,15,0,0,15
2022-10-09T18:56:01,15,0,0,15
2022-10-09T19:05:17,15,0,0,15
2022-10-09T19:14:44,15,0,0,15
2022-10-09T19:23:59,15,0,0,15
2022-10-09T19:33:15,15,0,0,15
2022-10-09T19:42:29,15,0,0,15
2022-10-09T19:51:45,15,0,0,15
2022-10-09T20:01:02,15,0,0,15
2022-10-09T20:10:21,15,0,0,15
2022-10-09T20:19:38,15,0,0,15
2022-10-09T20:28:53,15,0,0,15
2022-10-09T20:38:09,15,0,0,15
2022-10-09T20:47:25,15,0,0,15
2022-10-09T20:56:41,15,0,0,15
2022-10-09T21:05:57,15,0,0,15
2022-10-09T21:15:13,15,0,0,15
2022-10-09T21:24:29,15,0,0,15
2022-10-09T21:33:46,15,0,0,15
2022-10-09T21:43:03,15,0,0,15
2022-10-09T21:52:20,15,0,0,15
2022-10-09T22:01:36,15,0,0,15
2022-10-09T22:10:52,15,0,0,15
2022-10-09T22:20:08,15,0,0,15
2022-10-09T22:29:24,15,0,0,15
2022-10-09T22:38:49,15,0,0,15
2022-10-09T22:48:04,15,0,0,15
2022-10-09T22:57:19,15,0,0,15
2022-10-09T23:06:36,15,0,0,15
2022-10-09T23:15:54,15,0,0,15
2022-10-09T23:25:10,15,0,0,15
2022-10-09T23:34:25,15,0,0,15
2022-10-09T23:43:40,15,0,0,15
2022-10-09T23:52:56,15,0,0,15
2022-10-10T00:02:13,15,0,0,15
2022-10-10T00:11:34,15,0,0,15
2022-10-10T00:20:57,15,0,0,15
2022-10-10T00:30:18,15,0,0,15
2022-10-10T00:39:41,15,0,0,15
2022-10-10T00:48:58,15,0,0,15
2022-10-10T00:58:14,15,0,0,15
2022-10-10T01:07:30,15,0,0,15
2022-10-10T01:16:45,15,0,0,15
2022-10-10T01:26:00,15,0,0,15
2022-10-10T01:35:15,15,0,0,15
2022-10-10T01:44:37,15,0,0,15
2022-10-10T01:53:56,15,0,0,15
2022-10-10T02:03:15,15,0,0,15
2022-10-10T02:12:36,15,0,0,15
2022-10-10T02:21:55,15,0,0,15
2022-10-10T02:31:12,15,0,0,15
2022-10-10T02:40:29,15,0,0,15
2022-10-10T02:49:46,15,0,0,15
2022-10-10T02:59:02,15,0,0,15
2022-10-10T03:08:17,15,0,0,15
2022-10-10T03:17:33,15,0,0,15
2022-10-10T03:26:50,15,0,0,15
2022-10-10T03:36:08,15,0,0,15
2022-10-10T03:45:26,15,0,0,15
2022-10-10T03:54:44,15,0,0,15
2022-10-10T04:06:04,15,0,0,15
2022-10-10T04:27:09,15,0,0,15
2022-10-10T04:36:49,15,0,0,15
2022-10-10T04:46:09,15,0,0,15
2022-10-10T04:55:29,15,0,0,15
2022-10-10T05:04:49,15,0,0,15
2022-10-10T05:14:07,15,0,0,15
2022-10-10T05:23:24,15,0,0,15
2022-10-10T05:32:38,15,0,0,15
2022-10-10T05:41:54,15,0,0,15
2022-10-10T05:51:10,15,0,0,15
2022-10-10T06:00:29,15,0,0,15
2022-10-10T06:09:48,15,0,0,15
2022-10-10T06:19:06,15,0,0,15
2022-10-10T06:28:24,15,0,0,15
2022-10-10T06:37:41,15,0,0,15
2022-10-10T06:46:59,15,0,0,15
2022-10-10T06:56:15,15,0,0,15
2022-10-10T07:05:34,15,0,0,15
2022-10-10T07:14:51,15,0,0,15
2022-10-10T07:24:09,15,0,0,15
2022-10-10T07:33:29,15,0,0,15
2022-10-10T07:42:48,15,0,0,15
2022-10-10T07:52:07,15,0,0,15
2022-10-10T08:01:26,15,0,0,15
2022-10-10T08:10:44,15,0,0,15
2022-10-10T08:20:02,15,0,0,15
2022-10-10T08:29:21,15,0,0,15
2022-10-10T08:38:40,15,0,0,15
2022-10-10T08:48:03,15,0,0,15
2022-10-10T08:57:22,15,0,0,15
2022-10-10T09:06:57,15,0,0,15
2022-10-10T09:16:17,15,0,0,15
2022-10-10T09:25:35,15,0,0,15
2022-10-10T09:34:55,15,0,0,15
2022-10-10T09:44:13,15,0,0,15
2022-10-10T09:53:33,15,0,0,15
2022-10-10T10:02:52,15,0,0,15
2022-10-10T10:12:11,15,0,0,15
2022-10-10T10:21:38,15,0,0,15
2022-10-10T10:31:00,15,0,0,15
2022-10-10T10:40:21,15,0,0,15
2022-10-10T10:49:39,15,0,0,15
2022-10-10T10:58:59,15,0,0,15
2022-10-10T11:08:18,15,0,0,15
2022-10-10T11:17:38,15,0,0,15
2022-10-10T11:26:58,15,0,0,15
2022-10-10T11:36:17,15,0,0,15
2022-10-10T11:45:36,15,0,0,15
2022-10-10T11:54:55,15,0,0,15
2022-10-10T12:04:14,15,0,0,15
2022-10-10T12:13:34,15,0,0,15
2022-10-10T12:22:53,15,0,0,15
2022-10-10T12:32:12,15,0,0,15
2022-10-10T12:41:41,15,0,0,15
2022-10-10T12:51:01,15,0,0,15
2022-10-10T13:00:19,15,0,0,15
2022-10-10T13:09:38,15,0,0,15
2022-10-10T13:18:58,15,0,0,15
2022-10-10T13:28:17,15,0,0,15
2022-10-10T13:37:36,15,0,0,15
2022-10-10T13:46:57,15,0,0,15
2022-10-10T13:56:16,15,0,0,15
2022-10-10T14:05:37,15,0,0,15
2022-10-10T14:14:56,15,0,0,15
2022-10-10T14:24:15,15,0,0,15
2022-10-10T14:33:45,15,0,0,15
2022-10-10T14:43:07,15,0,0,15
2022-10-10T14:52:28,15,0,0,15
2022-10-10T15:01:48,15,0,0,15
2022-10-10T15:11:10,15,0,0,15
2022-10-10T15:20:34,15,0,0,15
2022-10-10T15:29:53,15,0,0,15
2022-10-10T15:39:14,15,0,0,15
2022-10-10T15:48:35,15,0,0,15
2022-10-10T15:57:55,15,0,0,15
2022-10-10T16:07:26,15,0,0,15
2022-10-10T16:16:45,15,0,0,15
2022-10-10T16:26:04,15,0,0,15
2022-10-10T16:35:22,15,0,0,15
2022-10-10T16:44:40,15,0,0,15
2022-10-10T16:53:56,15,0,0,15
2022-10-10T17:03:15,15,0,0,15
2022-10-10T17:12:33,15,0,0,15
2022-10-10T17:21:52,15,0,0,15
2022-10-10T17:31:09,15,0,0,15
2022-10-10T17:40:27,15,0,0,15
2022-10-10T17:49:45,15,0,0,15
2022-10-10T17:59:02,15,0,0,15
2022-10-10T18:08:20,15,0,0,15
2022-10-10T18:17:38,15,0,0,15
2022-10-10T18:26:56,15,0,0,15
2022-10-10T18:36:21,15,0,0,15
2022-10-10T18:45:37,15,0,0,15
2022-10-10T18:54:53,15,0,0,15
2022-10-10T19:04:09,15,0,0,15
2022-10-10T19:13:26,15,0,0,15
2022-10-10T19:22:41,15,0,0,15
2022-10-10T19:31:56,15,0,0,15
2022-10-10T19:41:13,15,0,0,15
2022-10-10T19:50:28,15,0,0,15
2022-10-10T19:59:45,15,0,0,15
2022-10-10T20:09:01,15,0,0,15
2022-10-10T20:18:16,15,0,0,15
2022-10-10T20:27:33,15,0,0,15
2022-10-10T20:36:49,15,0,0,15
2022-10-10T20:46:05,15,0,0,15
2022-10-10T20:55:20,15,0,0,15
2022-10-10T21:04:36,15,0,0,15
2022-10-10T21:13:51,15,0,0,15
2022-10-10T21:23:19,15,0,0,15
2022-10-10T21:32:35,15,0,0,15
2022-10-10T21:41:50,15,0,0,15
2022-10-10T21:51:06,15,0,0,15
2022-10-10T22:00:21,15,0,0,15
2022-10-10T22:09:36,15,0,0,15
2022-10-10T22:18:52,15,0,0,15
2022-10-10T22:28:08,15,0,0,15
2022-10-10T22:37:24,15,0,0,15
2022-10-10T22:46:39,15,0,0,15
2022-10-10T22:55:55,15,0,0,15
2022-10-10T23:05:12,15,0,0,15
2022-10-10T23:14:29,15,0,0,15
2022-10-10T23:23:46,15,0,0,15
2022-10-10T23:33:02,15,0,0,15
2022-10-10T23:42:17,15,0,0,15
2022-10-10T23:51:33,15,0,0,15
2022-10-11T00:00:49,15,0,0,15
2022-10-11T00:10:06,15,0,0,15
2022-10-11T00:19:25,15,0,0,15
2022-10-11T00:28:43,15,0,0,15
2022-10-11T00:38:01,15,0,0,15
2022-10-11T00:47:21,15,0,0,15
2022-10-11T00:56:39,15,0,0,15
2022-10-11T01:05:57,15,0,0,15
2022-10-11T01:15:15,15,0,0,15
2022-10-11T01:24:34,15,0,0,15
2022-10-11T01:33:53,15,0,0,15
2022-10-11T01:43:13,15,0,0,15
2022-10-11T01:52:29,15,0,0,15
2022-10-11T02:01:45,15,0,0,15
2022-10-11T02:11:02,15,0,0,15
2022-10-11T02:20:16,15,0,0,15
2022-10-11T02:29:31,15,0,0,15
2022-10-11T02:38:46,15,0,0,15
2022-10-11T02:48:00,15,0,0,15
2022-10-11T02:57:15,15,0,0,15
2022-10-11T03:06:34,15,0,0,15
2022-10-11T03:15:52,15,0,0,15
2022-10-11T03:25:10,15,0,0,15
2022-10-11T03:34:27,15,0,0,15
2022-10-11T03:43:46,15,0,0,15
2022-10-11T03:53:04,15,0,0,15
2022-10-11T04:02:21,15,0,0,15
2022-10-11T04:18:20,15,0,0,15
2022-10-11T04:28:43,15,0,0,15
2022-10-11T04:38:21,15,0,0,15
2022-10-11T04:47:42,15,0,0,15
2022-10-11T04:57:06,15,0,0,15
2022-10-11T05:06:31,15,0,0,15
2022-10-11T05:15:51,15,0,0,15
2022-10-11T05:25:08,15,0,0,15
2022-10-11T05:34:27,15,0,0,15
2022-10-11T05:43:45,15,0,0,15
2022-10-11T05:53:04,15,0,0,15
2022-10-11T06:02:24,15,0,0,15
2022-10-11T06:11:44,15,0,0,15
2022-10-11T06:21:04,15,0,0,15
2022-10-11T06:30:23,15,0,0,15
2022-10-11T06:39:42,15,0,0,15
2022-10-11T06:48:59,15,0,0,15
2022-10-11T06:58:17,15,0,0,15
2022-10-11T07:07:35,15,0,0,15
2022-10-11T07:16:53,15,0,0,15
2022-10-11T07:26:10,15,0,0,15
2022-10-11T07:35:29,15,0,0,15
2022-10-11T07:44:48,15,0,0,15
2022-10-11T07:54:07,15,0,0,15
2022-10-11T08:03:24,15,0,0,15
2022-10-11T08:12:43,15,0,0,15
2022-10-11T08:22:05,15,0,0,15
2022-10-11T08:31:24,15,0,0,15
2022-10-11T08:40:42,15,0,0,15
2022-10-11T08:50:01,15,0,0,15
2022-10-11T08:59:19,15,0,0,15
2022-10-11T09:08:49,15,0,0,15
2022-10-11T09:18:09,15,0,0,15
2022-10-11T09:27:29,15,0,0,15
2022-10-11T09:36:50,15,0,0,15
2022-10-11T09:46:10,15,0,0,15
2022-10-11T09:55:30,15,0,0,15
2022-10-11T10:04:51,15,0,0,15
2022-10-11T10:14:10,15,0,0,15
2022-10-11T10:23:30,15,0,0,15
2022-10-11T10:33:12,15,0,0,15
2022-10-11T10:42:32,15,0,0,15
2022-10-11T10:51:52,15,0,0,15
2022-10-11T11:01:12,15,0,0,15
2022-10-11T11:10:32,15,0,0,15
2022-10-11T11:19:51,15,0,0,15
2022-10-11T11:29:13,15,0,0,15
2022-10-11T11:38:32,15,0,0,15
2022-10-11T11:47:52,15,0,0,15
2022-10-11T11:57:10,15,0,0,15
2022-10-11T12:06:29,15,0,0,15
2022-10-11T12:15:47,15,0,0,15
2022-10-11T12:25:05,15,0,0,15
2022-10-11T12:34:34,15,0,0,15
2022-10-11T12:43:52,15,0,0,15
2022-10-11T12:53:11,15,0,0,15
2022-10-11T13:02:30,15,0,0,15
2022-10-11T13:11:50,15,0,0,15
2022-10-11T13:21:09,15,0,0,15
2022-10-11T13:30:28,15,0,0,15
2022-10-11T13:39:49,15,0,0,15
2022-10-11T13:49:09,15,0,0,15
2022-10-11T13:58:28,15,0,0,15
2022-10-11T14:08:00,15,0,0,15
2022-10-11T14:17:20,15,0,0,15
2022-10-11T14:26:41,15,0,0,15
2022-10-11T14:36:02,15,0,0,15
2022-10-11T14:45:21,15,0,0,15
2022-10-11T14:54:40,15,0,0,15
2022-10-11T15:03:59,15,0,0,15
2022-10-11T15:13:18,15,0,0,15
2022-10-11T15:22:37,15,0,0,15
2022-10-11T15:31:55,15,0,0,15
2022-10-11T15:41:15,15,0,0,15
2022-10-11T15:50:44,15,0,0,15
2022-10-11T16:00:02,15,0,0,15
2022-10-11T16:09:20,15,0,0,15
2022-10-11T16:18:39,15,0,0,15
2022-10-11T16:27:59,15,0,0,15
2022-10-11T16:37:18,15,0,0,15
2022-10-11T16:46:37,15,0,0,15
2022-10-11T16:55:57,15,0,0,15
2022-10-11T17:05:15,15,0,0,15
2022-10-11T17:14:34,15,0,0,15
2022-10-11T17:24:03,15,0,0,15
2022-10-11T17:33:20,15,0,0,15
2022-10-11T17:42:38,15,0,0,15
2022-10-11T17:51:56,15,0,0,15
2022-10-11T18:01:13,15,0,0,15
2022-10-11T18:10:31,15,0,0,15
2022-10-11T18:19:48,15,0,0,15
2022-10-11T18:29:05,15,0,0,15
2022-10-11T18:38:21,15,0,0,15
2022-10-11T18:47:37,15,0,0,15
2022-10-11T18:56:53,15,0,0,15
2022-10-11T19:06:09,15,0,0,15
2022-10-11T19:15:25,15,0,0,15
2022-10-11T19:24:40,15,0,0,15
2022-10-11T19:33:56,15,0,0,15
2022-10-11T19:43:11,15,0,0,15
2022-10-11T19:52:38,15,0,0,15
2022-10-11T20:01:53,15,0,0,15
2022-10-11T20:11:09,15,0,0,15
2022-10-11T20:20:24,15,0,0,15
2022-10-11T20:29:39,15,0,0,15
2022-10-11T20:38:54,15,0,0,15
2022-10-11T20:48:09,15,0,0,15
2022-10-11T20:57:24,15,0,0,15
2022-10-11T21:06:39,15,0,0,15
2022-10-11T21:15:54,15,0,0,15
2022-10-11T21:25:09,15,0,0,15
2022-10-11T21:34:24,15,0,0,15
2022-10-11T21:43:38,15,0,0,15
2022-10-11T21:52:55,15,0,0,15
2022-10-11T22:02:09,15,0,0,15
2022-10-11T22:11:24,15,0,0,15
2022-10-11T22:20:39,15,0,0,15
2022-10-11T22:29:55,15,0,0,15
2022-10-11T22:39:20,15,0,0,15
2022-10-11T22:48:34,15,0,0,15
2022-10-11T22:57:49,15,0,0,15
2022-10-11T23:07:07,15,0,0,15
2022-10-11T23:16:22,15,0,0,15
2022-10-11T23:25:38,15,0,0,15
2022-10-11T23:34:54,15,0,0,15
2022-10-11T23:44:09,15,0,0,15
2022-10-11T23:53:23,15,0,0,15
2022-10-12T00:02:38,15,0,0,15
2022-10-12T00:11:53,15,0,0,15
2022-10-12T00:21:10,15,0,0,15
2022-10-12T00:30:23,15,0,0,15
2022-10-12T00:39:38,15,0,0,15
2022-10-12T00:48:53,15,0,0,15
2022-10-12T00:58:08,15,0,0,15
2022-10-12T01:07:25,15,0,0,15
2022-10-12T01:16:42,15,0,0,15
2022-10-12T01:25:56,15,0,0,15
2022-10-12T01:35:12,15,0,0,15
2022-10-12T01:44:27,15,0,0,15
2022-10-12T01:53:40,15,0,0,15
2022-10-12T02:02:53,15,0,0,15
2022-10-12T02:12:08,15,0,0,15
2022-10-12T02:21:24,15,0,0,15
2022-10-12T02:30:40,15,0,0,15
2022-10-12T02:39:55,15,0,0,15
2022-10-12T02:49:10,15,0,0,15
2022-10-12T02:58:24,15,0,0,15
2022-10-12T03:07:37,15,0,0,15
2022-10-12T03:16:49,15,0,0,15
2022-10-12T03:26:02,15,0,0,15
2022-10-12T03:35:14,15,0,0,15
2022-10-12T03:44:32,15,0,0,15
2022-10-12T03:56:07,15,0,0,15
2022-10-12T04:05:23,15,0,0,15
2022-10-12T04:24:59,15,0,0,15
2022-10-12T04:34:44,15,0,0,15
2022-10-12T04:44:08,15,0,0,15
2022-10-12T04:53:30,15,0,0,15
2022-10-12T05:02:53,15,0,0,15
2022-10-12T05:12:17,15,0,0,15
2022-10-12T05:21:36,15,0,0,15
2022-10-12T05:30:53,15,0,0,15
2022-10-12T05:40:10,15,0,0,15
2022-10-12T05:49:25,15,0,0,15
2022-10-12T05:58:44,15,0,0,15
2022-10-12T06:08:10,15,0,0,15
2022-10-12T06:17:28,15,0,0,15
2022-10-12T06:26:46,15,0,0,15
2022-10-12T06:36:01,15,0,0,15
2022-10-12T06:45:17,15,0,0,15
2022-10-12T06:54:33,15,0,0,15
2022-10-12T07:03:50,15,0,0,15
2022-10-12T07:13:07,15,0,0,15
2022-10-12T07:22:25,15,0,0,15
2022-10-12T07:31:44,15,0,0,15
2022-10-12T07:41:02,15,0,0,15
2022-10-12T07:50:21,15,0,0,15
2022-10-12T07:59:40,15,0,0,15
2022-10-12T08:08:58,15,0,0,15
2022-10-12T08:18:15,15,0,0,15
2022-10-12T08:27:33,15,0,0,15
2022-10-12T08:36:52,15,0,0,15
2022-10-12T08:46:10,15,0,0,15
2022-10-12T08:55:27,15,0,0,15
2022-10-12T09:04:45,15,0,0,15
2022-10-12T09:14:06,15,0,0,15
2022-10-12T09:23:24,15,0,0,15
2022-10-12T09:32:42,15,0,0,15
2022-10-12T09:42:00,15,0,0,15
2022-10-12T09:51:18,15,0,0,15
2022-10-12T10:00:36,15,0,0,15
2022-10-12T10:09:56,15,0,0,15
2022-10-12T10:19:16,15,0,0,15
2022-10-12T10:28:34,15,0,0,15
2022-10-12T10:37:53,15,0,0,15
2022-10-12T10:47:21,15,0,0,15
2022-10-12T10:56:39,15,0,0,15
2022-10-12T11:05:58,15,0,0,15
2022-10-12T11:15:16,15,0,0,15
2022-10-12T11:24:35,15,0,0,15
2022-10-12T11:33:53,15,0,0,15
2022-10-12T11:45:17,15,0,0,15
2022-10-12T11:55:01,15,0,0,15
2022-10-12T12:04:20,15,0,0,15
2022-10-12T12:13:37,15,0,0,15
2022-10-12T12:22:56,15,0,0,15
2022-10-12T12:32:24,15,0,0,15
2022-10-12T12:41:42,15,0,0,15
2022-10-12T12:51:00,15,0,0,15
2022-10-12T13:00:18,15,0,0,15
2022-10-12T13:09:37,15,0,0,15
2022-10-12T13:18:56,15,0,0,15
2022-10-12T13:28:16,15,0,0,15
2022-10-12T13:37:34,15,0,0,15
2022-10-12T13:46:54,15,0,0,15
2022-10-12T13:56:12,15,0,0,15
2022-10-12T14:05:31,15,0,0,15
2022-10-12T14:14:50,15,0,0,15
2022-10-12T14:24:19,15,0,0,15
2022-10-12T14:33:38,15,0,0,15
2022-10-12T14:42:56,15,0,0,15
2022-10-12T14:52:14,15,0,0,15
2022-10-12T15:01:33,15,0,0,15
2022-10-12T15:10:52,15,0,0,15
2022-10-12T15:20:11,15,0,0,15
2022-10-12T15:29:31,15,0,0,15
2022-10-12T15:38:51,15,0,0,15
2022-10-12T15:48:10,15,0,0,15
2022-10-12T15:57:30,15,0,0,15
2022-10-12T16:06:49,15,0,0,15
2022-10-12T16:16:07,15,0,0,15
2022-10-12T16:25:38,15,0,0,15
2022-10-12T16:34:57,15,0,0,15
2022-10-12T16:44:16,15,0,0,15
2022-10-12T16:53:34,15,0,0,15
2022-10-12T17:02:53,15,0,0,15
2022-10-12T17:12:11,15,0,0,15
2022-10-12T17:21:30,15,0,0,15
2022-10-12T17:30:47,15,0,0,15
2022-10-12T17:40:05,15,0,0,15
2022-10-12T17:49:23,15,0,0,15
2022-10-12T17:58:40,15,0,0,15
2022-10-12T18:07:57,15,0,0,15
2022-10-12T18:17:14,15,0,0,15
2022-10-12T18:26:31,15,0,0,15
2022-10-12T18:35:47,15,0,0,15
2022-10-12T18:45:03,15,0,0,15
2022-10-12T18:54:18,15,0,0,15
2022-10-12T19:03:34,15,0,0,15
2022-10-12T19:12:51,15,0,0,15
2022-10-12T19:22:07,15,0,0,15
2022-10-12T19:31:32,15,0,0,15
2022-10-12T19:40:49,15,0,0,15
2022-10-12T19:50:05,15,0,0,15
2022-10-12T19:59:21,15,0,0,15
2022-10-12T20:08:36,15,0,0,15
2022-10-12T20:17:52,15,0,0,15
2022-10-12T20:27:09,15,0,0,15
2022-10-12T20:36:24,15,0,0,15
2022-10-12T20:45:40,15,0,0,15
2022-10-12T20:54:56,15,0,0,15
2022-10-12T21:04:11,15,0,0,15
2022-10-12T21:13:27,15,0,0,15
2022-10-12T21:22:44,15,0,0,15
2022-10-12T21:31:59,15,0,0,15
2022-10-12T21:41:15,15,0,0,15
2022-10-12T21:50:34,15,0,0,15
2022-10-12T21:59:49,15,0,0,15
2022-10-12T22:09:05,15,0,0,15
2022-10-12T22:18:20,15,0,0,15
2022-10-12T22:27:45,15,0,0,15
2022-10-12T22:37:01,15,0,0,15
2022-10-12T22:46:16,15,0,0,15
2022-10-12T22:55:31,15,0,0,15
2022-10-12T23:04:46,15,0,0,15
2022-10-12T23:14:03,15,0,0,15
2022-10-12T23:23:18,15,0,0,15
2022-10-12T23:32:33,15,0,0,15
2022-10-12T23:41:49,15,0,0,15
2022-10-12T23:51:04,15,0,0,15
2022-10-13T00:00:19,15,0,0,15
2022-10-13T00:09:36,15,0,0,15
2022-10-13T00:18:54,15,0,0,15
2022-10-13T01:55:47,15,0,0,15
2022-10-13T02:05:08,15,0,0,15
2022-10-13T02:14:23,15,0,0,15
2022-10-13T02:23:38,15,0,0,15
2022-10-13T02:32:57,15,0,0,15
2022-10-13T02:42:18,15,0,0,15
2022-10-13T02:51:37,15,0,0,15
2022-10-13T03:00:55,15,0,0,15
2022-10-13T03:10:14,15,0,0,15
2022-10-13T03:19:31,15,0,0,15
2022-10-13T03:28:47,15,0,0,15
2022-10-13T03:38:04,15,0,0,15
2022-10-13T03:47:21,15,0,0,15
2022-10-13T03:56:40,15,0,0,15
2022-10-13T04:05:58,15,0,0,15
2022-10-13T04:21:18,15,0,0,15
2022-10-13T04:30:38,15,0,0,15
2022-10-13T04:39:57,15,0,0,15
2022-10-13T04:50:22,15,0,0,15
2022-10-13T04:59:56,15,0,0,15
2022-10-13T05:09:13,15,0,0,15
2022-10-13T05:18:33,15,0,0,15
2022-10-13T05:27:49,15,0,0,15
2022-10-13T05:37:06,15,0,0,15
2022-10-13T05:46:21,15,0,0,15
2022-10-13T05:55:39,15,0,0,15
2022-10-13T06:04:56,15,0,0,15
2022-10-13T06:14:15,15,0,0,15
2022-10-13T06:23:33,15,0,0,15
2022-10-13T06:32:50,15,0,0,15
2022-10-13T06:42:06,15,0,0,15
2022-10-13T06:51:23,15,0,0,15
2022-10-13T07:00:39,15,0,0,15
2022-10-13T07:09:57,15,0,0,15
2022-10-13T07:19:13,15,0,0,15
2022-10-13T07:28:31,15,0,0,15
2022-10-13T07:37:49,15,0,0,15
2022-10-13T07:47:06,15,0,0,15
2022-10-13T07:56:25,15,0,0,15
2022-10-13T08:05:46,15,0,0,15
2022-10-13T08:15:04,15,0,0,15
2022-10-13T08:24:21,15,0,0,15
2022-10-13T08:33:39,15,0,0,15
2022-10-13T08:42:55,15,0,0,15
2022-10-13T08:52:13,15,0,0,15
2022-10-13T09:01:31,15,0,0,15
2022-10-13T09:10:49,15,0,0,15
2022-10-13T09:20:08,15,0,0,15
2022-10-13T09:29:26,15,0,0,15
2022-10-13T09:38:44,15,0,0,15
2022-10-13T09:48:04,15,0,0,15
2022-10-13T09:57:25,15,0,0,15
2022-10-13T10:06:45,15,0,0,15
2022-10-13T10:16:04,15,0,0,15
2022-10-13T10:25:23,15,0,0,15
2022-10-13T10:34:41,15,0,0,15
2022-10-13T10:43:58,15,0,0,15
2022-10-13T10:53:15,15,0,0,15
2022-10-13T11:02:45,15,0,0,15
2022-10-13T11:12:05,15,0,0,15
2022-10-13T11:21:22,15,0,0,15
2022-10-13T11:30:59,15,0,0,15
2022-10-13T11:40:19,15,0,0,15
2022-10-13T11:49:39,15,0,0,15
2022-10-13T11:58:57,15,0,0,15
2022-10-13T12:08:15,15,0,0,15
2022-10-13T12:17:33,15,0,0,15
2022-10-13T12:26:51,15,0,0,15
2022-10-13T12:36:10,15,0,0,15
2022-10-13T12:45:28,15,0,0,15
2022-10-13T12:54:47,15,0,0,15
2022-10-13T13:04:06,15,0,0,15
2022-10-13T13:13:24,15,0,0,15
2022-10-13T13:22:53,15,0,0,15
2022-10-13T13:32:12,15,0,0,15
2022-10-13T13:41:30,15,0,0,15
2022-10-13T13:50:48,15,0,0,15
2022-10-13T14:00:07,15,0,0,15
2022-10-13T14:09:26,15,0,0,15
2022-10-13T14:18:45,15,0,0,15
2022-10-13T14:28:04,15,0,0,15
2022-10-13T14:37:22,15,0,0,15
2022-10-13T14:46:40,15,0,0,15
2022-10-13T14:55:58,15,0,0,15
2022-10-13T15:05:27,15,0,0,15
2022-10-13T15:14:45,15,0,0,15
2022-10-13T15:24:03,15,0,0,15
2022-10-13T15:33:21,15,0,0,15
2022-10-13T15:42:39,15,0,0,15
2022-10-13T15:51:57,15,0,0,15
2022-10-13T16:01:15,15,0,0,15
2022-10-13T16:10:33,15,0,0,15
2022-10-13T16:19:51,15,0,0,15
2022-10-13T16:29:09,15,0,0,15
2022-10-13T16:38:26,15,0,0,15
2022-10-13T16:47:44,15,0,0,15
2022-10-13T16:57:01,15,0,0,15
2022-10-13T17:06:18,15,0,0,15
2022-10-13T17:15:36,15,0,0,15
2022-10-13T17:24:52,15,0,0,15
2022-10-13T17:34:09,15,0,0,15
2022-10-13T17:43:27,15,0,0,15
2022-10-13T17:52:44,15,0,0,15
2022-10-13T18:02:13,15,0,0,15
2022-10-13T18:11:31,15,0,0,15
2022-10-13T18:20:48,15,0,0,15
2022-10-13T18:30:06,15,0,0,15
2022-10-13T18:39:24,15,0,0,15
2022-10-13T18:48:40,15,0,0,15
2022-10-13T18:57:56,15,0,0,15
2022-10-13T19:07:12,15,0,0,15
2022-10-13T19:16:28,15,0,0,15
2022-10-13T19:25:43,15,0,0,15
2022-10-13T19:35:01,15,0,0,15
2022-10-13T19:44:17,15,0,0,15
2022-10-13T19:53:32,15,0,0,15
2022-10-13T20:02:47,15,0,0,15
2022-10-13T20:12:01,15,0,0,15
2022-10-13T20:21:16,15,0,0,15
2022-10-13T20:30:31,15,0,0,15
2022-10-13T20:39:46,15,0,0,15
2022-10-13T20:49:02,15,0,0,15
2022-10-13T20:58:17,15,0,0,15
2022-10-13T21:07:33,15,0,0,15
2022-10-13T21:16:48,15,0,0,15
2022-10-13T21:26:05,15,0,0,15
2022-10-13T21:35:20,15,0,0,15
2022-10-13T21:44:46,15,0,0,15
2022-10-13T21:54:01,15,0,0,15
2022-10-13T22:03:16,15,0,0,15
2022-10-13T22:12:32,15,0,0,15
2022-10-13T22:21:49,15,0,0,15
2022-10-13T22:31:05,15,0,0,15
2022-10-13T22:40:20,15,0,0,15
2022-10-13T22:49:34,15,0,0,15
2022-10-13T22:58:49,15,0,0,15
2022-10-13T23:08:05,15,0,0,15
2022-10-13T23:17:20,15,0,0,15
2022-10-13T23:26:35,15,0,0,15
2022-10-13T23:35:51,15,0,0,15
2022-10-13T23:45:06,15,0,0,15
2022-10-13T23:54:20,15,0,0,15
2022-10-14T00:03:36,15,0,0,15
2022-10-14T00:12:55,15,0,0,15
2022-10-14T00:22:12,15,0,0,15
2022-10-14T00:31:30,15,0,0,15
2022-10-14T00:40:48,15,0,0,15
2022-10-14T00:50:06,15,0,0,15
2022-10-14T00:59:24,15,0,0,15
2022-10-14T01:08:42,15,0,0,15
2022-10-14T01:18:00,15,0,0,15
2022-10-14T01:27:19,15,0,0,15
2022-10-14T01:36:37,15,0,0,15
2022-10-14T01:45:55,15,0,0,15
2022-10-14T01:55:12,15,0,0,15
2022-10-14T02:04:30,15,0,0,15
2022-10-14T02:13:49,15,0,0,15
2022-10-14T02:23:07,15,0,0,15
2022-10-14T02:32:24,15,0,0,15
2022-10-14T02:41:41,15,0,0,15
2022-10-14T02:50:57,15,0,0,15
2022-10-14T03:00:13,15,0,0,15
2022-10-14T03:09:30,15,0,0,15
2022-10-14T03:18:47,15,0,0,15
2022-10-14T03:28:05,15,0,0,15
2022-10-14T03:37:24,15,0,0,15
2022-10-14T03:46:42,15,0,0,15
2022-10-14T03:56:01,15,0,0,15
2022-10-14T04:05:19,15,0,0,15
2022-10-14T04:28:15,15,0,0,15
2022-10-14T04:37:54,15,0,0,15
2022-10-14T04:47:14,15,0,0,15
2022-10-14T04:56:34,15,0,0,15
2022-10-14T05:05:51,15,0,0,15
2022-10-14T05:15:08,15,0,0,15
2022-10-14T05:24:24,15,0,0,15
2022-10-14T05:33:39,15,0,0,15
2022-10-14T05:44:18,15,0,0,15
2022-10-14T05:53:35,15,0,0,15
2022-10-14T06:02:54,15,0,0,15
2022-10-14T06:12:12,15,0,0,15
2022-10-14T06:21:32,15,0,0,15
2022-10-14T06:30:51,15,0,0,15
2022-10-14T06:40:08,15,0,0,15
2022-10-14T06:49:24,15,0,0,15
2022-10-14T06:58:42,15,0,0,15
2022-10-14T07:08:08,15,0,0,15
2022-10-14T07:17:32,15,0,0,15
2022-10-14T07:26:58,15,0,0,15
2022-10-14T07:36:24,15,0,0,15
2022-10-14T07:45:48,15,0,0,15
2022-10-14T07:55:15,15,0,0,15
2022-10-14T08:04:40,15,0,0,15
2022-10-14T08:14:05,15,0,0,15
2022-10-14T08:23:31,15,0,0,15
2022-10-14T08:32:55,15,0,0,15
2022-10-14T08:42:20,15,0,0,15
2022-10-14T08:51:43,15,0,0,15
2022-10-14T09:01:04,15,0,0,15
2022-10-14T09:10:23,15,0,0,15
2022-10-14T09:19:42,15,0,0,15
2022-10-14T09:29:03,15,0,0,15
2022-10-14T09:38:23,15,0,0,15
2022-10-14T09:47:42,15,0,0,15
2022-10-14T09:57:01,15,0,0,15
2022-10-14T10:06:21,15,0,0,15
2022-10-14T10:15:40,15,0,0,15
2022-10-14T10:24:59,15,0,0,15
2022-10-14T10:34:17,15,0,0,15
2022-10-14T10:43:37,15,0,0,15
2022-10-14T10:52:56,15,0,0,15
2022-10-14T11:02:15,15,0,0,15
2022-10-14T11:11:45,15,0,0,15
2022-10-14T11:21:05,15,0,0,15
2022-10-14T11:30:25,15,0,0,15
2022-10-14T11:39:45,15,0,0,15
2022-10-14T11:49:04,15,0,0,15
2022-10-14T11:58:24,15,0,0,15
2022-10-14T12:07:44,15,0,0,15
2022-10-14T12:17:03,15,0,0,15
2022-10-14T12:26:22,15,0,0,15
2022-10-14T12:35:41,15,0,0,15
2022-10-14T12:45:00,15,0,0,15
2022-10-14T12:54:19,15,0,0,15
2022-10-14T13:03:49,15,0,0,15
2022-10-14T13:13:07,15,0,0,15
2022-10-14T13:22:27,15,0,0,15
2022-10-14T13:31:47,15,0,0,15
2022-10-14T13:41:06,15,0,0,15
2022-10-14T13:50:24,15,0,0,15
2022-10-14T13:59:43,15,0,0,15
2022-10-14T14:09:03,15,0,0,15
2022-10-14T14:18:22,15,0,0,15
2022-10-14T14:27:41,15,0,0,15
2022-10-14T14:36:59,15,0,0,15
2022-10-14T14:46:18,15,0,0,15
2022-10-14T14:55:37,15,0,0,15
2022-10-14T15:04:57,15,0,0,15
2022-10-14T15:14:19,15,0,0,15
2022-10-14T15:23:49,15,0,0,15
2022-10-14T15:33:07,15,0,0,15
2022-10-14T15:42:27,15,0,0,15
2022-10-14T15:51:46,15,0,0,15
2022-10-14T16:01:05,15,0,0,15
2022-10-14T16:10:25,15,0,0,15
2022-10-14T16:19:43,15,0,0,15
2022-10-14T16:29:00,15,0,0,15
2022-10-14T16:38:19,15,0,0,15
2022-10-14T16:47:36,15,0,0,15
2022-10-14T16:56:54,15,0,0,15
2022-10-14T17:06:13,15,0,0,15
2022-10-14T17:15:32,15,0,0,15
2022-10-14T17:24:50,15,0,0,15
2022-10-14T17:34:08,15,0,0,15
2022-10-14T17:43:25,15,0,0,15
2022-10-14T17:52:42,15,0,0,15
2022-10-14T18:02:00,15,0,0,15
2022-10-14T18:11:18,15,0,0,15
2022-10-14T18:20:36,15,0,0,15
2022-10-14T18:29:54,15,0,0,15
2022-10-14T18:39:12,15,0,0,15
2022-10-14T18:48:38,15,0,0,15
2022-10-14T18:57:55,15,0,0,15
2022-10-14T19:07:13,15,0,0,15
2022-10-14T19:16:29,15,0,0,15
2022-10-14T19:25:45,15,0,0,15
2022-10-14T19:35:01,15,0,0,15
2022-10-14T19:44:18,15,0,0,15
2022-10-14T19:53:33,15,0,0,15
2022-10-14T20:02:49,15,0,0,15
2022-10-14T20:12:05,15,0,0,15
2022-10-14T20:21:21,15,0,0,15
2022-10-14T20:30:38,15,0,0,15
2022-10-14T20:39:53,15,0,0,15
2022-10-14T20:49:08,15,0,0,15
2022-10-14T20:58:24,15,0,0,15
2022-10-14T21:07:39,15,0,0,15
2022-10-14T21:16:55,15,0,0,15
2022-10-14T21:26:12,15,0,0,15
2022-10-14T21:35:31,15,0,0,15
2022-10-14T21:44:47,15,0,0,15
2022-10-14T21:54:04,15,0,0,15
2022-10-14T22:03:19,15,0,0,15
2022-10-14T22:12:35,15,0,0,15
2022-10-14T22:21:51,15,0,0,15
2022-10-14T22:31:08,15,0,0,15
2022-10-14T22:40:23,15,0,0,15
2022-10-14T22:49:39,15,0,0,15
2022-10-14T22:58:54,15,0,0,15
2022-10-14T23:08:11,15,0,0,15
2022-10-14T23:17:28,15,0,0,15
2022-10-14T23:26:44,15,0,0,15
2022-10-14T23:36:00,15,0,0,15
2022-10-14T23:45:15,15,0,0,15
2022-10-14T23:54:32,15,0,0,15
2022-10-15T00:03:50,15,0,0,15
2022-10-15T00:13:17,15,0,0,15
2022-10-15T00:22:38,15,0,0,15
2022-10-15T00:31:56,15,0,0,15
2022-10-15T00:41:15,15,0,0,15
2022-10-15T00:50:37,15,0,0,15
2022-10-15T00:59:56,15,0,0,15
2022-10-15T01:09:15,15,0,0,15
2022-10-15T01:18:33,15,0,0,15
2022-10-15T01:27:51,15,0,0,15
2022-10-15T01:37:10,15,0,0,15
2022-10-15T01:46:29,15,0,0,15
2022-10-15T01:55:46,15,0,0,15
2022-10-15T02:05:03,15,0,0,15
2022-10-15T02:14:19,15,0,0,15
2022-10-15T02:23:33,15,0,0,15
2022-10-15T02:32:48,15,0,0,15
2022-10-15T02:42:04,15,0,0,15
2022-10-15T02:51:20,15,0,0,15
2022-10-15T03:00:36,15,0,0,15
2022-10-15T03:09:54,15,0,0,15
2022-10-15T03:19:09,15,0,0,15
2022-10-15T03:28:24,15,0,0,15
2022-10-15T03:37:40,15,0,0,15
2022-10-15T03:46:59,15,0,0,15
2022-10-15T03:56:17,15,0,0,15
2022-10-15T04:05:35,15,0,0,15
2022-10-15T04:27:56,15,0,0,15
2022-10-15T04:37:16,15,0,0,15
2022-10-15T04:46:35,15,0,0,15
2022-10-15T04:55:53,15,0,0,15
2022-10-15T05:05:09,15,0,0,15
2022-10-15T05:14:25,15,0,0,15
2022-10-15T05:23:46,15,0,0,15
2022-10-15T05:33:45,15,0,0,15
2022-10-15T05:43:04,15,0,0,15
2022-10-15T05:52:23,15,0,0,15
2022-10-15T06:01:43,15,0,0,15
2022-10-15T06:11:03,15,0,0,15
2022-10-15T06:20:26,15,0,0,15
2022-10-15T06:29:46,15,0,0,15
2022-10-15T06:39:06,15,0,0,15
2022-10-15T06:48:26,15,0,0,15
2022-10-15T06:57:46,15,0,0,15
2022-10-15T07:07:07,15,0,0,15
2022-10-15T07:16:29,15,0,0,15
2022-10-15T07:25:53,15,0,0,15
2022-10-15T07:35:14,15,0,0,15
2022-10-15T07:44:35,15,0,0,15
2022-10-15T07:53:57,15,0,0,15
2022-10-15T08:03:18,15,0,0,15
2022-10-15T08:12:39,15,0,0,15
2022-10-15T08:22:01,15,0,0,15
2022-10-15T08:31:23,15,0,0,15
2022-10-15T08:40:43,15,0,0,15
2022-10-15T08:50:02,15,0,0,15
2022-10-15T08:59:22,15,0,0,15
2022-10-15T09:08:41,15,0,0,15
2022-10-15T09:18:00,15,0,0,15
2022-10-15T09:27:19,15,0,0,15
2022-10-15T09:36:39,15,0,0,15
2022-10-15T09:45:58,15,0,0,15
2022-10-15T09:55:18,15,0,0,15
2022-10-15T10:04:39,15,0,0,15
2022-10-15T10:13:59,15,0,0,15
2022-10-15T10:23:18,15,0,0,15
2022-10-15T10:32:37,15,0,0,15
2022-10-15T10:41:54,15,0,0,15
2022-10-15T10:51:11,15,0,0,15
2022-10-15T11:00:28,15,0,0,15
2022-10-15T11:09:45,15,0,0,15
2022-10-15T11:19:02,15,0,0,15
2022-10-15T11:28:20,15,0,0,15
2022-10-15T11:37:37,15,0,0,15
2022-10-15T11:46:54,15,0,0,15
2022-10-15T11:56:11,15,0,0,15
2022-10-15T12:05:29,15,0,0,15
2022-10-15T12:14:47,15,0,0,15
2022-10-15T12:24:06,15,0,0,15
2022-10-15T12:33:23,15,0,0,15
2022-10-15T12:42:40,15,0,0,15
2022-10-15T12:51:57,15,0,0,15
2022-10-15T13:01:13,15,0,0,15
2022-10-15T13:10:30,15,0,0,15
2022-10-15T13:19:47,15,0,0,15
2022-10-15T13:29:04,15,0,0,15
2022-10-15T13:38:20,15,0,0,15
2022-10-15T13:47:37,15,0,0,15
2022-10-15T13:56:54,15,0,0,15
2022-10-15T14:06:12,15,0,0,15
2022-10-15T14:15:29,15,0,0,15
2022-10-15T14:24:46,15,0,0,15
2022-10-15T14:34:03,15,0,0,15
2022-10-15T14:43:21,15,0,0,15
2022-10-15T14:52:39,15,0,0,15
2022-10-15T15:01:57,15,0,0,15
2022-10-15T15:11:14,15,0,0,15
2022-10-15T15:20:31,15,0,0,15
2022-10-15T15:29:48,15,0,0,15
2022-10-15T15:39:04,15,0,0,15
2022-10-15T15:48:22,15,0,0,15
2022-10-15T15:57:39,15,0,0,15
2022-10-15T16:06:56,15,0,0,15
2022-10-15T16:16:14,15,0,0,15
2022-10-15T16:25:30,15,0,0,15
2022-10-15T16:34:48,15,0,0,15
2022-10-15T16:44:05,15,0,0,15
2022-10-15T16:53:23,15,0,0,15
2022-10-15T17:02:50,15,0,0,15
2022-10-15T17:12:09,15,0,0,15
2022-10-15T17:21:27,15,0,0,15
2022-10-15T17:30:45,15,0,0,15
2022-10-15T17:40:02,15,0,0,15
2022-10-15T17:49:19,15,0,0,15
2022-10-15T17:58:37,15,0,0,15
2022-10-15T18:07:55,15,0,0,15
2022-10-15T18:17:12,15,0,0,15
2022-10-15T18:26:28,15,0,0,15
2022-10-15T18:35:45,15,0,0,15
2022-10-15T18:45:01,15,0,0,15
2022-10-15T18:54:16,15,0,0,15
2022-10-15T19:03:32,15,0,0,15
2022-10-15T19:12:47,15,0,0,15
2022-10-15T19:22:03,15,0,0,15
2022-10-15T19:31:19,15,0,0,15
2022-10-15T19:40:34,15,0,0,15
2022-10-15T19:49:49,15,0,0,15
2022-10-15T19:59:05,15,0,0,15
2022-10-15T20:08:21,15,0,0,15
2022-10-15T20:17:37,15,0,0,15
2022-10-15T20:26:52,15,0,0,15
2022-10-15T20:36:07,15,0,0,15
2022-10-15T20:45:24,15,0,0,15
2022-10-15T20:54:39,15,0,0,15
2022-10-15T21:03:55,15,0,0,15
2022-10-15T21:13:11,15,0,0,15
2022-10-15T21:22:26,15,0,0,15
2022-10-15T21:31:41,15,0,0,15
2022-10-15T21:40:57,15,0,0,15
2022-10-15T21:50:12,15,0,0,15
2022-10-15T21:59:27,15,0,0,15
2022-10-15T22:08:42,15,0,0,15
2022-10-15T22:17:58,15,0,0,15
2022-10-15T22:27:14,15,0,0,15
2022-10-15T22:36:30,15,0,0,15
2022-10-15T22:45:45,15,0,0,15
2022-10-15T22:55:01,15,0,0,15
2022-10-15T23:04:18,15,0,0,15
2022-10-15T23:13:36,15,0,0,15
2022-10-15T23:22:52,15,0,0,15
2022-10-15T23:32:07,15,0,0,15
2022-10-15T23:41:23,15,0,0,15
2022-10-15T23:50:38,15,0,0,15
2022-10-15T23:59:54,15,0,0,15
2022-10-16T00:09:10,15,0,0,15
2022-10-16T00:18:27,15,0,0,15
2022-10-16T00:27:42,15,0,0,15
2022-10-16T00:36:57,15,0,0,15
2022-10-16T00:46:14,15,0,0,15
2022-10-16T01:05:47,15,0,0,15
2022-10-16T01:15:05,15,0,0,15
2022-10-16T01:24:25,15,0,0,15
2022-10-16T01:33:45,15,0,0,15
2022-10-16T01:43:06,15,0,0,15
2022-10-16T01:52:25,15,0,0,15
2022-10-16T02:01:46,15,0,0,15
2022-10-16T02:11:07,15,0,0,15
2022-10-16T02:20:26,15,0,0,15
2022-10-16T02:29:44,15,0,0,15
2022-10-16T02:39:03,15,0,0,15
2022-10-16T02:48:19,15,0,0,15
2022-10-16T02:57:35,15,0,0,15
2022-10-16T03:06:52,15,0,0,15
2022-10-16T03:16:10,15,0,0,15
2022-10-16T03:25:28,15,0,0,15
2022-10-16T03:34:46,15,0,0,15
2022-10-16T03:44:04,15,0,0,15
2022-10-16T03:53:23,15,0,0,15
2022-10-16T04:02:42,15,0,0,15
2022-10-16T04:12:01,15,0,0,15
2022-10-16T04:29:00,15,0,0,15
2022-10-16T04:39:52,15,0,0,15
2022-10-16T04:49:13,15,0,0,15
2022-10-16T04:58:32,15,0,0,15
2022-10-16T05:07:49,15,0,0,15
2022-10-16T05:17:05,15,0,0,15
2022-10-16T05:26:20,15,0,0,15
2022-10-16T05:35:36,15,0,0,15
2022-10-16T05:44:51,15,0,0,15
2022-10-16T05:54:09,15,0,0,15
2022-10-16T06:03:28,15,0,0,15
2022-10-16T06:12:47,15,0,0,15
2022-10-16T06:22:07,15,0,0,15
2022-10-16T06:31:25,15,0,0,15
2022-10-16T06:40:42,15,0,0,15
2022-10-16T06:49:59,15,0,0,15
2022-10-16T06:59:15,15,0,0,15
2022-10-16T07:08:33,15,0,0,15
2022-10-16T07:17:52,15,0,0,15
2022-10-16T07:27:10,15,0,0,15
2022-10-16T07:36:28,15,0,0,15
2022-10-16T07:45:47,15,0,0,15
2022-10-16T07:55:05,15,0,0,15
2022-10-16T08:04:23,15,0,0,15
2022-10-16T08:13:41,15,0,0,15
2022-10-16T08:23:02,15,0,0,15
2022-10-16T08:32:20,15,0,0,15
2022-10-16T08:41:39,15,0,0,15
2022-10-16T08:50:55,15,0,0,15
2022-10-16T09:00:12,15,0,0,15
2022-10-16T09:09:38,15,0,0,15
2022-10-16T09:18:56,15,0,0,15
2022-10-16T09:28:14,15,0,0,15
2022-10-16T09:37:31,15,0,0,15
2022-10-16T09:46:49,15,0,0,15
2022-10-16T09:56:06,15,0,0,15
2022-10-16T10:05:23,15,0,0,15
2022-10-16T10:14:41,15,0,0,15
2022-10-16T10:23:58,15,0,0,15
2022-10-16T10:33:15,15,0,0,15
2022-10-16T10:42:33,15,0,0,15
2022-10-16T10:51:50,15,0,0,15
2022-10-16T11:01:08,15,0,0,15
2022-10-16T11:10:26,15,0,0,15
2022-10-16T11:19:43,15,0,0,15
2022-10-16T11:29:00,15,0,0,15
2022-10-16T11:38:18,15,0,0,15
2022-10-16T11:47:35,15,0,0,15
2022-10-16T11:56:52,15,0,0,15
2022-10-16T12:06:20,15,0,0,15
2022-10-16T12:15:37,15,0,0,15
2022-10-16T12:24:54,15,0,0,15
2022-10-16T12:34:11,15,0,0,15
2022-10-16T12:43:28,15,0,0,15
2022-10-16T12:52:46,15,0,0,15
2022-10-16T13:02:03,15,0,0,15
2022-10-16T13:11:21,15,0,0,15
2022-10-16T13:20:39,15,0,0,15
2022-10-16T13:29:57,15,0,0,15
2022-10-16T13:39:14,15,0,0,15
2022-10-16T13:48:32,15,0,0,15
2022-10-16T13:57:49,15,0,0,15
2022-10-16T14:07:07,15,0,0,15
2022-10-16T14:16:25,15,0,0,15
2022-10-16T14:25:43,15,0,0,15
2022-10-16T14:35:01,15,0,0,15
2022-10-16T14:44:28,15,0,0,15
2022-10-16T14:53:45,15,0,0,15
2022-10-16T15:03:03,15,0,0,15
2022-10-16T15:12:20,15,0,0,15
2022-10-16T15:21:39,15,0,0,15
2022-10-16T15:30:57,15,0,0,15
2022-10-16T15:40:14,15,0,0,15
2022-10-16T15:49:32,15,0,0,15
2022-10-16T15:58:50,15,0,0,15
2022-10-16T16:08:08,15,0,0,15
2022-10-16T16:17:26,15,0,0,15
2022-10-16T16:26:44,15,0,0,15
2022-10-16T16:36:02,15,0,0,15
2022-10-16T16:45:19,15,0,0,15
2022-10-16T16:54:36,15,0,0,15
2022-10-16T17:04:04,15,0,0,15
2022-10-16T17:13:22,15,0,0,15
2022-10-16T17:22:39,15,0,0,15
2022-10-16T17:31:57,15,0,0,15
2022-10-16T17:41:15,15,0,0,15
2022-10-16T17:50:32,15,0,0,15
2022-10-16T17:59:50,15,0,0,15
2022-10-16T18:09:08,15,0,0,15
2022-10-16T18:18:25,15,0,0,15
2022-10-16T18:27:43,15,0,0,15
2022-10-16T18:37:00,15,0,0,15
2022-10-16T18:46:16,15,0,0,15
2022-10-16T18:55:32,15,0,0,15
2022-10-16T19:04:49,15,0,0,15
2022-10-16T19:14:06,15,0,0,15
2022-10-16T19:23:23,15,0,0,15
2022-10-16T19:32:39,15,0,0,15
2022-10-16T19:42:05,15,0,0,15
2022-10-16T19:51:22,15,0,0,15
2022-10-16T20:00:38,15,0,0,15
2022-10-16T20:09:54,15,0,0,15
2022-10-16T20:19:10,15,0,0,15
2022-10-16T20:28:26,15,0,0,15
2022-10-16T20:37:42,15,0,0,15
2022-10-16T20:46:58,15,0,0,15
2022-10-16T20:56:14,15,0,0,15
2022-10-16T21:05:30,15,0,0,15
2022-10-16T21:14:46,15,0,0,15
2022-10-16T21:24:03,15,0,0,15
2022-10-16T21:33:19,15,0,0,15
2022-10-16T21:42:36,15,0,0,15
2022-10-16T21:51:52,15,0,0,15
2022-10-16T22:01:08,15,0,0,15
2022-10-16T22:10:24,15,0,0,15
2022-10-16T22:19:41,15,0,0,15
2022-10-16T22:28:58,15,0,0,15
2022-10-16T22:38:15,15,0,0,15
2022-10-16T22:47:31,15,0,0,15
2022-10-16T22:56:47,15,0,0,15
2022-10-16T23:06:15,15,0,0,15
2022-10-16T23:15:32,15,0,0,15
2022-10-16T23:24:49,15,0,0,15
2022-10-16T23:34:07,15,0,0,15
2022-10-16T23:43:23,15,0,0,15
2022-10-16T23:52:39,15,0,0,15
2022-10-17T00:01:55,15,0,0,15
2022-10-17T00:11:12,15,0,0,15
2022-10-17T00:20:31,15,0,0,15
2022-10-17T00:29:49,15,0,0,15
2022-10-17T00:39:25,15,0,0,15
2022-10-17T00:48:49,15,0,0,15
2022-10-17T00:58:10,15,0,0,15
2022-10-17T01:07:27,15,0,0,15
2022-10-17T01:16:47,15,0,0,15
2022-10-17T01:26:07,15,0,0,15
2022-10-17T01:35:27,15,0,0,15
2022-10-17T01:44:46,15,0,0,15
2022-10-17T01:54:04,15,0,0,15
2022-10-17T02:03:35,15,0,0,15
2022-10-17T02:12:55,15,0,0,15
2022-10-17T02:22:12,15,0,0,15
2022-10-17T02:31:29,15,0,0,15
2022-10-17T02:40:46,15,0,0,15
2022-10-17T02:50:03,15,0,0,15
2022-10-17T02:59:19,15,0,0,15
2022-10-17T03:08:36,15,0,0,15
2022-10-17T03:17:54,15,0,0,15
2022-10-17T03:27:11,15,0,0,15
2022-10-17T03:36:29,15,0,0,15
2022-10-17T03:45:49,15,0,0,15
2022-10-17T03:55:07,15,0,0,15
2022-10-17T04:04:25,15,0,0,15
2022-10-17T04:27:03,15,0,0,15
2022-10-17T04:36:29,15,0,0,15
2022-10-17T04:45:50,15,0,0,15
2022-10-17T04:55:10,15,0,0,15
2022-10-17T05:04:30,15,0,0,15
2022-10-17T05:13:47,15,0,0,15
2022-10-17T05:23:03,15,0,0,15
2022-10-17T05:32:20,15,0,0,15
2022-10-17T05:41:36,15,0,0,15
2022-10-17T05:50:54,15,0,0,15
2022-10-17T06:00:15,15,0,0,15
2022-10-17T06:09:36,15,0,0,15
2022-10-17T06:18:57,15,0,0,15
2022-10-17T06:28:17,15,0,0,15
2022-10-17T06:37:35,15,0,0,15
2022-10-17T06:46:54,15,0,0,15
2022-10-17T06:56:12,15,0,0,15
2022-10-17T07:05:31,15,0,0,15
2022-10-17T07:14:50,15,0,0,15
2022-10-17T07:24:10,15,0,0,15
2022-10-17T07:33:29,15,0,0,15
2022-10-17T07:42:49,15,0,0,15
2022-10-17T07:52:25,15,0,0,15
2022-10-17T08:01:45,15,0,0,15
2022-10-17T08:11:04,15,0,0,15
2022-10-17T08:20:23,15,0,0,15
2022-10-17T08:29:44,15,0,0,15
2022-10-17T08:39:03,15,0,0,15
2022-10-17T08:48:23,15,0,0,15
2022-10-17T08:57:42,15,0,0,15
2022-10-17T09:07:04,15,0,0,15
2022-10-17T09:16:25,15,0,0,15
2022-10-17T09:25:45,15,0,0,15
2022-10-17T09:35:06,15,0,0,15
2022-10-17T09:44:29,15,0,0,15
2022-10-17T09:53:49,15,0,0,15
2022-10-17T10:03:33,15,0,0,15
2022-10-17T10:12:53,15,0,0,15
2022-10-17T10:22:15,15,0,0,15
2022-10-17T10:31:35,15,0,0,15
2022-10-17T10:40:55,15,0,0,15
2022-10-17T10:50:15,15,0,0,15
2022-10-17T10:59:35,15,0,0,15
2022-10-17T11:08:55,15,0,0,15
2022-10-17T11:18:15,15,0,0,15
2022-10-17T11:27:34,15,0,0,15
2022-10-17T11:36:54,15,0,0,15
2022-10-17T11:46:27,15,0,0,15
2022-10-17T11:55:47,15,0,0,15
2022-10-17T12:05:06,15,0,0,15
2022-10-17T12:14:35,15,0,0,15
2022-10-17T12:23:55,15,0,0,15
2022-10-17T12:33:15,15,0,0,15
2022-10-17T12:42:34,15,0,0,15
2022-10-17T12:51:54,15,0,0,15
2022-10-17T13:01:14,15,0,0,15
2022-10-17T13:10:53,15,0,0,15
2022-10-17T13:20:14,15,0,0,15
2022-10-17T13:29:34,15,0,0,15
2022-10-17T13:38:54,15,0,0,15
2022-10-17T13:48:15,15,0,0,15
2022-10-17T13:57:36,15,0,0,15
2022-10-17T14:06:57,15,0,0,15
2022-10-17T14:16:18,15,0,0,15
2022-10-17T14:25:38,15,0,0,15
2022-10-17T14:34:57,15,0,0,15
2022-10-17T14:44:30,15,0,0,15
2022-10-17T14:53:50,15,0,0,15
2022-10-17T15:03:09,15,0,0,15
2022-10-17T15:12:29,15,0,0,15
2022-10-17T15:21:50,15,0,0,15
2022-10-17T15:31:10,15,0,0,15
2022-10-17T15:40:31,15,0,0,15
2022-10-17T15:50:01,15,0,0,15
2022-10-17T15:59:21,15,0,0,15
2022-10-17T16:08:41,15,0,0,15
2022-10-17T16:18:00,15,0,0,15
2022-10-17T16:27:20,15,0,0,15
2022-10-17T16:36:39,15,0,0,15
2022-10-17T16:45:58,15,0,0,15
2022-10-17T16:55:17,15,0,0,15
2022-10-17T17:04:36,15,0,0,15
2022-10-17T17:14:06,15,0,0,15
2022-10-17T17:23:25,15,0,0,15
2022-10-17T17:32:44,15,0,0,15
2022-10-17T17:42:02,15,0,0,15
2022-10-17T17:51:21,15,0,0,15
2022-10-17T18:00:40,15,0,0,15
2022-10-17T18:10:00,15,0,0,15
2022-10-17T18:19:19,15,0,0,15
2022-10-17T18:28:38,15,0,0,15
2022-10-17T18:37:56,15,0,0,15
2022-10-17T18:47:34,15,0,0,15
2022-10-17T18:56:52,15,0,0,15
2022-10-17T19:06:11,15,0,0,15
2022-10-17T19:15:30,15,0,0,15
2022-10-17T19:24:48,15,0,0,15
2022-10-17T19:34:07,15,0,0,15
2022-10-17T19:43:27,15,0,0,15
2022-10-17T19:52:44,15,0,0,15
2022-10-17T20:02:01,15,0,0,15
2022-10-17T20:11:17,15,0,0,15
2022-10-17T20:20:33,15,0,0,15
2022-10-17T20:30:01,15,0,0,15
2022-10-17T20:39:17,15,0,0,15
2022-10-17T20:48:33,15,0,0,15
2022-10-17T20:57:49,15,0,0,15
2022-10-17T21:07:06,15,0,0,15
2022-10-17T21:16:23,15,0,0,15
2022-10-17T21:25:40,15,0,0,15
2022-10-17T21:34:56,15,0,0,15
2022-10-17T21:44:13,15,0,0,15
2022-10-17T21:53:29,15,0,0,15
2022-10-17T22:02:46,15,0,0,15
2022-10-17T22:12:02,15,0,0,15
2022-10-17T22:21:48,15,0,0,15
2022-10-17T22:31:05,15,0,0,15
2022-10-17T22:40:21,15,0,0,15
2022-10-17T22:49:37,15,0,0,15
2022-10-17T22:58:53,15,0,0,15
2022-10-17T23:08:13,15,0,0,15
2022-10-17T23:17:31,15,0,0,15
2022-10-17T23:26:52,15,0,0,15
2022-10-17T23:36:17,15,0,0,15
2022-10-17T23:45:34,15,0,0,15
2022-10-17T23:54:50,15,0,0,15
2022-10-18T00:04:07,15,0,0,15
2022-10-18T00:13:24,15,0,0,15
2022-10-18T00:22:44,15,0,0,15
2022-10-18T00:32:11,15,0,0,15
2022-10-18T00:41:45,15,0,0,15
2022-10-18T00:51:05,15,0,0,15
2022-10-18T01:00:23,15,0,0,15
2022-10-18T01:09:43,15,0,0,15
2022-10-18T01:19:02,15,0,0,15
2022-10-18T01:28:22,15,0,0,15
2022-10-18T01:37:41,15,0,0,15
2022-10-18T01:47:00,15,0,0,15
2022-10-18T01:56:17,15,0,0,15
2022-10-18T02:05:35,15,0,0,15
2022-10-18T02:14:53,15,0,0,15
2022-10-18T02:24:09,15,0,0,15
2022-10-18T02:33:26,15,0,0,15
2022-10-18T02:42:42,15,0,0,15
2022-10-18T02:51:59,15,0,0,15
2022-10-18T03:01:14,15,0,0,15
2022-10-18T03:10:30,15,0,0,15
2022-10-18T03:20:12,15,0,0,15
2022-10-18T03:29:28,15,0,0,15
2022-10-18T03:38:45,15,0,0,15
2022-10-18T03:48:04,15,0,0,15
2022-10-18T03:57:23,15,0,0,15
2022-10-18T04:06:41,15,0,0,15
2022-10-18T04:15:59,15,0,0,15
2022-10-18T04:38:52,15,0,0,15
2022-10-18T04:48:33,15,0,0,15
2022-10-18T04:57:53,15,0,0,15
2022-10-18T05:07:12,15,0,0,15
2022-10-18T05:16:29,15,0,0,15
2022-10-18T05:25:49,15,0,0,15
2022-10-18T05:35:07,15,0,0,15
2022-10-18T05:44:25,15,0,0,15
2022-10-18T05:53:46,15,0,0,15
2022-10-18T06:03:07,15,0,0,15
2022-10-18T06:12:27,15,0,0,15
2022-10-18T06:21:48,15,0,0,15
2022-10-18T06:31:09,15,0,0,15
2022-10-18T06:40:28,15,0,0,15
2022-10-18T06:49:49,15,0,0,15
2022-10-18T06:59:10,15,0,0,15
2022-10-18T07:08:32,15,0,0,15
2022-10-18T07:17:53,15,0,0,15
2022-10-18T07:27:13,15,0,0,15
2022-10-18T07:36:33,15,0,0,15
2022-10-18T07:45:52,15,0,0,15
2022-10-18T07:55:12,15,0,0,15
2022-10-18T08:04:39,15,0,0,15
2022-10-18T08:14:00,15,0,0,15
2022-10-18T08:23:20,15,0,0,15
2022-10-18T08:32:39,15,0,0,15
2022-10-18T08:41:58,15,0,0,15
2022-10-18T08:51:16,15,0,0,15
2022-10-18T09:00:36,15,0,0,15
2022-10-18T09:09:56,15,0,0,15
2022-10-18T09:19:16,15,0,0,15
2022-10-18T09:28:39,15,0,0,15
2022-10-18T09:38:00,15,0,0,15
2022-10-18T09:47:22,15,0,0,15
2022-10-18T09:56:46,15,0,0,15
2022-10-18T10:06:18,15,0,0,15
2022-10-18T10:15:53,15,0,0,15
2022-10-18T10:25:14,15,0,0,15
2022-10-18T10:34:37,15,0,0,15
2022-10-18T10:43:58,15,0,0,15
2022-10-18T10:53:20,15,0,0,15
2022-10-18T11:02:42,15,0,0,15
2022-10-18T11:12:04,15,0,0,15
2022-10-18T11:21:25,15,0,0,15
2022-10-18T11:30:46,15,0,0,15
2022-10-18T11:40:08,15,0,0,15
2022-10-18T11:49:29,15,0,0,15
2022-10-18T11:59:00,15,0,0,15
2022-10-18T12:08:21,15,0,0,15
2022-10-18T12:17:41,15,0,0,15
2022-10-18T12:27:02,15,0,0,15
2022-10-18T12:36:23,15,0,0,15
2022-10-18T12:45:43,15,0,0,15
2022-10-18T12:55:03,15,0,0,15
2022-10-18T13:04:24,15,0,0,15
2022-10-18T13:13:46,15,0,0,15
2022-10-18T13:23:08,15,0,0,15
2022-10-18T13:32:29,15,0,0,15
2022-10-18T13:42:01,15,0,0,15
2022-10-18T13:51:21,15,0,0,15
2022-10-18T14:00:41,15,0,0,15
2022-10-18T14:10:02,15,0,0,15
2022-10-18T14:19:23,15,0,0,15
2022-10-18T14:28:44,15,0,0,15
2022-10-18T14:38:04,15,0,0,15
2022-10-18T14:47:25,15,0,0,15
2022-10-18T14:56:45,15,0,0,15
2022-10-18T15:06:05,15,0,0,15
2022-10-18T15:15:25,15,0,0,15
2022-10-18T15:24:46,15,0,0,15
2022-10-18T15:34:17,15,0,0,15
2022-10-18T15:43:36,15,0,0,15
2022-10-18T15:52:56,15,0,0,15
2022-10-18T16:02:16,15,0,0,15
2022-10-18T16:11:36,15,0,0,15
2022-10-18T16:20:55,15,0,0,15
2022-10-18T16:30:14,15,0,0,15
2022-10-18T16:39:33,15,0,0,15
2022-10-18T16:48:52,15,0,0,15
2022-10-18T16:58:11,15,0,0,15
2022-10-18T17:07:40,15,0,0,15
2022-10-18T17:17:01,15,0,0,15
2022-10-18T17:26:20,15,0,0,15
2022-10-18T17:35:39,15,0,0,15
2022-10-18T17:44:57,15,0,0,15
2022-10-18T17:54:16,15,0,0,15
2022-10-18T18:03:35,15,0,0,15
2022-10-18T18:12:56,15,0,0,15
2022-10-18T18:22:14,15,0,0,15
2022-10-18T18:31:44,15,0,0,15
2022-10-18T18:41:03,15,0,0,15
2022-10-18T18:50:22,15,0,0,15
2022-10-18T18:59:41,15,0,0,15
2022-10-18T19:09:01,15,0,0,15
2022-10-18T19:18:19,15,0,0,15
2022-10-18T19:27:37,15,0,0,15
2022-10-18T19:36:56,15,0,0,15
2022-10-18T19:46:15,15,0,0,15
2022-10-18T19:55:33,15,0,0,15
2022-10-18T20:04:52,15,0,0,15
2022-10-18T20:14:10,15,0,0,15
2022-10-18T20:23:29,15,0,0,15
2022-10-18T20:32:47,15,0,0,15
2022-10-18T20:42:14,15,0,0,15
2022-10-18T20:51:31,15,0,0,15
2022-10-18T21:00:49,15,0,0,15
2022-10-18T21:10:06,15,0,0,15
2022-10-18T21:19:23,15,0,0,15
2022-10-18T21:28:40,15,0,0,15
2022-10-18T21:37:57,15,0,0,15
2022-10-18T21:47:14,15,0,0,15
2022-10-18T21:56:31,15,0,0,15
2022-10-18T22:05:48,15,0,0,15
2022-10-18T22:15:05,15,0,0,15
2022-10-18T22:24:32,15,0,0,15
2022-10-18T22:33:49,15,0,0,15
2022-10-18T22:43:06,15,0,0,15
2022-10-18T22:52:23,15,0,0,15
2022-10-18T23:01:39,15,0,0,15
2022-10-18T23:10:56,15,0,0,15
2022-10-18T23:20:13,15,0,0,15
2022-10-18T23:29:31,15,0,0,15
2022-10-18T23:38:50,15,0,0,15
2022-10-18T23:48:06,15,0,0,15
2022-10-18T23:57:23,15,0,0,15
2022-10-19T00:06:40,15,0,0,15
2022-10-19T00:16:02,15,0,0,15
2022-10-19T00:25:22,15,0,0,15
2022-10-19T00:34:52,15,0,0,15
2022-10-19T00:44:13,15,0,0,15
2022-10-19T00:53:33,15,0,0,15
2022-10-19T01:02:52,15,0,0,15
2022-10-19T01:12:13,15,0,0,15
2022-10-19T01:21:33,15,0,0,15
2022-10-19T01:30:54,15,0,0,15
2022-10-19T01:40:14,15,0,0,15
2022-10-19T01:49:33,15,0,0,15
2022-10-19T01:58:50,15,0,0,15
2022-10-19T02:08:08,15,0,0,15
2022-10-19T02:17:25,15,0,0,15
2022-10-19T02:26:45,15,0,0,15
2022-10-19T02:36:05,15,0,0,15
2022-10-19T02:45:24,15,0,0,15
2022-10-19T02:54:43,15,0,0,15
2022-10-19T03:04:00,15,0,0,15
2022-10-19T03:13:17,15,0,0,15
2022-10-19T03:22:34,15,0,0,15
2022-10-19T03:32:02,15,0,0,15
2022-10-19T03:41:21,15,0,0,15
2022-10-19T03:50:40,15,0,0,15
2022-10-19T03:59:59,15,0,0,15
2022-10-19T04:18:21,15,0,0,15
2022-10-19T04:27:41,15,0,0,15
2022-10-19T04:37:00,15,0,0,15
2022-10-19T04:47:32,15,0,0,15
2022-10-19T04:57:07,15,0,0,15
2022-10-19T05:06:25,15,0,0,15
2022-10-19T05:15:44,15,0,0,15
2022-10-19T05:25:02,15,0,0,15
2022-10-19T05:34:18,15,0,0,15
2022-10-19T05:43:35,15,0,0,15
2022-10-19T05:52:53,15,0,0,15
2022-10-19T06:02:13,15,0,0,15
2022-10-19T06:11:32,15,0,0,15
2022-10-19T06:20:52,15,0,0,15
2022-10-19T06:30:10,15,0,0,15
2022-10-19T06:39:28,15,0,0,15
2022-10-19T06:48:48,15,0,0,15
2022-10-19T06:58:05,15,0,0,15
2022-10-19T07:07:25,15,0,0,15
2022-10-19T07:16:44,15,0,0,15
2022-10-19T07:26:13,15,0,0,15
2022-10-19T07:35:32,15,0,0,15
2022-10-19T07:44:51,15,0,0,15
2022-10-19T07:54:10,15,0,0,15
2022-10-19T08:03:30,15,0,0,15
2022-10-19T08:12:50,15,0,0,15
2022-10-19T08:22:09,15,0,0,15
2022-10-19T08:31:28,15,0,0,15
2022-10-19T08:40:47,15,0,0,15
2022-10-19T08:50:06,15,0,0,15
2022-10-19T08:59:42,15,0,0,15
2022-10-19T09:09:02,15,0,0,15
2022-10-19T09:18:21,15,0,0,15
2022-10-19T09:27:40,15,0,0,15
2022-10-19T09:37:00,15,0,0,15
2022-10-19T09:46:19,15,0,0,15
2022-10-19T09:55:39,15,0,0,15
2022-10-19T10:04:59,15,0,0,15
2022-10-19T10:14:19,15,0,0,15
2022-10-19T10:23:39,15,0,0,15
2022-10-19T10:33:10,15,0,0,15
2022-10-19T10:42:29,15,0,0,15
2022-10-19T10:51:48,15,0,0,15
2022-10-19T11:01:08,15,0,0,15
2022-10-19T11:10:28,15,0,0,15
2022-10-19T11:19:47,15,0,0,15
2022-10-19T11:29:06,15,0,0,15
2022-10-19T11:38:26,15,0,0,15
2022-10-19T11:47:44,15,0,0,15
2022-10-19T11:57:04,15,0,0,15
2022-10-19T12:06:25,15,0,0,15
2022-10-19T12:15:46,15,0,0,15
2022-10-19T12:25:30,15,0,0,15
2022-10-19T12:34:49,15,0,0,15
2022-10-19T12:44:11,15,0,0,15
2022-10-19T12:53:36,15,0,0,15
2022-10-19T13:03:00,15,0,0,15
2022-10-19T13:12:25,15,0,0,15
2022-10-19T13:21:50,15,0,0,15
2022-10-19T13:31:13,15,0,0,15
2022-10-19T13:40:39,15,0,0,15
2022-10-19T13:50:02,15,0,0,15
2022-10-19T13:59:27,15,0,0,15
2022-10-19T14:08:52,15,0,0,15
2022-10-19T14:18:26,15,0,0,15
2022-10-19T14:27:48,15,0,0,15
2022-10-19T14:37:10,15,0,0,15
2022-10-19T14:46:29,15,0,0,15
2022-10-19T14:55:49,15,0,0,15
2022-10-19T15:05:09,15,0,0,15
2022-10-19T15:14:28,15,0,0,15
2022-10-19T15:23:47,15,0,0,15
2022-10-19T15:33:17,15,0,0,15
2022-10-19T15:42:37,15,0,0,15
2022-10-19T15:51:56,15,0,0,15
2022-10-19T16:01:15,15,0,0,15
2022-10-19T16:10:34,15,0,0,15
2022-10-19T16:19:54,15,0,0,15
2022-10-19T16:29:14,15,0,0,15
2022-10-19T16:38:43,15,0,0,15
2022-10-19T16:48:02,15,0,0,15
2022-10-19T16:57:21,15,0,0,15
2022-10-19T17:06:42,15,0,0,15
2022-10-19T17:16:02,15,0,0,15
2022-10-19T17:25:21,15,0,0,15
2022-10-19T17:34:39,15,0,0,15
2022-10-19T17:43:59,15,0,0,15
2022-10-19T17:53:17,15,0,0,15
2022-10-19T18:02:35,15,0,0,15
2022-10-19T18:11:53,15,0,0,15
2022-10-19T18:21:11,15,0,0,15
2022-10-19T18:30:30,15,0,0,15
2022-10-19T18:39:58,15,0,0,15
2022-10-19T18:49:16,15,0,0,15
2022-10-19T18:58:34,15,0,0,15
2022-10-19T19:07:52,15,0,0,15
2022-10-19T19:17:10,15,0,0,15
2022-10-19T19:26:28,15,0,0,15
2022-10-19T19:35:46,15,0,0,15
2022-10-19T19:45:05,15,0,0,15
2022-10-19T19:54:23,15,0,0,15
2022-10-19T20:03:40,15,0,0,15
2022-10-19T20:12:58,15,0,0,15
2022-10-19T20:22:16,15,0,0,15
2022-10-19T20:31:34,15,0,0,15
2022-10-19T20:41:01,15,0,0,15
2022-10-19T20:50:19,15,0,0,15
2022-10-19T20:59:36,15,0,0,15
2022-10-19T21:08:54,15,0,0,15
2022-10-19T21:18:12,15,0,0,15
2022-10-19T21:27:30,15,0,0,15
2022-10-19T21:36:48,15,0,0,15
2022-10-19T21:46:06,15,0,0,15
2022-10-19T21:55:24,15,0,0,15
2022-10-19T22:04:41,15,0,0,15
2022-10-19T22:14:00,15,0,0,15
2022-10-19T22:23:18,15,0,0,15
2022-10-19T22:32:35,15,0,0,15
2022-10-19T22:41:53,15,0,0,15
2022-10-19T22:51:09,15,0,0,15
2022-10-19T23:00:25,15,0,0,15
2022-10-19T23:09:43,15,0,0,15
2022-10-19T23:18:59,15,0,0,15
2022-10-19T23:28:16,15,0,0,15
2022-10-19T23:37:33,15,0,0,15
2022-10-19T23:46:49,15,0,0,15
2022-10-19T23:56:05,15,0,0,15
2022-10-20T00:05:39,15,0,0,15
2022-10-20T00:14:59,15,0,0,15
2022-10-20T00:24:19,15,0,0,15
2022-10-20T00:33:40,15,0,0,15
2022-10-20T00:43:06,15,0,0,15
2022-10-20T00:52:30,15,0,0,15
2022-10-20T01:01:50,15,0,0,15
2022-10-20T01:11:07,15,0,0,15
2022-10-20T01:20:26,15,0,0,15
2022-10-20T01:29:45,15,0,0,15
2022-10-20T01:39:04,15,0,0,15
2022-10-20T01:48:23,15,0,0,15
2022-10-20T01:57:45,15,0,0,15
2022-10-20T02:07:03,15,0,0,15
2022-10-20T02:16:20,15,0,0,15
2022-10-20T02:25:35,15,0,0,15
2022-10-20T02:34:50,15,0,0,15
2022-10-20T02:44:10,15,0,0,15
2022-10-20T02:53:31,15,0,0,15
2022-10-20T03:02:50,15,0,0,15
2022-10-20T03:12:08,15,0,0,15
2022-10-20T03:21:26,15,0,0,15
2022-10-20T03:30:42,15,0,0,15
2022-10-20T03:40:00,15,0,0,15
2022-10-20T03:49:19,15,0,0,15
2022-10-20T03:58:38,15,0,0,15
2022-10-20T04:07:57,15,0,0,15
2022-10-20T04:29:14,15,0,0,15
2022-10-20T04:38:36,15,0,0,15
2022-10-20T04:49:12,15,0,0,15
2022-10-20T04:58:48,15,0,0,15
2022-10-20T05:08:10,15,0,0,15
2022-10-20T05:17:29,15,0,0,15
2022-10-20T05:26:48,15,0,0,15
2022-10-20T05:36:06,15,0,0,15
2022-10-20T05:45:24,15,0,0,15
2022-10-20T05:54:45,15,0,0,15
2022-10-20T06:04:08,15,0,0,15
2022-10-20T06:13:28,15,0,0,15
2022-10-20T06:22:48,15,0,0,15
2022-10-20T06:32:06,15,0,0,15
2022-10-20T06:41:24,15,0,0,15
2022-10-20T06:50:41,15,0,0,15
2022-10-20T06:59:58,15,0,0,15
2022-10-20T07:09:19,15,0,0,15
2022-10-20T07:18:38,15,0,0,15
2022-10-20T07:27:58,15,0,0,15
2022-10-20T07:37:18,15,0,0,15
2022-10-20T07:46:39,15,0,0,15
2022-10-20T07:56:08,15,0,0,15
2022-10-20T08:05:27,15,0,0,15
2022-10-20T08:14:47,15,0,0,15
2022-10-20T08:24:07,15,0,0,15
2022-10-20T08:33:26,15,0,0,15
2022-10-20T08:42:45,15,0,0,15
2022-10-20T08:52:05,15,0,0,15
2022-10-20T09:01:33,15,0,0,15
2022-10-20T09:10:53,15,0,0,15
2022-10-20T09:20:13,15,0,0,15
2022-10-20T09:29:33,15,0,0,15
2022-10-20T09:38:52,15,0,0,15
2022-10-20T09:48:11,15,0,0,15
2022-10-20T09:57:31,15,0,0,15
2022-10-20T10:06:50,15,0,0,15
2022-10-20T10:16:09,15,0,0,15
2022-10-20T10:25:31,15,0,0,15
2022-10-20T10:34:51,15,0,0,15
2022-10-20T10:44:10,15,0,0,15
2022-10-20T10:53:30,15,0,0,15
2022-10-20T11:03:00,15,0,0,15
2022-10-20T11:12:20,15,0,0,15
2022-10-20T11:21:40,15,0,0,15
2022-10-20T11:30:59,15,0,0,15
2022-10-20T11:40:19,15,0,0,15
2022-10-20T11:49:38,15,0,0,15
2022-10-20T11:58:57,15,0,0,15
2022-10-20T12:08:17,15,0,0,15
2022-10-20T12:17:36,15,0,0,15
2022-10-20T12:26:57,15,0,0,15
2022-10-20T12:36:17,15,0,0,15
2022-10-20T12:45:36,15,0,0,15
2022-10-20T12:54:55,15,0,0,15
2022-10-20T13:04:14,15,0,0,15
2022-10-20T13:13:46,15,0,0,15
2022-10-20T13:23:05,15,0,0,15
2022-10-20T13:32:25,15,0,0,15
2022-10-20T13:41:45,15,0,0,15
2022-10-20T13:51:03,15,0,0,15
2022-10-20T14:00:23,15,0,0,15
2022-10-20T14:09:43,15,0,0,15
2022-10-20T14:19:02,15,0,0,15
2022-10-20T14:28:21,15,0,0,15
2022-10-20T14:37:40,15,0,0,15
2022-10-20T14:46:59,15,0,0,15
2022-10-20T14:56:18,15,0,0,15
2022-10-20T15:05:38,15,0,0,15
2022-10-20T15:14:57,15,0,0,15
2022-10-20T15:24:17,15,0,0,15
2022-10-20T15:33:36,15,0,0,15
2022-10-20T15:42:55,15,0,0,15
2022-10-20T15:52:14,15,0,0,15
2022-10-20T16:01:33,15,0,0,15
2022-10-20T16:10:52,15,0,0,15
2022-10-20T16:20:12,15,0,0,15
2022-10-20T16:29:33,15,0,0,15
2022-10-20T16:39:02,15,0,0,15
2022-10-20T16:48:21,15,0,0,15
2022-10-20T16:57:40,15,0,0,15
2022-10-20T17:06:58,15,0,0,15
2022-10-20T17:16:18,15,0,0,15
2022-10-20T17:25:37,15,0,0,15
2022-10-20T17:34:54,15,0,0,15
2022-10-20T17:44:13,15,0,0,15
2022-10-20T17:53:31,15,0,0,15
2022-10-20T18:02:49,15,0,0,15
2022-10-20T18:12:08,15,0,0,15
2022-10-20T18:21:26,15,0,0,15
2022-10-20T18:30:44,15,0,0,15
2022-10-20T18:40:02,15,0,0,15
2022-10-20T18:49:19,15,0,0,15
2022-10-20T18:58:37,15,0,0,15
2022-10-20T19:07:54,15,0,0,15
2022-10-20T19:17:12,15,0,0,15
2022-10-20T19:26:42,15,0,0,15
2022-10-20T19:36:00,15,0,0,15
2022-10-20T19:45:19,15,0,0,15
2022-10-20T19:54:37,15,0,0,15
2022-10-20T20:03:55,15,0,0,15
2022-10-20T20:13:13,15,0,0,15
2022-10-20T20:22:33,15,0,0,15
2022-10-20T20:32:00,15,0,0,15
2022-10-20T20:41:24,15,0,0,15
2022-10-20T20:50:53,15,0,0,15
2022-10-20T21:00:21,15,0,0,15
2022-10-20T21:09:54,15,0,0,15
2022-10-20T21:19:24,15,0,0,15
2022-10-20T21:29:08,15,0,0,15
2022-10-20T21:38:43,15,0,0,15
2022-10-20T21:48:15,15,0,0,15
2022-10-20T21:57:44,15,0,0,15
2022-10-20T22:07:12,15,0,0,15
2022-10-20T22:16:35,15,0,0,15
2022-10-20T22:25:53,15,0,0,15
2022-10-20T22:35:21,15,0,0,15
2022-10-20T22:44:48,15,0,0,15
2022-10-20T22:54:14,15,0,0,15
2022-10-20T23:03:42,15,0,0,15
2022-10-20T23:13:10,15,0,0,15
2022-10-20T23:22:39,15,0,0,15
2022-10-20T23:32:16,15,0,0,15
2022-10-20T23:41:45,15,0,0,15
2022-10-20T23:51:11,15,0,0,15
2022-10-21T00:00:37,15,0,0,15
2022-10-21T00:09:59,15,0,0,15
2022-10-21T00:19:23,15,0,0,15
2022-10-21T00:28:44,15,0,0,15
2022-10-21T00:38:02,15,0,0,15
2022-10-21T00:47:23,15,0,0,15
2022-10-21T00:56:43,15,0,0,15
2022-10-21T01:06:02,15,0,0,15
2022-10-21T01:15:22,15,0,0,15
2022-10-21T01:24:41,15,0,0,15
2022-10-21T01:34:01,15,0,0,15
2022-10-21T01:43:21,15,0,0,15
2022-10-21T01:52:40,15,0,0,15
2022-10-21T02:01:58,15,0,0,15
2022-10-21T02:11:18,15,0,0,15
2022-10-21T02:20:48,15,0,0,15
2022-10-21T02:30:09,15,0,0,15
2022-10-21T02:39:30,15,0,0,15
2022-10-21T02:48:47,15,0,0,15
2022-10-21T02:58:06,15,0,0,15
2022-10-21T03:07:22,15,0,0,15
2022-10-21T03:16:39,15,0,0,15
2022-10-21T03:25:56,15,0,0,15
2022-10-21T03:35:15,15,0,0,15
2022-10-21T03:44:36,15,0,0,15
2022-10-21T03:53:56,15,0,0,15
2022-10-21T04:03:15,15,0,0,15
2022-10-21T04:12:34,15,0,0,15
2022-10-21T04:27:26,15,0,0,15
2022-10-21T04:37:59,15,0,0,15
2022-10-21T04:47:35,15,0,0,15
2022-10-21T04:56:55,15,0,0,15
2022-10-21T05:06:15,15,0,0,15
2022-10-21T05:15:34,15,0,0,15
2022-10-21T05:24:51,15,0,0,15
2022-10-21T05:34:08,15,0,0,15
2022-10-21T05:43:25,15,0,0,15
2022-10-21T05:52:43,15,0,0,15
2022-10-21T06:02:05,15,0,0,15
2022-10-21T06:11:26,15,0,0,15
2022-10-21T06:20:46,15,0,0,15
2022-10-21T06:30:04,15,0,0,15
2022-10-21T06:39:22,15,0,0,15
2022-10-21T06:48:39,15,0,0,15
2022-10-21T06:57:56,15,0,0,15
2022-10-21T07:07:17,15,0,0,15
2022-10-21T07:16:38,15,0,0,15
2022-10-21T07:25:56,15,0,0,15
2022-10-21T07:35:15,15,0,0,15
2022-10-21T07:44:34,15,0,0,15
2022-10-21T07:53:53,15,0,0,15
2022-10-21T08:03:12,15,0,0,15
2022-10-21T08:12:48,15,0,0,15
2022-10-21T08:22:11,15,0,0,15
2022-10-21T08:31:31,15,0,0,15
2022-10-21T08:40:51,15,0,0,15
2022-10-21T08:50:11,15,0,0,15
2022-10-21T08:59:31,15,0,0,15
2022-10-21T09:08:51,15,0,0,15
2022-10-21T09:18:11,15,0,0,15
2022-10-21T09:27:41,15,0,0,15
2022-10-21T09:37:01,15,0,0,15
2022-10-21T09:46:21,15,0,0,15
2022-10-21T09:55:40,15,0,0,15
2022-10-21T10:05:00,15,0,0,15
2022-10-21T10:14:20,15,0,0,15
2022-10-21T10:23:40,15,0,0,15
2022-10-21T10:33:00,15,0,0,15
2022-10-21T10:42:19,15,0,0,15
2022-10-21T10:51:39,15,0,0,15
2022-10-21T11:00:59,15,0,0,15
2022-10-21T11:10:19,15,0,0,15
2022-10-21T11:19:39,15,0,0,15
2022-10-21T11:28:59,15,0,0,15
2022-10-21T11:38:18,15,0,0,15
2022-10-21T11:47:37,15,0,0,15
2022-10-21T11:56:57,15,0,0,15
2022-10-21T12:06:17,15,0,0,15
2022-10-21T12:15:37,15,0,0,15
2022-10-21T12:29:56,15,0,0,15
2022-10-21T12:39:15,15,0,0,15
2022-10-21T12:48:36,15,0,0,15
2022-10-21T12:57:55,15,0,0,15
2022-10-21T13:07:15,15,0,0,15
2022-10-21T13:16:35,15,0,0,15
2022-10-21T13:25:53,15,0,0,15
2022-10-21T13:35:13,15,0,0,15
2022-10-21T13:44:32,15,0,0,15
2022-10-21T13:53:51,15,0,0,15
2022-10-21T14:03:14,15,0,0,15
2022-10-21T14:12:45,15,0,0,15
2022-10-21T14:22:06,15,0,0,15
2022-10-21T14:31:43,15,0,0,15
2022-10-21T14:41:04,15,0,0,15
2022-10-21T14:50:24,15,0,0,15
2022-10-21T14:59:43,15,0,0,15
2022-10-21T15:09:03,15,0,0,15
2022-10-21T15:18:22,15,0,0,15
2022-10-21T15:27:41,15,0,0,15
2022-10-21T15:37:00,15,0,0,15
2022-10-21T15:46:19,15,0,0,15
2022-10-21T15:55:38,15,0,0,15
2022-10-21T16:04:57,15,0,0,15
2022-10-21T16:14:17,15,0,0,15
2022-10-21T16:23:36,15,0,0,15
2022-10-21T16:32:55,15,0,0,15
2022-10-21T16:42:25,15,0,0,15
2022-10-21T16:51:43,15,0,0,15
2022-10-21T17:01:03,15,0,0,15
2022-10-21T17:10:23,15,0,0,15
2022-10-21T17:19:42,15,0,0,15
2022-10-21T17:29:03,15,0,0,15
2022-10-21T17:38:22,15,0,0,15
2022-10-21T17:47:41,15,0,0,15
2022-10-21T17:57:00,15,0,0,15
2022-10-21T18:06:20,15,0,0,15
2022-10-21T18:15:39,15,0,0,15
2022-10-21T18:24:58,15,0,0,15
2022-10-21T18:34:17,15,0,0,15
2022-10-21T18:43:36,15,0,0,15
2022-10-21T18:52:53,15,0,0,15
2022-10-21T19:02:11,15,0,0,15
2022-10-21T19:11:29,15,0,0,15
2022-10-21T19:20:47,15,0,0,15
2022-10-21T19:30:05,15,0,0,15
2022-10-21T19:39:23,15,0,0,15
2022-10-21T19:48:41,15,0,0,15
2022-10-21T19:58:09,15,0,0,15
2022-10-21T20:07:27,15,0,0,15
2022-10-21T20:16:45,15,0,0,15
2022-10-21T20:26:03,15,0,0,15
2022-10-21T20:35:21,15,0,0,15
2022-10-21T20:44:38,15,0,0,15
2022-10-21T20:53:56,15,0,0,15
2022-10-21T21:03:14,15,0,0,15
2022-10-21T21:12:31,15,0,0,15
2022-10-21T21:21:49,15,0,0,15
2022-10-21T21:31:07,15,0,0,15
2022-10-21T21:40:25,15,0,0,15
2022-10-21T21:49:42,15,0,0,15
2022-10-21T21:59:00,15,0,0,15
2022-10-21T22:08:18,15,0,0,15
2022-10-21T22:17:36,15,0,0,15
2022-10-21T22:26:53,15,0,0,15
2022-10-21T22:36:11,15,0,0,15
2022-10-21T22:45:40,15,0,0,15
2022-10-21T22:54:58,15,0,0,15
2022-10-21T23:04:17,15,0,0,15
2022-10-21T23:13:36,15,0,0,15
2022-10-21T23:22:55,15,0,0,15
2022-10-21T23:32:13,15,0,0,15
2022-10-21T23:41:30,15,0,0,15
2022-10-21T23:50:47,15,0,0,15
2022-10-22T00:00:05,15,0,0,15
2022-10-22T00:09:24,15,0,0,15
2022-10-22T00:18:45,15,0,0,15
2022-10-22T00:28:05,15,0,0,15
2022-10-22T00:37:26,15,0,0,15
2022-10-22T00:46:48,15,0,0,15
2022-10-22T00:56:08,15,0,0,15
2022-10-22T01:05:37,15,0,0,15
2022-10-22T01:14:56,15,0,0,15
2022-10-22T01:24:14,15,0,0,15
2022-10-22T01:33:37,15,0,0,15
2022-10-22T01:42:57,15,0,0,15
2022-10-22T01:52:16,15,0,0,15
2022-10-22T02:01:32,15,0,0,15
2022-10-22T02:10:49,15,0,0,15
2022-10-22T02:20:04,15,0,0,15
2022-10-22T02:29:20,15,0,0,15
2022-10-22T02:38:35,15,0,0,15
2022-10-22T02:47:51,15,0,0,15
2022-10-22T02:57:08,15,0,0,15
2022-10-22T03:06:23,15,0,0,15
2022-10-22T03:15:39,15,0,0,15
2022-10-22T03:24:54,15,0,0,15
2022-10-22T03:34:10,15,0,0,15
2022-10-22T03:43:38,15,0,0,15
2022-10-22T03:52:56,15,0,0,15
2022-10-22T04:02:15,15,0,0,15
2022-10-22T04:19:43,15,0,0,15
2022-10-22T04:30:18,15,0,0,15
2022-10-22T04:39:54,15,0,0,15
2022-10-22T04:49:11,15,0,0,15
2022-10-22T04:58:27,15,0,0,15
2022-10-22T05:07:44,15,0,0,15
2022-10-22T05:17:04,15,0,0,15
2022-10-22T05:26:41,15,0,0,15
2022-10-22T05:36:01,15,0,0,15
2022-10-22T05:45:21,15,0,0,15
2022-10-22T05:54:41,15,0,0,15
2022-10-22T06:04:03,15,0,0,15
2022-10-22T06:13:26,15,0,0,15
2022-10-22T06:22:46,15,0,0,15
2022-10-22T06:32:06,15,0,0,15
2022-10-22T06:41:27,15,0,0,15
2022-10-22T06:50:48,15,0,0,15
2022-10-22T07:00:08,15,0,0,15
2022-10-22T07:09:40,15,0,0,15
2022-10-22T07:19:02,15,0,0,15
2022-10-22T07:28:22,15,0,0,15
2022-10-22T07:37:43,15,0,0,15
2022-10-22T07:47:05,15,0,0,15
2022-10-22T07:56:28,15,0,0,15
2022-10-22T08:05:50,15,0,0,15
2022-10-22T08:15:13,15,0,0,15
2022-10-22T08:24:34,15,0,0,15
2022-10-22T08:33:54,15,0,0,15
2022-10-22T08:43:12,15,0,0,15
2022-10-22T08:52:33,15,0,0,15
2022-10-22T09:01:52,15,0,0,15
2022-10-22T09:11:11,15,0,0,15
2022-10-22T09:20:39,15,0,0,15
2022-10-22T09:29:59,15,0,0,15
2022-10-22T09:39:18,15,0,0,15
2022-10-22T09:48:38,15,0,0,15
2022-10-22T09:57:57,15,0,0,15
2022-10-22T10:07:16,15,0,0,15
2022-10-22T10:16:35,15,0,0,15
2022-10-22T10:25:55,15,0,0,15
2022-10-22T10:35:13,15,0,0,15
2022-10-22T10:44:30,15,0,0,15
2022-10-22T10:53:47,15,0,0,15
2022-10-22T11:03:11,15,0,0,15
2022-10-22T11:12:28,15,0,0,15
2022-10-22T11:21:54,15,0,0,15
2022-10-22T11:31:11,15,0,0,15
2022-10-22T11:40:28,15,0,0,15
2022-10-22T11:49:46,15,0,0,15
2022-10-22T11:59:03,15,0,0,15
2022-10-22T12:08:21,15,0,0,15
2022-10-22T12:17:39,15,0,0,15
2022-10-22T12:26:56,15,0,0,15
2022-10-22T12:36:14,15,0,0,15
2022-10-22T12:45:31,15,0,0,15
2022-10-22T12:54:50,15,0,0,15
2022-10-22T13:04:08,15,0,0,15
2022-10-22T13:13:25,15,0,0,15
2022-10-22T13:22:42,15,0,0,15
2022-10-22T13:32:13,15,0,0,15
2022-10-22T13:41:30,15,0,0,15
2022-10-22T13:50:47,15,0,0,15
2022-10-22T14:00:04,15,0,0,15
2022-10-22T14:09:22,15,0,0,15
2022-10-22T14:18:39,15,0,0,15
2022-10-22T14:27:57,15,0,0,15
2022-10-22T14:37:14,15,0,0,15
2022-10-22T14:46:30,15,0,0,15
2022-10-22T14:55:48,15,0,0,15
2022-10-22T15:05:05,15,0,0,15
2022-10-22T15:14:22,15,0,0,15
2022-10-22T15:23:39,15,0,0,15
2022-10-22T15:32:57,15,0,0,15
2022-10-22T15:42:15,15,0,0,15
2022-10-22T15:55:07,15,0,0,15
2022-10-22T16:04:24,15,0,0,15
2022-10-22T16:13:41,15,0,0,15
2022-10-22T16:22:58,15,0,0,15
2022-10-22T16:32:16,15,0,0,15
2022-10-22T16:41:33,15,0,0,15
2022-10-22T16:50:50,15,0,0,15
2022-10-22T17:00:17,15,0,0,15
2022-10-22T17:09:35,15,0,0,15
2022-10-22T17:18:53,15,0,0,15
2022-10-22T17:28:10,15,0,0,15
2022-10-22T17:37:27,15,0,0,15
2022-10-22T17:46:45,15,0,0,15
2022-10-22T17:56:02,15,0,0,15
2022-10-22T18:05:19,15,0,0,15
2022-10-22T18:14:36,15,0,0,15
2022-10-22T18:23:54,15,0,0,15
2022-10-22T18:33:12,15,0,0,15
2022-10-22T18:42:29,15,0,0,15
2022-10-22T18:51:47,15,0,0,15
2022-10-22T19:01:04,15,0,0,15
2022-10-22T19:10:22,15,0,0,15
2022-10-22T19:19:39,15,0,0,15
2022-10-22T19:28:56,15,0,0,15
2022-10-22T19:38:23,15,0,0,15
2022-10-22T19:47:40,15,0,0,15
2022-10-22T19:56:57,15,0,0,15
2022-10-22T20:06:14,15,0,0,15
2022-10-22T20:15:32,15,0,0,15
2022-10-22T20:24:48,15,0,0,15
2022-10-22T20:34:05,15,0,0,15
2022-10-22T20:43:22,15,0,0,15
2022-10-22T20:52:38,15,0,0,15
2022-10-22T21:01:53,15,0,0,15
2022-10-22T21:11:09,15,0,0,15
2022-10-22T21:20:25,15,0,0,15
2022-10-22T21:29:40,15,0,0,15
2022-10-22T21:38:56,15,0,0,15
2022-10-22T21:48:11,15,0,0,15
2022-10-22T21:57:27,15,0,0,15
2022-10-22T22:06:42,15,0,0,15
2022-10-22T22:15:58,15,0,0,15
2022-10-22T22:25:23,15,0,0,15
2022-10-22T22:34:39,15,0,0,15
2022-10-22T22:43:54,15,0,0,15
2022-10-22T22:53:09,15,0,0,15
2022-10-22T23:02:25,15,0,0,15
2022-10-22T23:11:41,15,0,0,15
2022-10-22T23:20:59,15,0,0,15
2022-10-22T23:30:15,15,0,0,15
2022-10-22T23:39:30,15,0,0,15
2022-10-22T23:48:45,15,0,0,15
2022-10-22T23:58:01,15,0,0,15
2022-10-23T00:07:17,15,0,0,15
2022-10-23T00:16:35,15,0,0,15
2022-10-23T00:25:52,15,0,0,15
2022-10-23T00:35:09,15,0,0,15
2022-10-23T00:44:25,15,0,0,15
2022-10-23T00:53:41,15,0,0,15
2022-10-23T01:02:57,15,0,0,15
2022-10-23T01:12:21,15,0,0,15
2022-10-23T01:21:36,15,0,0,15
2022-10-23T01:30:51,15,0,0,15
2022-10-23T01:40:07,15,0,0,15
2022-10-23T01:49:22,15,0,0,15
2022-10-23T01:58:37,15,0,0,15
2022-10-23T02:07:52,15,0,0,15
2022-10-23T02:17:07,15,0,0,15
2022-10-23T02:26:23,15,0,0,15
2022-10-23T02:35:45,15,0,0,15
2022-10-23T02:45:08,15,0,0,15
2022-10-23T02:54:28,15,0,0,15
2022-10-23T03:03:48,15,0,0,15
2022-10-23T03:13:08,15,0,0,15
2022-10-23T03:22:31,15,0,0,15
2022-10-23T03:31:51,15,0,0,15
2022-10-23T03:41:11,15,0,0,15
2022-10-23T03:50:30,15,0,0,15
2022-10-23T03:59:49,15,0,0,15
2022-10-23T04:09:09,15,0,0,15
2022-10-23T04:26:39,15,0,0,15
2022-10-23T04:36:18,15,0,0,15
2022-10-23T04:45:38,15,0,0,15
2022-10-23T04:54:57,15,0,0,15
2022-10-23T05:04:16,15,0,0,15
2022-10-23T05:13:36,15,0,0,15
2022-10-23T05:22:54,15,0,0,15
2022-10-23T05:32:11,15,0,0,15
2022-10-23T05:41:30,15,0,0,15
2022-10-23T05:50:49,15,0,0,15
2022-10-23T06:00:09,15,0,0,15
2022-10-23T06:09:29,15,0,0,15
2022-10-23T06:18:49,15,0,0,15
2022-10-23T06:28:08,15,0,0,15
2022-10-23T06:37:25,15,0,0,15
2022-10-23T06:46:41,15,0,0,15
2022-10-23T06:55:58,15,0,0,15
2022-10-23T07:05:16,15,0,0,15
2022-10-23T07:14:34,15,0,0,15
2022-10-23T07:23:51,15,0,0,15
2022-10-23T07:33:10,15,0,0,15
2022-10-23T07:42:29,15,0,0,15
2022-10-23T07:51:48,15,0,0,15
2022-10-23T08:01:07,15,0,0,15
2022-10-23T08:10:25,15,0,0,15
2022-10-23T08:19:45,15,0,0,15
2022-10-23T08:29:04,15,0,0,15
2022-10-23T08:38:23,15,0,0,15
2022-10-23T08:47:45,15,0,0,15
2022-10-23T08:57:04,15,0,0,15
2022-10-23T09:06:20,15,0,0,15
2022-10-23T09:15:37,15,0,0,15
2022-10-23T09:25:03,15,0,0,15
2022-10-23T09:34:20,15,0,0,15
2022-10-23T09:43:38,15,0,0,15
2022-10-23T09:52:55,15,0,0,15
2022-10-23T10:02:13,15,0,0,15
2022-10-23T10:11:31,15,0,0,15
2022-10-23T10:20:48,15,0,0,15
2022-10-23T10:30:05,15,0,0,15
2022-10-23T10:39:22,15,0,0,15
2022-10-23T10:48:39,15,0,0,15
2022-10-23T10:57:56,15,0,0,15
2022-10-23T11:07:14,15,0,0,15
2022-10-23T11:16:32,15,0,0,15
2022-10-23T11:25:49,15,0,0,15
2022-10-23T11:35:06,15,0,0,15
2022-10-23T11:44:23,15,0,0,15
2022-10-23T11:53:40,15,0,0,15
2022-10-23T12:02:58,15,0,0,15
2022-10-23T12:12:15,15,0,0,15
2022-10-23T12:21:32,15,0,0,15
2022-10-23T12:30:59,15,0,0,15
2022-10-23T12:40:16,15,0,0,15
2022-10-23T12:49:33,15,0,0,15
2022-10-23T12:58:51,15,0,0,15
2022-10-23T13:08:08,15,0,0,15
2022-10-23T13:17:26,15,0,0,15
2022-10-23T13:26:43,15,0,0,15
2022-10-23T13:36:01,15,0,0,15
2022-10-23T13:45:18,15,0,0,15
2022-10-23T13:54:36,15,0,0,15
2022-10-23T14:03:53,15,0,0,15
2022-10-23T14:13:10,15,0,0,15
2022-10-23T14:22:28,15,0,0,15
2022-10-23T14:31:46,15,0,0,15
2022-10-23T14:41:03,15,0,0,15
2022-10-23T14:50:21,15,0,0,15
2022-10-23T14:59:49,15,0,0,15
2022-10-23T15:09:07,15,0,0,15
2022-10-23T15:18:25,15,0,0,15
2022-10-23T15:27:42,15,0,0,15
2022-10-23T15:36:59,15,0,0,15
2022-10-23T15:46:17,15,0,0,15
2022-10-23T15:55:35,15,0,0,15
2022-10-23T16:04:53,15,0,0,15
2022-10-23T16:14:11,15,0,0,15
2022-10-23T16:23:28,15,0,0,15
2022-10-23T16:32:47,15,0,0,15
2022-10-23T16:42:05,15,0,0,15
2022-10-23T16:51:22,15,0,0,15
2022-10-23T17:00:41,15,0,0,15
2022-10-23T17:09:58,15,0,0,15
2022-10-23T17:19:17,15,0,0,15
2022-10-23T17:28:34,15,0,0,15
2022-10-23T17:37:51,15,0,0,15
2022-10-23T17:47:19,15,0,0,15
2022-10-23T17:56:36,15,0,0,15
2022-10-23T18:05:55,15,0,0,15
2022-10-23T18:15:12,15,0,0,15
2022-10-23T18:24:30,15,0,0,15
2022-10-23T18:33:47,15,0,0,15
2022-10-23T18:43:04,15,0,0,15
2022-10-23T18:52:22,15,0,0,15
2022-10-23T19:01:40,15,0,0,15
2022-10-23T19:10:57,15,0,0,15
2022-10-23T19:20:15,15,0,0,15
2022-10-23T19:29:33,15,0,0,15
2022-10-23T19:38:50,15,0,0,15
2022-10-23T19:48:07,15,0,0,15
2022-10-23T19:57:24,15,0,0,15
2022-10-23T20:06:41,15,0,0,15
2022-10-23T20:15:59,15,0,0,15
2022-10-23T20:25:16,15,0,0,15
2022-10-23T20:34:33,15,0,0,15
2022-10-23T20:43:51,15,0,0,15
2022-10-23T20:53:08,15,0,0,15
2022-10-23T21:02:34,15,0,0,15
2022-10-23T21:11:50,15,0,0,15
2022-10-23T21:21:07,15,0,0,15
2022-10-23T21:30:23,15,0,0,15
2022-10-23T21:39:39,15,0,0,15
2022-10-23T21:48:55,15,0,0,15
2022-10-23T21:58:11,15,0,0,15
2022-10-23T22:07:27,15,0,0,15
2022-10-23T22:16:44,15,0,0,15
2022-10-23T22:26:00,15,0,0,15
2022-10-23T22:35:16,15,0,0,15
2022-10-23T22:44:32,15,0,0,15
2022-10-23T22:53:48,15,0,0,15
2022-10-23T23:03:04,15,0,0,15
2022-10-23T23:12:22,15,0,0,15
2022-10-23T23:21:39,15,0,0,15
2022-10-23T23:30:56,15,0,0,15
2022-10-23T23:40:12,15,0,0,15
2022-10-23T23:49:28,15,0,0,15
2022-10-23T23:58:53,15,0,0,15
2022-10-24T00:08:10,15,0,0,15
2022-10-24T00:17:29,15,0,0,15
2022-10-24T00:26:49,15,0,0,15
2022-10-24T00:36:07,15,0,0,15
2022-10-24T00:45:24,15,0,0,15
2022-10-24T00:54:41,15,0,0,15
2022-10-24T01:03:58,15,0,0,15
2022-10-24T01:13:19,15,0,0,15
2022-10-24T01:22:41,15,0,0,15
2022-10-24T01:32:01,15,0,0,15
2022-10-24T01:41:21,15,0,0,15
2022-10-24T01:50:40,15,0,0,15
2022-10-24T01:59:59,15,0,0,15
2022-10-24T02:09:18,15,0,0,15
2022-10-24T02:18:36,15,0,0,15
2022-10-24T02:27:54,15,0,0,15
2022-10-24T02:37:12,15,0,0,15
2022-10-24T02:46:28,15,0,0,15
2022-10-24T02:55:47,15,0,0,15
2022-10-24T03:05:03,15,0,0,15
2022-10-24T03:14:30,15,0,0,15
2022-10-24T03:23:48,15,0,0,15
2022-10-24T03:33:05,15,0,0,15
2022-10-24T03:42:24,15,0,0,15
2022-10-24T03:51:44,15,0,0,15
2022-10-24T04:01:02,15,0,0,15
2022-10-24T04:10:21,15,0,0,15
2022-10-24T04:29:19,15,0,0,15
2022-10-24T04:39:48,15,0,0,15
2022-10-24T04:49:25,15,0,0,15
2022-10-24T04:58:45,15,0,0,15
2022-10-24T05:08:03,15,0,0,15
2022-10-24T05:17:21,15,0,0,15
2022-10-24T05:26:37,15,0,0,15
2022-10-24T05:35:54,15,0,0,15
2022-10-24T05:45:11,15,0,0,15
2022-10-24T05:54:31,15,0,0,15
2022-10-24T06:03:54,15,0,0,15
2022-10-24T06:13:15,15,0,0,15
2022-10-24T06:22:35,15,0,0,15
2022-10-24T06:31:54,15,0,0,15
2022-10-24T06:41:13,15,0,0,15
2022-10-24T06:50:31,15,0,0,15
2022-10-24T06:59:48,15,0,0,15
2022-10-24T07:09:08,15,0,0,15
2022-10-24T07:18:27,15,0,0,15
2022-10-24T07:27:46,15,0,0,15
2022-10-24T07:37:06,15,0,0,15
2022-10-24T07:46:25,15,0,0,15
2022-10-24T07:55:44,15,0,0,15
2022-10-24T08:05:03,15,0,0,15
2022-10-24T08:14:22,15,0,0,15
2022-10-24T08:23:51,15,0,0,15
2022-10-24T08:33:10,15,0,0,15
2022-10-24T08:42:29,15,0,0,15
2022-10-24T08:51:47,15,0,0,15
2022-10-24T09:01:08,15,0,0,15
2022-10-24T09:10:33,15,0,0,15
2022-10-24T09:19:53,15,0,0,15
2022-10-24T09:29:13,15,0,0,15
2022-10-24T09:38:32,15,0,0,15
2022-10-24T09:47:52,15,0,0,15
2022-10-24T09:57:11,15,0,0,15
2022-10-24T10:06:31,15,0,0,15
2022-10-24T10:15:51,15,0,0,15
2022-10-24T10:25:10,15,0,0,15
2022-10-24T10:34:29,15,0,0,15
2022-10-24T10:43:58,15,0,0,15
2022-10-24T10:53:18,15,0,0,15
2022-10-24T11:02:38,15,0,0,15
2022-10-24T11:11:57,15,0,0,15
2022-10-24T11:21:16,15,0,0,15
2022-10-24T11:30:35,15,0,0,15
2022-10-24T11:39:57,15,0,0,15
2022-10-24T11:49:16,15,0,0,15
2022-10-24T11:58:34,15,0,0,15
2022-10-24T12:07:54,15,0,0,15
2022-10-24T12:17:14,15,0,0,15
2022-10-24T12:26:34,15,0,0,15
2022-10-24T12:35:53,15,0,0,15
2022-10-24T12:45:13,15,0,0,15
2022-10-24T12:54:32,15,0,0,15
2022-10-24T13:04:11,15,0,0,15
2022-10-24T13:13:31,15,0,0,15
2022-10-24T13:22:52,15,0,0,15
2022-10-24T13:32:11,15,0,0,15
2022-10-24T13:41:31,15,0,0,15
2022-10-24T13:50:51,15,0,0,15
2022-10-24T14:00:12,15,0,0,15
2022-10-24T14:09:31,15,0,0,15
2022-10-24T14:18:51,15,0,0,15
2022-10-24T14:28:10,15,0,0,15
2022-10-24T14:37:33,15,0,0,15
2022-10-24T14:46:52,15,0,0,15
2022-10-24T14:56:11,15,0,0,15
2022-10-24T15:05:31,15,0,0,15
2022-10-24T15:14:49,15,0,0,15
2022-10-24T15:24:08,15,0,0,15
2022-10-24T15:33:27,15,0,0,15
2022-10-24T15:42:46,15,0,0,15
2022-10-24T15:52:04,15,0,0,15
2022-10-24T16:01:35,15,0,0,15
2022-10-24T16:10:54,15,0,0,15
2022-10-24T16:20:13,15,0,0,15
2022-10-24T16:29:32,15,0,0,15
2022-10-24T16:38:50,15,0,0,15
2022-10-24T16:48:08,15,0,0,15
2022-10-24T16:57:26,15,0,0,15
2022-10-24T17:06:45,15,0,0,15
2022-10-24T17:16:04,15,0,0,15
2022-10-24T17:25:22,15,0,0,15
2022-10-24T17:34:40,15,0,0,15
2022-10-24T17:44:17,15,0,0,15
2022-10-24T17:53:35,15,0,0,15
2022-10-24T18:02:54,15,0,0,15
2022-10-24T18:12:12,15,0,0,15
2022-10-24T18:21:30,15,0,0,15
2022-10-24T18:30:48,15,0,0,15
2022-10-24T18:40:06,15,0,0,15
2022-10-24T18:49:24,15,0,0,15
2022-10-24T18:58:41,15,0,0,15
2022-10-24T19:07:59,15,0,0,15
2022-10-24T19:17:17,15,0,0,15
2022-10-24T19:26:34,15,0,0,15
2022-10-24T19:35:51,15,0,0,15
2022-10-24T19:45:10,15,0,0,15
2022-10-24T19:54:27,15,0,0,15
2022-10-24T20:03:45,15,0,0,15
2022-10-24T20:13:03,15,0,0,15
2022-10-24T20:22:20,15,0,0,15
2022-10-24T20:31:38,15,0,0,15
2022-10-24T20:41:06,15,0,0,15
2022-10-24T20:50:23,15,0,0,15
2022-10-24T20:59:41,15,0,0,15
2022-10-24T21:09:00,15,0,0,15
2022-10-24T21:18:18,15,0,0,15
2022-10-24T21:27:36,15,0,0,15
2022-10-24T21:36:54,15,0,0,15
2022-10-24T21:46:11,15,0,0,15
2022-10-24T21:55:29,15,0,0,15
2022-10-24T22:04:47,15,0,0,15
2022-10-24T22:14:05,15,0,0,15
2022-10-24T22:23:22,15,0,0,15
2022-10-24T22:32:40,15,0,0,15
2022-10-24T22:41:58,15,0,0,15
2022-10-24T22:51:15,15,0,0,15
2022-10-24T23:00:51,15,0,0,15
2022-10-24T23:10:10,15,0,0,15
2022-10-24T23:19:27,15,0,0,15
2022-10-24T23:28:45,15,0,0,15
2022-10-24T23:38:02,15,0,0,15
2022-10-24T23:47:20,15,0,0,15
2022-10-24T23:56:38,15,0,0,15
2022-10-25T00:05:56,15,0,0,15
2022-10-25T00:15:17,15,0,0,15
2022-10-25T00:24:39,15,0,0,15
2022-10-25T00:33:58,15,0,0,15
2022-10-25T00:43:20,15,0,0,15
2022-10-25T00:52:40,15,0,0,15
2022-10-25T01:02:00,15,0,0,15
2022-10-25T01:11:19,15,0,0,15
2022-10-25T01:20:37,15,0,0,15
2022-10-25T01:29:57,15,0,0,15
2022-10-25T01:39:16,15,0,0,15
2022-10-25T01:48:33,15,0,0,15
2022-10-25T01:57:50,15,0,0,15
2022-10-25T02:07:09,15,0,0,15
2022-10-25T02:16:26,15,0,0,15
2022-10-25T02:25:41,15,0,0,15
2022-10-25T02:34:57,15,0,0,15
2022-10-25T02:44:12,15,0,0,15
2022-10-25T02:53:33,15,0,0,15
2022-10-25T03:03:02,15,0,0,15
2022-10-25T03:12:20,15,0,0,15
2022-10-25T03:21:38,15,0,0,15
2022-10-25T03:30:55,15,0,0,15
2022-10-25T03:40:12,15,0,0,15
2022-10-25T03:49:31,15,0,0,15
2022-10-25T03:58:50,15,0,0,15
2022-10-25T04:20:25,15,0,0,15
2022-10-25T04:29:45,15,0,0,15
2022-10-25T04:40:20,15,0,0,15
2022-10-25T04:49:57,15,0,0,15
2022-10-25T04:59:17,15,0,0,15
2022-10-25T05:08:36,15,0,0,15
2022-10-25T05:17:56,15,0,0,15
2022-10-25T05:27:14,15,0,0,15
2022-10-25T05:36:33,15,0,0,15
2022-10-25T05:45:51,15,0,0,15
2022-10-25T05:55:11,15,0,0,15
2022-10-25T06:04:31,15,0,0,15
2022-10-25T06:13:50,15,0,0,15
2022-10-25T06:23:10,15,0,0,15
2022-10-25T06:32:28,15,0,0,15
2022-10-25T06:41:45,15,0,0,15
2022-10-25T06:51:02,15,0,0,15
2022-10-25T07:00:19,15,0,0,15
2022-10-25T07:09:38,15,0,0,15
2022-10-25T07:18:57,15,0,0,15
2022-10-25T07:28:16,15,0,0,15
2022-10-25T07:37:36,15,0,0,15
2022-10-25T07:46:55,15,0,0,15
2022-10-25T07:56:14,15,0,0,15
2022-10-25T08:05:33,15,0,0,15
2022-10-25T08:14:52,15,0,0,15
2022-10-25T08:24:11,15,0,0,15
2022-10-25T08:33:30,15,0,0,15
2022-10-25T08:42:48,15,0,0,15
2022-10-25T08:52:06,15,0,0,15
2022-10-25T09:01:26,15,0,0,15
2022-10-25T09:10:54,15,0,0,15
2022-10-25T09:20:14,15,0,0,15
2022-10-25T09:29:33,15,0,0,15
2022-10-25T09:38:52,15,0,0,15
2022-10-25T09:48:10,15,0,0,15
2022-10-25T09:57:29,15,0,0,15
2022-10-25T10:06:48,15,0,0,15
2022-10-25T10:16:07,15,0,0,15
2022-10-25T10:25:26,15,0,0,15
2022-10-25T10:34:45,15,0,0,15
2022-10-25T10:44:04,15,0,0,15
2022-10-25T10:53:23,15,0,0,15
2022-10-25T11:02:43,15,0,0,15
2022-10-25T11:12:02,15,0,0,15
2022-10-25T11:21:32,15,0,0,15
2022-10-25T11:30:53,15,0,0,15
2022-10-25T11:40:13,15,0,0,15
2022-10-25T11:49:32,15,0,0,15
2022-10-25T11:58:51,15,0,0,15
2022-10-25T12:08:10,15,0,0,15
2022-10-25T12:17:28,15,0,0,15
2022-10-25T12:26:46,15,0,0,15
2022-10-25T12:36:06,15,0,0,15
2022-10-25T12:45:25,15,0,0,15
2022-10-25T12:54:45,15,0,0,15
2022-10-25T13:04:05,15,0,0,15
2022-10-25T13:13:24,15,0,0,15
2022-10-25T13:22:42,15,0,0,15
2022-10-25T13:32:12,15,0,0,15
2022-10-25T13:41:31,15,0,0,15
2022-10-25T13:50:50,15,0,0,15
2022-10-25T14:00:10,15,0,0,15
2022-10-25T14:09:30,15,0,0,15
2022-10-25T14:18:49,15,0,0,15
2022-10-25T14:28:08,15,0,0,15
2022-10-25T14:37:27,15,0,0,15
2022-10-25T14:46:46,15,0,0,15
2022-10-25T14:56:06,15,0,0,15
2022-10-25T15:05:24,15,0,0,15
2022-10-25T15:14:44,15,0,0,15
2022-10-25T15:24:04,15,0,0,15
2022-10-25T15:33:33,15,0,0,15
2022-10-25T15:42:52,15,0,0,15
2022-10-25T15:52:10,15,0,0,15
2022-10-25T16:01:29,15,0,0,15
2022-10-25T16:10:48,15,0,0,15
2022-10-25T16:20:06,15,0,0,15
2022-10-25T16:29:25,15,0,0,15
2022-10-25T16:38:43,15,0,0,15
2022-10-25T16:48:01,15,0,0,15
2022-10-25T16:57:20,15,0,0,15
2022-10-25T17:06:39,15,0,0,15
2022-10-25T17:15:58,15,0,0,15
2022-10-25T17:25:16,15,0,0,15
2022-10-25T17:34:34,15,0,0,15
2022-10-25T17:44:03,15,0,0,15
2022-10-25T17:53:22,15,0,0,15
2022-10-25T18:02:41,15,0,0,15
2022-10-25T18:12:00,15,0,0,15
2022-10-25T18:21:18,15,0,0,15
2022-10-25T18:30:36,15,0,0,15
2022-10-25T18:39:54,15,0,0,15
2022-10-25T18:49:12,15,0,0,15
2022-10-25T18:58:29,15,0,0,15
2022-10-25T19:07:48,15,0,0,15
2022-10-25T19:17:06,15,0,0,15
2022-10-25T19:26:25,15,0,0,15
2022-10-25T19:35:43,15,0,0,15
2022-10-25T19:45:01,15,0,0,15
2022-10-25T19:54:19,15,0,0,15
2022-10-25T20:03:49,15,0,0,15
2022-10-25T20:13:07,15,0,0,15
2022-10-25T20:22:23,15,0,0,15
2022-10-25T20:31:39,15,0,0,15
2022-10-25T20:40:55,15,0,0,15
2022-10-25T20:50:11,15,0,0,15
2022-10-25T20:59:27,15,0,0,15
2022-10-25T21:08:44,15,0,0,15
2022-10-25T21:18:01,15,0,0,15
2022-10-25T21:27:17,15,0,0,15
2022-10-25T21:36:33,15,0,0,15
2022-10-25T21:45:49,15,0,0,15
2022-10-25T21:55:05,15,0,0,15
2022-10-25T22:04:22,15,0,0,15
2022-10-25T22:13:39,15,0,0,15
2022-10-25T22:22:55,15,0,0,15
2022-10-25T22:32:12,15,0,0,15
2022-10-25T22:41:39,15,0,0,15
2022-10-25T22:50:55,15,0,0,15
2022-10-25T23:00:11,15,0,0,15
2022-10-25T23:09:29,15,0,0,15
2022-10-25T23:18:45,15,0,0,15
2022-10-25T23:28:02,15,0,0,15
2022-10-25T23:37:18,15,0,0,15
2022-10-25T23:46:34,15,0,0,15
2022-10-25T23:55:49,15,0,0,15
2022-10-26T00:05:06,15,0,0,15
2022-10-26T00:14:24,15,0,0,15
2022-10-26T00:23:42,15,0,0,15
2022-10-26T00:32:59,15,0,0,15
2022-10-26T00:42:18,15,0,0,15
2022-10-26T00:51:38,15,0,0,15
2022-10-26T01:00:57,15,0,0,15
2022-10-26T01:10:17,15,0,0,15
2022-10-26T01:19:37,15,0,0,15
2022-10-26T01:29:06,15,0,0,15
2022-10-26T01:38:26,15,0,0,15
2022-10-26T01:47:43,15,0,0,15
2022-10-26T01:57:03,15,0,0,15
2022-10-26T02:06:20,15,0,0,15
2022-10-26T02:15:37,15,0,0,15
2022-10-26T02:24:57,15,0,0,15
2022-10-26T02:34:17,15,0,0,15
2022-10-26T02:43:35,15,0,0,15
2022-10-26T02:52:54,15,0,0,15
2022-10-26T03:02:12,15,0,0,15
2022-10-26T03:11:28,15,0,0,15
2022-10-26T03:20:45,15,0,0,15
2022-10-26T03:30:02,15,0,0,15
2022-10-26T03:39:20,15,0,0,15
2022-10-26T03:48:40,15,0,0,15
2022-10-26T03:57:59,15,0,0,15
2022-10-26T04:07:18,15,0,0,15
2022-10-26T04:16:37,15,0,0,15
2022-10-26T04:35:36,15,0,0,15
2022-10-26T04:45:15,15,0,0,15
2022-10-26T04:54:35,15,0,0,15
2022-10-26T05:03:55,15,0,0,15
2022-10-26T05:13:15,15,0,0,15
2022-10-26T05:22:32,15,0,0,15
2022-10-26T05:31:47,15,0,0,15
2022-10-26T05:41:05,15,0,0,15
2022-10-26T05:50:21,15,0,0,15
2022-10-26T05:59:40,15,0,0,15
2022-10-26T06:09:00,15,0,0,15
2022-10-26T06:18:19,15,0,0,15
2022-10-26T06:27:37,15,0,0,15
2022-10-26T06:36:54,15,0,0,15
2022-10-26T06:46:11,15,0,0,15
2022-10-26T06:55:28,15,0,0,15
2022-10-26T07:04:46,15,0,0,15
2022-10-26T07:14:06,15,0,0,15
2022-10-26T07:23:24,15,0,0,15
2022-10-26T07:32:43,15,0,0,15
2022-10-26T07:42:02,15,0,0,15
2022-10-26T07:51:31,15,0,0,15
2022-10-26T08:00:49,15,0,0,15
2022-10-26T08:10:09,15,0,0,15
2022-10-26T08:19:29,15,0,0,15
2022-10-26T08:28:50,15,0,0,15
2022-10-26T08:38:09,15,0,0,15
2022-10-26T08:47:32,15,0,0,15
2022-10-26T08:56:58,15,0,0,15
2022-10-26T09:06:25,15,0,0,15
2022-10-26T09:15:51,15,0,0,15
2022-10-26T09:25:17,15,0,0,15
2022-10-26T09:34:43,15,0,0,15
2022-10-26T09:44:08,15,0,0,15
2022-10-26T09:54:00,15,0,0,15
2022-10-26T10:03:28,15,0,0,15
2022-10-26T10:12:54,15,0,0,15
2022-10-26T10:22:17,15,0,0,15
2022-10-26T10:31:40,15,0,0,15
2022-10-26T10:41:03,15,0,0,15
2022-10-26T10:50:22,15,0,0,15
2022-10-26T10:59:42,15,0,0,15
2022-10-26T11:09:02,15,0,0,15
2022-10-26T11:18:22,15,0,0,15
2022-10-26T11:27:53,15,0,0,15
2022-10-26T11:37:13,15,0,0,15
2022-10-26T11:46:34,15,0,0,15
2022-10-26T11:55:54,15,0,0,15
2022-10-26T12:05:14,15,0,0,15
2022-10-26T12:14:34,15,0,0,15
2022-10-26T12:23:53,15,0,0,15
2022-10-26T12:33:12,15,0,0,15
2022-10-26T12:42:31,15,0,0,15
2022-10-26T12:51:50,15,0,0,15
2022-10-26T13:01:10,15,0,0,15
2022-10-26T13:10:29,15,0,0,15
2022-10-26T13:19:48,15,0,0,15
2022-10-26T13:29:20,15,0,0,15
2022-10-26T13:38:39,15,0,0,15
2022-10-26T13:47:58,15,0,0,15
2022-10-26T13:57:20,15,0,0,15
2022-10-26T14:06:42,15,0,0,15
2022-10-26T14:16:02,15,0,0,15
2022-10-26T14:25:24,15,0,0,15
2022-10-26T14:34:44,15,0,0,15
2022-10-26T14:44:04,15,0,0,15
2022-10-26T14:53:24,15,0,0,15
2022-10-26T15:02:43,15,0,0,15
2022-10-26T15:12:04,15,0,0,15
2022-10-26T15:21:23,15,0,0,15
2022-10-26T15:30:43,15,0,0,15
2022-10-26T15:40:02,15,0,0,15
2022-10-26T15:49:21,15,0,0,15
2022-10-26T15:58:51,15,0,0,15
2022-10-26T16:08:10,15,0,0,15
2022-10-26T16:17:29,15,0,0,15
2022-10-26T16:26:48,15,0,0,15
2022-10-26T16:36:06,15,0,0,15
2022-10-26T16:45:25,15,0,0,15
2022-10-26T16:54:44,15,0,0,15
2022-10-26T17:04:03,15,0,0,15
2022-10-26T17:13:22,15,0,0,15
2022-10-26T17:22:40,15,0,0,15
2022-10-26T17:31:58,15,0,0,15
2022-10-26T17:41:16,15,0,0,15
2022-10-26T17:50:34,15,0,0,15
2022-10-26T17:59:54,15,0,0,15
2022-10-26T18:09:24,15,0,0,15
2022-10-26T18:18:43,15,0,0,15
2022-10-26T18:28:01,15,0,0,15
2022-10-26T18:37:19,15,0,0,15
2022-10-26T18:46:37,15,0,0,15
2022-10-26T18:55:55,15,0,0,15
2022-10-26T19:05:13,15,0,0,15
2022-10-26T19:14:31,15,0,0,15
2022-10-26T19:23:49,15,0,0,15
2022-10-26T19:33:06,15,0,0,15
2022-10-26T19:42:25,15,0,0,15
2022-10-26T19:51:43,15,0,0,15
2022-10-26T20:01:01,15,0,0,15
2022-10-26T20:10:29,15,0,0,15
2022-10-26T20:19:46,15,0,0,15
2022-10-26T20:29:02,15,0,0,15
2022-10-26T20:38:19,15,0,0,15
2022-10-26T20:47:35,15,0,0,15
2022-10-26T20:56:51,15,0,0,15
2022-10-26T21:06:07,15,0,0,15
2022-10-26T21:15:23,15,0,0,15
2022-10-26T21:24:41,15,0,0,15
2022-10-26T21:33:58,15,0,0,15
2022-10-26T21:43:14,15,0,0,15
2022-10-26T21:52:30,15,0,0,15
2022-10-26T22:01:46,15,0,0,15
2022-10-26T22:11:03,15,0,0,15
2022-10-26T22:20:19,15,0,0,15
2022-10-26T22:29:36,15,0,0,15
2022-10-26T22:38:53,15,0,0,15
2022-10-26T22:48:19,15,0,0,15
2022-10-26T22:57:35,15,0,0,15
2022-10-26T23:06:52,15,0,0,15
2022-10-26T23:16:08,15,0,0,15
2022-10-26T23:25:25,15,0,0,15
2022-10-26T23:34:41,15,0,0,15
2022-10-26T23:43:57,15,0,0,15
2022-10-26T23:53:13,15,0,0,15
2022-10-27T00:02:29,15,0,0,15
2022-10-27T00:11:46,15,0,0,15
2022-10-27T00:21:07,15,0,0,15
2022-10-27T00:30:34,15,0,0,15
2022-10-27T00:39:53,15,0,0,15
2022-10-27T00:49:13,15,0,0,15
2022-10-27T00:58:32,15,0,0,15
2022-10-27T01:07:50,15,0,0,15
2022-10-27T01:17:10,15,0,0,15
2022-10-27T01:26:27,15,0,0,15
2022-10-27T01:35:44,15,0,0,15
2022-10-27T01:45:01,15,0,0,15
2022-10-27T01:54:18,15,0,0,15
2022-10-27T02:03:35,15,0,0,15
2022-10-27T02:12:52,15,0,0,15
2022-10-27T02:22:08,15,0,0,15
2022-10-27T02:31:23,15,0,0,15
2022-10-27T02:40:38,15,0,0,15
2022-10-27T02:49:55,15,0,0,15
2022-10-27T02:59:14,15,0,0,15
2022-10-27T03:08:31,15,0,0,15
2022-10-27T03:17:47,15,0,0,15
2022-10-27T03:27:14,15,0,0,15
2022-10-27T03:36:34,15,0,0,15
2022-10-27T03:45:54,15,0,0,15
2022-10-27T03:55:14,15,0,0,15
2022-10-27T04:04:34,15,0,0,15
2022-10-27T04:13:52,15,0,0,15
2022-10-27T04:28:33,15,0,0,15
2022-10-27T04:38:16,15,0,0,15
2022-10-27T04:47:37,15,0,0,15
2022-10-27T04:56:57,15,0,0,15
2022-10-27T05:06:16,15,0,0,15
2022-10-27T05:15:35,15,0,0,15
2022-10-27T05:24:55,15,0,0,15
2022-10-27T05:34:14,15,0,0,15
2022-10-27T05:43:33,15,0,0,15
2022-10-27T05:52:52,15,0,0,15
2022-10-27T06:02:13,15,0,0,15
2022-10-27T06:11:35,15,0,0,15
2022-10-27T06:20:55,15,0,0,15
2022-10-27T06:30:16,15,0,0,15
2022-10-27T06:39:36,15,0,0,15
2022-10-27T06:48:53,15,0,0,15
2022-10-27T06:58:11,15,0,0,15
2022-10-27T07:07:30,15,0,0,15
2022-10-27T07:16:49,15,0,0,15
2022-10-27T07:26:07,15,0,0,15
2022-10-27T07:35:27,15,0,0,15
2022-10-27T07:44:46,15,0,0,15
2022-10-27T07:54:07,15,0,0,15
2022-10-27T08:03:27,15,0,0,15
2022-10-27T08:12:46,15,0,0,15
2022-10-27T08:22:13,15,0,0,15
2022-10-27T08:31:32,15,0,0,15
2022-10-27T08:40:50,15,0,0,15
2022-10-27T08:50:09,15,0,0,15
2022-10-27T08:59:28,15,0,0,15
2022-10-27T09:08:48,15,0,0,15
2022-10-27T09:18:24,15,0,0,15
2022-10-27T09:27:44,15,0,0,15
2022-10-27T09:37:03,15,0,0,15
2022-10-27T09:46:23,15,0,0,15
2022-10-27T09:55:42,15,0,0,15
2022-10-27T10:05:02,15,0,0,15
2022-10-27T10:14:24,15,0,0,15
2022-10-27T10:23:43,15,0,0,15
2022-10-27T10:33:02,15,0,0,15
2022-10-27T10:42:22,15,0,0,15
2022-10-27T10:51:55,15,0,0,15
2022-10-27T11:01:16,15,0,0,15
2022-10-27T11:10:41,15,0,0,15
2022-10-27T11:20:06,15,0,0,15
2022-10-27T11:29:25,15,0,0,15
2022-10-27T11:38:45,15,0,0,15
2022-10-27T11:48:04,15,0,0,15
2022-10-27T11:57:23,15,0,0,15
2022-10-27T12:06:43,15,0,0,15
2022-10-27T12:16:02,15,0,0,15
2022-10-27T12:25:32,15,0,0,15
2022-10-27T12:34:52,15,0,0,15
2022-10-27T12:44:13,15,0,0,15
2022-10-27T12:53:32,15,0,0,15
2022-10-27T13:02:51,15,0,0,15
2022-10-27T13:12:10,15,0,0,15
2022-10-27T13:21:29,15,0,0,15
2022-10-27T13:30:48,15,0,0,15
2022-10-27T13:40:07,15,0,0,15
2022-10-27T13:49:26,15,0,0,15
2022-10-27T13:58:46,15,0,0,15
2022-10-27T14:08:06,15,0,0,15
2022-10-27T14:17:24,15,0,0,15
2022-10-27T14:26:43,15,0,0,15
2022-10-27T14:36:03,15,0,0,15
2022-10-27T14:45:22,15,0,0,15
2022-10-27T14:54:42,15,0,0,15
2022-10-27T15:04:01,15,0,0,15
2022-10-27T15:13:20,15,0,0,15
2022-10-27T15:22:40,15,0,0,15
2022-10-27T15:31:59,15,0,0,15
2022-10-27T15:41:29,15,0,0,15
2022-10-27T15:50:47,15,0,0,15
2022-10-27T16:00:06,15,0,0,15
2022-10-27T16:09:25,15,0,0,15
2022-10-27T16:18:43,15,0,0,15
2022-10-27T16:28:02,15,0,0,15
2022-10-27T16:37:20,15,0,0,15
2022-10-27T16:46:38,15,0,0,15
2022-10-27T16:55:56,15,0,0,15
2022-10-27T17:05:14,15,0,0,15
2022-10-27T17:14:33,15,0,0,15
2022-10-27T17:24:02,15,0,0,15
2022-10-27T17:33:21,15,0,0,15
2022-10-27T17:42:39,15,0,0,15
2022-10-27T17:51:56,15,0,0,15
2022-10-27T18:01:15,15,0,0,15
2022-10-27T18:10:32,15,0,0,15
2022-10-27T18:19:50,15,0,0,15
2022-10-27T18:29:08,15,0,0,15
2022-10-27T18:38:28,15,0,0,15
2022-10-27T18:47:46,15,0,0,15
2022-10-27T18:57:03,15,0,0,15
2022-10-27T19:06:22,15,0,0,15
2022-10-27T19:15:39,15,0,0,15
2022-10-27T19:24:58,15,0,0,15
2022-10-27T19:34:25,15,0,0,15
2022-10-27T19:43:44,15,0,0,15
2022-10-27T19:53:02,15,0,0,15
2022-10-27T20:02:19,15,0,0,15
2022-10-27T20:11:37,15,0,0,15
2022-10-27T20:20:54,15,0,0,15
2022-10-27T20:30:12,15,0,0,15
2022-10-27T20:39:29,15,0,0,15
2022-10-27T20:48:47,15,0,0,15
2022-10-27T20:58:04,15,0,0,15
2022-10-27T21:07:22,15,0,0,15
2022-10-27T21:16:40,15,0,0,15
2022-10-27T21:25:57,15,0,0,15
2022-10-27T21:35:15,15,0,0,15
2022-10-27T21:44:32,15,0,0,15
2022-10-27T21:54:00,15,0,0,15
2022-10-27T22:03:17,15,0,0,15
2022-10-27T22:12:35,15,0,0,15
2022-10-27T22:21:52,15,0,0,15
2022-10-27T22:31:10,15,0,0,15
2022-10-27T22:40:27,15,0,0,15
2022-10-27T22:49:44,15,0,0,15
2022-10-27T22:59:01,15,0,0,15
2022-10-27T23:08:21,15,0,0,15
2022-10-27T23:17:39,15,0,0,15
2022-10-27T23:26:57,15,0,0,15
2022-10-27T23:36:14,15,0,0,15
2022-10-27T23:45:32,15,0,0,15
2022-10-27T23:54:48,15,0,0,15
2022-10-28T00:04:06,15,0,0,15
2022-10-28T00:13:27,15,0,0,15
2022-10-28T00:22:47,15,0,0,15
2022-10-28T00:32:06,15,0,0,15
2022-10-28T00:41:26,15,0,0,15
2022-10-28T00:50:57,15,0,0,15
2022-10-28T01:00:18,15,0,0,15
2022-10-28T01:09:39,15,0,0,15
2022-10-28T01:19:01,15,0,0,15
2022-10-28T01:28:23,15,0,0,15
2022-10-28T01:37:44,15,0,0,15
2022-10-28T01:47:03,15,0,0,15
2022-10-28T01:56:22,15,0,0,15
2022-10-28T02:05:41,15,0,0,15
2022-10-28T02:15:03,15,0,0,15
2022-10-28T02:24:24,15,0,0,15
2022-10-28T02:33:44,15,0,0,15
2022-10-28T02:43:03,15,0,0,15
2022-10-28T02:52:22,15,0,0,15
2022-10-28T03:01:40,15,0,0,15
2022-10-28T03:10:58,15,0,0,15
2022-10-28T03:20:16,15,0,0,15
2022-10-28T03:29:35,15,0,0,15
2022-10-28T03:38:56,15,0,0,15
2022-10-28T03:48:16,15,0,0,15
2022-10-28T03:57:37,15,0,0,15
2022-10-28T04:09:04,15,0,0,15
2022-10-28T04:38:34,15,0,0,15
2022-10-28T04:47:57,15,0,0,15
2022-10-28T04:57:19,15,0,0,15
2022-10-28T05:06:39,15,0,0,15
2022-10-28T05:15:59,15,0,0,15
2022-10-28T05:25:15,15,0,0,15
2022-10-28T05:34:31,15,0,0,15
2022-10-28T05:43:47,15,0,0,15
2022-10-28T05:53:04,15,0,0,15
2022-10-28T06:02:24,15,0,0,15
2022-10-28T06:11:45,15,0,0,15
2022-10-28T06:21:04,15,0,0,15
2022-10-28T06:30:23,15,0,0,15
2022-10-28T06:39:40,15,0,0,15
2022-10-28T06:48:57,15,0,0,15
2022-10-28T06:58:15,15,0,0,15
2022-10-28T07:07:39,15,0,0,15
2022-10-28T07:16:59,15,0,0,15
2022-10-28T07:26:18,15,0,0,15
2022-10-28T07:35:37,15,0,0,15
2022-10-28T07:44:56,15,0,0,15
2022-10-28T07:54:15,15,0,0,15
2022-10-28T08:03:33,15,0,0,15
2022-10-28T08:12:52,15,0,0,15
2022-10-28T08:22:11,15,0,0,15
2022-10-28T08:31:30,15,0,0,15
2022-10-28T08:40:59,15,0,0,15
2022-10-28T08:50:17,15,0,0,15
2022-10-28T08:59:46,15,0,0,15
2022-10-28T09:09:10,15,0,0,15
2022-10-28T09:18:30,15,0,0,15
2022-10-28T09:27:49,15,0,0,15
2022-10-28T09:37:08,15,0,0,15
2022-10-28T09:46:26,15,0,0,15
2022-10-28T09:55:46,15,0,0,15
2022-10-28T10:05:04,15,0,0,15
2022-10-28T10:14:22,15,0,0,15
2022-10-28T10:23:40,15,0,0,15
2022-10-28T10:32:59,15,0,0,15
2022-10-28T10:42:17,15,0,0,15
2022-10-28T10:51:45,15,0,0,15
2022-10-28T11:01:03,15,0,0,15
2022-10-28T11:10:20,15,0,0,15
2022-10-28T11:19:38,15,0,0,15
2022-10-28T11:28:56,15,0,0,15
2022-10-28T11:38:14,15,0,0,15
2022-10-28T11:47:31,15,0,0,15
2022-10-28T11:56:49,15,0,0,15
2022-10-28T12:06:06,15,0,0,15
2022-10-28T12:15:24,15,0,0,15
2022-10-28T12:24:41,15,0,0,15
2022-10-28T12:33:58,15,0,0,15
2022-10-28T12:43:26,15,0,0,15
2022-10-28T12:52:42,15,0,0,15
2022-10-28T13:01:59,15,0,0,15
2022-10-28T13:11:17,15,0,0,15
2022-10-28T13:20:34,15,0,0,15
2022-10-28T13:29:51,15,0,0,15
2022-10-28T13:39:08,15,0,0,15
2022-10-28T13:48:25,15,0,0,15
2022-10-28T13:57:43,15,0,0,15
2022-10-28T14:07:03,15,0,0,15
2022-10-28T14:16:20,15,0,0,15
2022-10-28T14:25:38,15,0,0,15
2022-10-28T14:35:05,15,0,0,15
2022-10-28T14:44:23,15,0,0,15
2022-10-28T14:53:40,15,0,0,15
2022-10-28T15:02:57,15,0,0,15
2022-10-28T15:12:15,15,0,0,15
2022-10-28T15:21:32,15,0,0,15
2022-10-28T15:30:50,15,0,0,15
2022-10-28T15:40:06,15,0,0,15
2022-10-28T15:49:23,15,0,0,15
2022-10-28T15:58:41,15,0,0,15
2022-10-28T16:07:58,15,0,0,15
2022-10-28T16:17:25,15,0,0,15
2022-10-28T16:26:42,15,0,0,15
2022-10-28T16:35:59,15,0,0,15
2022-10-28T16:45:15,15,0,0,15
2022-10-28T16:54:31,15,0,0,15
2022-10-28T17:03:48,15,0,0,15
2022-10-28T17:13:05,15,0,0,15
2022-10-28T17:22:21,15,0,0,15
2022-10-28T17:31:38,15,0,0,15
2022-10-28T17:40:54,15,0,0,15
2022-10-28T17:50:11,15,0,0,15
2022-10-28T17:59:27,15,0,0,15
2022-10-28T18:08:44,15,0,0,15
2022-10-28T18:18:00,15,0,0,15
2022-10-28T18:27:29,15,0,0,15
2022-10-28T18:36:45,15,0,0,15
2022-10-28T18:46:01,15,0,0,15
2022-10-28T18:55:18,15,0,0,15
2022-10-28T19:04:34,15,0,0,15
2022-10-28T19:14:01,15,0,0,15
2022-10-28T19:23:17,15,0,0,15
2022-10-28T19:32:33,15,0,0,15
2022-10-28T19:41:49,15,0,0,15
2022-10-28T19:51:05,15,0,0,15
2022-10-28T20:00:21,15,0,0,15
2022-10-28T20:09:37,15,0,0,15
2022-10-28T20:18:53,15,0,0,15
2022-10-28T20:28:10,15,0,0,15
2022-10-28T20:37:25,15,0,0,15
2022-10-28T20:46:42,15,0,0,15
2022-10-28T20:55:58,15,0,0,15
2022-10-28T21:05:14,15,0,0,15
2022-10-28T21:14:30,15,0,0,15
2022-10-28T21:23:46,15,0,0,15
2022-10-28T21:33:02,15,0,0,15
2022-10-28T21:42:18,15,0,0,15
2022-10-28T21:51:33,15,0,0,15
2022-10-28T22:00:49,15,0,0,15
2022-10-28T22:10:05,15,0,0,15
2022-10-28T22:19:31,15,0,0,15
2022-10-28T22:28:50,15,0,0,15
2022-10-28T22:38:06,15,0,0,15
2022-10-28T22:47:22,15,0,0,15
2022-10-28T22:56:37,15,0,0,15
2022-10-28T23:05:54,15,0,0,15
2022-10-28T23:15:11,15,0,0,15
2022-10-28T23:24:27,15,0,0,15
2022-10-28T23:33:43,15,0,0,15
2022-10-28T23:43:00,15,0,0,15
2022-10-28T23:52:15,15,0,0,15
2022-10-29T00:01:31,15,0,0,15
2022-10-29T00:10:50,15,0,0,15
2022-10-29T00:20:12,15,0,0,15
2022-10-29T00:29:30,15,0,0,15
2022-10-29T00:38:49,15,0,0,15
2022-10-29T00:48:09,15,0,0,15
2022-10-29T00:57:28,15,0,0,15
2022-10-29T01:06:47,15,0,0,15
2022-10-29T01:16:06,15,0,0,15
2022-10-29T01:25:24,15,0,0,15
2022-10-29T01:34:42,15,0,0,15
2022-10-29T01:44:00,15,0,0,15
2022-10-29T01:53:17,15,0,0,15
2022-10-29T02:02:33,15,0,0,15
2022-10-29T02:11:50,15,0,0,15
2022-10-29T02:21:05,15,0,0,15
2022-10-29T02:30:31,15,0,0,15
2022-10-29T02:39:47,15,0,0,15
2022-10-29T02:49:02,15,0,0,15
2022-10-29T02:58:19,15,0,0,15
2022-10-29T03:07:35,15,0,0,15
2022-10-29T03:16:50,15,0,0,15
2022-10-29T03:26:06,15,0,0,15
2022-10-29T03:35:21,15,0,0,15
2022-10-29T03:44:39,15,0,0,15
2022-10-29T03:53:57,15,0,0,15
2022-10-29T04:03:15,15,0,0,15
2022-10-29T04:26:34,15,0,0,15
2022-10-29T04:36:20,15,0,0,15
2022-10-29T04:45:38,15,0,0,15
2022-10-29T04:54:56,15,0,0,15
2022-10-29T05:04:12,15,0,0,15
2022-10-29T05:13:28,15,0,0,15
2022-10-29T05:22:44,15,0,0,15
2022-10-29T05:32:03,15,0,0,15
2022-10-29T05:42:04,15,0,0,15
2022-10-29T05:51:25,15,0,0,15
2022-10-29T06:00:45,15,0,0,15
2022-10-29T06:10:06,15,0,0,15
2022-10-29T06:19:25,15,0,0,15
2022-10-29T06:28:45,15,0,0,15
2022-10-29T06:38:05,15,0,0,15
2022-10-29T06:47:25,15,0,0,15
2022-10-29T06:56:45,15,0,0,15
2022-10-29T07:06:07,15,0,0,15
2022-10-29T07:15:28,15,0,0,15
2022-10-29T07:24:49,15,0,0,15
2022-10-29T07:34:11,15,0,0,15
2022-10-29T07:43:31,15,0,0,15
2022-10-29T07:52:52,15,0,0,15
2022-10-29T08:02:13,15,0,0,15
2022-10-29T08:11:34,15,0,0,15
2022-10-29T08:21:03,15,0,0,15
2022-10-29T08:30:24,15,0,0,15
2022-10-29T08:39:46,15,0,0,15
2022-10-29T08:49:06,15,0,0,15
2022-10-29T08:58:26,15,0,0,15
2022-10-29T09:07:46,15,0,0,15
2022-10-29T09:17:05,15,0,0,15
2022-10-29T09:26:25,15,0,0,15
2022-10-29T09:35:44,15,0,0,15
2022-10-29T09:45:03,15,0,0,15
2022-10-29T09:54:22,15,0,0,15
2022-10-29T10:03:51,15,0,0,15
2022-10-29T10:13:11,15,0,0,15
2022-10-29T10:22:30,15,0,0,15
2022-10-29T10:31:49,15,0,0,15
2022-10-29T10:41:08,15,0,0,15
2022-10-29T10:50:26,15,0,0,15
2022-10-29T10:59:43,15,0,0,15
2022-10-29T11:09:00,15,0,0,15
2022-10-29T11:18:17,15,0,0,15
2022-10-29T11:27:35,15,0,0,15
2022-10-29T11:36:52,15,0,0,15
2022-10-29T11:46:09,15,0,0,15
2022-10-29T11:55:26,15,0,0,15
2022-10-29T12:04:43,15,0,0,15
2022-10-29T12:14:00,15,0,0,15
2022-10-29T12:23:17,15,0,0,15
2022-10-29T12:32:34,15,0,0,15
2022-10-29T12:41:51,15,0,0,15
2022-10-29T12:51:08,15,0,0,15
2022-10-29T13:00:25,15,0,0,15
2022-10-29T13:09:43,15,0,0,15
2022-10-29T13:19:00,15,0,0,15
2022-10-29T13:28:17,15,0,0,15
2022-10-29T13:37:35,15,0,0,15
2022-10-29T13:46:52,15,0,0,15
2022-10-29T13:56:19,15,0,0,15
2022-10-29T14:05:37,15,0,0,15
2022-10-29T14:14:55,15,0,0,15
2022-10-29T14:24:13,15,0,0,15
2022-10-29T14:33:30,15,0,0,15
2022-10-29T14:42:47,15,0,0,15
2022-10-29T14:52:05,15,0,0,15
2022-10-29T15:01:22,15,0,0,15
2022-10-29T15:10:39,15,0,0,15
2022-10-29T15:19:57,15,0,0,15
2022-10-29T15:29:19,15,0,0,15
2022-10-29T15:38:36,15,0,0,15
2022-10-29T15:47:53,15,0,0,15
2022-10-29T15:57:10,15,0,0,15
2022-10-29T16:06:27,15,0,0,15
2022-10-29T16:15:43,15,0,0,15
2022-10-29T16:25:01,15,0,0,15
2022-10-29T16:34:17,15,0,0,15
2022-10-29T16:43:34,15,0,0,15
2022-10-29T16:52:50,15,0,0,15
2022-10-29T17:02:07,15,0,0,15
2022-10-29T17:11:25,15,0,0,15
2022-10-29T17:20:42,15,0,0,15
2022-10-29T17:29:59,15,0,0,15
2022-10-29T17:39:16,15,0,0,15
2022-10-29T17:48:33,15,0,0,15
2022-10-29T17:57:51,15,0,0,15
2022-10-29T18:07:07,15,0,0,15
2022-10-29T18:16:25,15,0,0,15
2022-10-29T18:25:41,15,0,0,15
2022-10-29T18:34:58,15,0,0,15
2022-10-29T18:44:15,15,0,0,15
2022-10-29T18:53:32,15,0,0,15
2022-10-29T19:02:49,15,0,0,15
2022-10-29T19:13:31,15,0,0,15
2022-10-29T19:22:48,15,0,0,15
2022-10-29T19:32:05,15,0,0,15
2022-10-29T19:41:22,15,0,0,15
2022-10-29T19:50:39,15,0,0,15
2022-10-29T19:59:55,15,0,0,15
2022-10-29T20:09:12,15,0,0,15
2022-10-29T20:18:38,15,0,0,15
2022-10-29T20:27:55,15,0,0,15
2022-10-29T20:37:11,15,0,0,15
2022-10-29T20:46:28,15,0,0,15
2022-10-29T20:55:44,15,0,0,15
2022-10-29T21:05:00,15,0,0,15
2022-10-29T21:14:17,15,0,0,15
2022-10-29T21:23:34,15,0,0,15
2022-10-29T21:32:51,15,0,0,15
2022-10-29T21:42:08,15,0,0,15
2022-10-29T21:51:25,15,0,0,15
2022-10-29T22:00:42,15,0,0,15
2022-10-29T22:09:59,15,0,0,15
2022-10-29T22:19:16,15,0,0,15
2022-10-29T22:28:33,15,0,0,15
2022-10-29T22:37:50,15,0,0,15
2022-10-29T22:47:06,15,0,0,15
2022-10-29T22:56:23,15,0,0,15
2022-10-29T23:05:42,15,0,0,15
2022-10-29T23:14:59,15,0,0,15
2022-10-29T23:24:16,15,0,0,15
2022-10-29T23:33:33,15,0,0,15
2022-10-29T23:42:50,15,0,0,15
2022-10-29T23:52:06,15,0,0,15
2022-10-30T00:01:23,15,0,0,15
2022-10-30T00:10:49,15,0,0,15
2022-10-30T00:20:09,15,0,0,15
2022-10-30T00:29:27,15,0,0,15
2022-10-30T00:38:47,15,0,0,15
2022-10-30T00:48:06,15,0,0,15
2022-10-30T00:57:23,15,0,0,15
2022-10-30T01:06:41,15,0,0,15
2022-10-30T01:15:58,15,0,0,15
2022-10-30T01:25:17,15,0,0,15
2022-10-30T01:34:35,15,0,0,15
2022-10-30T01:43:54,15,0,0,15
2022-10-30T01:53:11,15,0,0,15
2022-10-30T02:02:32,15,0,0,15
2022-10-30T02:12:01,15,0,0,15
2022-10-30T02:21:21,15,0,0,15
2022-10-30T02:30:40,15,0,0,15
2022-10-30T02:39:58,15,0,0,15
2022-10-30T02:49:15,15,0,0,15
2022-10-30T02:58:34,15,0,0,15
2022-10-30T03:07:52,15,0,0,15
2022-10-30T03:17:11,15,0,0,15
2022-10-30T03:26:31,15,0,0,15
2022-10-30T03:35:52,15,0,0,15
2022-10-30T03:45:12,15,0,0,15
2022-10-30T03:54:32,15,0,0,15
2022-10-30T04:03:54,15,0,0,15
2022-10-30T04:13:14,15,0,0,15
2022-10-30T04:30:42,15,0,0,15
2022-10-30T04:40:03,15,0,0,15
2022-10-30T04:50:38,15,0,0,15
2022-10-30T05:00:15,15,0,0,15
2022-10-30T05:09:33,15,0,0,15
2022-10-30T05:18:50,15,0,0,15
2022-10-30T05:28:06,15,0,0,15
2022-10-30T05:37:21,15,0,0,15
2022-10-30T05:46:37,15,0,0,15
2022-10-30T05:55:55,15,0,0,15
2022-10-30T06:05:14,15,0,0,15
2022-10-30T06:14:33,15,0,0,15
2022-10-30T06:23:52,15,0,0,15
2022-10-30T06:33:09,15,0,0,15
2022-10-30T06:42:25,15,0,0,15
2022-10-30T06:51:42,15,0,0,15
2022-10-30T07:00:58,15,0,0,15
2022-10-30T07:10:16,15,0,0,15
2022-10-30T07:19:38,15,0,0,15
2022-10-30T07:28:56,15,0,0,15
2022-10-30T07:38:15,15,0,0,15
2022-10-30T07:47:33,15,0,0,15
2022-10-30T07:56:52,15,0,0,15
2022-10-30T08:06:10,15,0,0,15
2022-10-30T08:15:28,15,0,0,15
2022-10-30T08:24:46,15,0,0,15
2022-10-30T08:34:04,15,0,0,15
2022-10-30T08:43:22,15,0,0,15
2022-10-30T08:52:40,15,0,0,15
2022-10-30T09:01:56,15,0,0,15
2022-10-30T09:11:33,15,0,0,15
2022-10-30T09:20:51,15,0,0,15
2022-10-30T09:30:08,15,0,0,15
2022-10-30T09:39:25,15,0,0,15
2022-10-30T09:48:42,15,0,0,15
2022-10-30T09:57:58,15,0,0,15
2022-10-30T10:07:16,15,0,0,15
2022-10-30T10:16:33,15,0,0,15
2022-10-30T10:25:50,15,0,0,15
2022-10-30T10:35:07,15,0,0,15
2022-10-30T10:44:24,15,0,0,15
2022-10-30T10:53:41,15,0,0,15
2022-10-30T11:02:58,15,0,0,15
2022-10-30T11:12:16,15,0,0,15
2022-10-30T11:21:33,15,0,0,15
2022-10-30T11:30:49,15,0,0,15
2022-10-30T11:40:07,15,0,0,15
2022-10-30T11:49:24,15,0,0,15
2022-10-30T11:58:50,15,0,0,15
2022-10-30T12:08:08,15,0,0,15
2022-10-30T12:17:24,15,0,0,15
2022-10-30T12:26:41,15,0,0,15
2022-10-30T12:35:59,15,0,0,15
2022-10-30T12:45:16,15,0,0,15
2022-10-30T12:54:33,15,0,0,15
2022-10-30T13:03:51,15,0,0,15
2022-10-30T13:13:08,15,0,0,15
2022-10-30T13:22:25,15,0,0,15
2022-10-30T13:31:42,15,0,0,15
2022-10-30T13:41:00,15,0,0,15
2022-10-30T13:50:17,15,0,0,15
2022-10-30T13:59:34,15,0,0,15
2022-10-30T14:08:52,15,0,0,15
2022-10-30T14:18:09,15,0,0,15
2022-10-30T14:27:26,15,0,0,15
2022-10-30T14:36:43,15,0,0,15
2022-10-30T14:46:00,15,0,0,15
2022-10-30T14:55:28,15,0,0,15
2022-10-30T15:04:45,15,0,0,15
2022-10-30T15:14:03,15,0,0,15
2022-10-30T15:23:19,15,0,0,15
2022-10-30T15:32:38,15,0,0,15
2022-10-30T15:41:56,15,0,0,15
2022-10-30T15:51:14,15,0,0,15
2022-10-30T16:00:33,15,0,0,15
2022-10-30T16:09:51,15,0,0,15
2022-10-30T16:19:08,15,0,0,15
2022-10-30T16:28:26,15,0,0,15
2022-10-30T16:37:43,15,0,0,15
2022-10-30T16:47:01,15,0,0,15
2022-10-30T16:56:18,15,0,0,15
2022-10-30T17:05:35,15,0,0,15
2022-10-30T17:14:52,15,0,0,15
2022-10-30T17:24:09,15,0,0,15
2022-10-30T17:33:27,15,0,0,15
2022-10-30T17:42:44,15,0,0,15
2022-10-30T17:52:01,15,0,0,15
2022-10-30T18:01:18,15,0,0,15
2022-10-30T18:10:48,15,0,0,15
2022-10-30T18:20:06,15,0,0,15
2022-10-30T18:29:23,15,0,0,15
2022-10-30T18:38:41,15,0,0,15
2022-10-30T18:47:58,15,0,0,15
2022-10-30T18:57:16,15,0,0,15
2022-10-30T19:06:35,15,0,0,15
2022-10-30T19:15:52,15,0,0,15
2022-10-30T19:25:10,15,0,0,15
2022-10-30T19:34:28,15,0,0,15
2022-10-30T19:43:47,15,0,0,15
2022-10-30T19:53:04,15,0,0,15
2022-10-30T20:02:21,15,0,0,15
2022-10-30T20:11:38,15,0,0,15
2022-10-30T20:20:55,15,0,0,15
2022-10-30T20:30:13,15,0,0,15
2022-10-30T20:39:30,15,0,0,15
2022-10-30T20:48:48,15,0,0,15
2022-10-30T20:58:16,15,0,0,15
2022-10-30T21:07:33,15,0,0,15
2022-10-30T21:16:51,15,0,0,15
2022-10-30T21:26:09,15,0,0,15
2022-10-30T21:35:26,15,0,0,15
2022-10-30T21:44:44,15,0,0,15
2022-10-30T21:54:02,15,0,0,15
2022-10-30T22:03:20,15,0,0,15
2022-10-30T22:12:37,15,0,0,15
2022-10-30T22:21:55,15,0,0,15
2022-10-30T22:31:12,15,0,0,15
2022-10-30T22:40:30,15,0,0,15
2022-10-30T22:49:47,15,0,0,15
2022-10-30T22:59:04,15,0,0,15
2022-10-30T23:08:23,15,0,0,15
2022-10-30T23:17:41,15,0,0,15
2022-10-30T23:26:59,15,0,0,15
2022-10-30T23:36:18,15,0,0,15
2022-10-30T23:45:53,15,0,0,15
2022-10-30T23:55:10,15,0,0,15
2022-10-31T00:04:28,15,0,0,15
2022-10-31T00:13:46,15,0,0,15
2022-10-31T00:23:08,15,0,0,15
2022-10-31T00:32:28,15,0,0,15
2022-10-31T00:41:49,15,0,0,15
2022-10-31T00:51:08,15,0,0,15
2022-10-31T01:00:26,15,0,0,15
2022-10-31T01:09:44,15,0,0,15
2022-10-31T01:19:02,15,0,0,15
2022-10-31T01:28:24,15,0,0,15
2022-10-31T01:37:46,15,0,0,15
2022-10-31T01:47:07,15,0,0,15
2022-10-31T01:56:27,15,0,0,15
2022-10-31T02:05:48,15,0,0,15
2022-10-31T02:15:09,15,0,0,15
2022-10-31T02:24:28,15,0,0,15
2022-10-31T02:33:47,15,0,0,15
2022-10-31T02:43:05,15,0,0,15
2022-10-31T02:52:24,15,0,0,15
2022-10-31T03:01:42,15,0,0,15
2022-10-31T03:11:09,15,0,0,15
2022-10-31T03:20:28,15,0,0,15
2022-10-31T03:29:47,15,0,0,15
2022-10-31T03:39:07,15,0,0,15
2022-10-31T03:48:27,15,0,0,15
2022-10-31T03:57:48,15,0,0,15
2022-10-31T04:07:08,15,0,0,15
2022-10-31T04:24:09,15,0,0,15
2022-10-31T04:33:51,15,0,0,15
2022-10-31T04:43:14,15,0,0,15
2022-10-31T04:52:36,15,0,0,15
2022-10-31T05:01:56,15,0,0,15
2022-10-31T05:11:15,15,0,0,15
2022-10-31T05:20:34,15,0,0,15
2022-10-31T05:29:50,15,0,0,15
2022-10-31T05:39:06,15,0,0,15
2022-10-31T05:48:22,15,0,0,15
2022-10-31T05:57:41,15,0,0,15
2022-10-31T06:07:00,15,0,0,15
2022-10-31T06:16:19,15,0,0,15
2022-10-31T06:25:39,15,0,0,15
2022-10-31T06:34:57,15,0,0,15
2022-10-31T06:44:14,15,0,0,15
2022-10-31T06:53:32,15,0,0,15
2022-10-31T07:02:53,15,0,0,15
2022-10-31T07:12:12,15,0,0,15
2022-10-31T07:21:30,15,0,0,15
2022-10-31T07:30:49,15,0,0,15
2022-10-31T07:40:10,15,0,0,15
2022-10-31T07:49:29,15,0,0,15
2022-10-31T07:58:47,15,0,0,15
2022-10-31T08:08:06,15,0,0,15
2022-10-31T08:17:40,15,0,0,15
2022-10-31T08:26:59,15,0,0,15
2022-10-31T08:36:18,15,0,0,15
2022-10-31T08:45:36,15,0,0,15
2022-10-31T08:54:54,15,0,0,15
2022-10-31T09:04:13,15,0,0,15
2022-10-31T09:13:31,15,0,0,15
2022-10-31T09:22:56,15,0,0,15
2022-10-31T09:32:16,15,0,0,15
2022-10-31T09:41:35,15,0,0,15
2022-10-31T09:50:54,15,0,0,15
2022-10-31T10:00:13,15,0,0,15
2022-10-31T10:09:31,15,0,0,15
2022-10-31T10:18:48,15,0,0,15
2022-10-31T10:28:06,15,0,0,15
2022-10-31T10:37:23,15,0,0,15
2022-10-31T10:46:41,15,0,0,15
2022-10-31T10:55:59,15,0,0,15
2022-10-31T11:05:40,15,0,0,15
2022-10-31T11:14:58,15,0,0,15
2022-10-31T11:24:16,15,0,0,15
2022-10-31T11:33:34,15,0,0,15
2022-10-31T11:42:52,15,0,0,15
2022-10-31T11:52:09,15,0,0,15
2022-10-31T12:01:27,15,0,0,15
2022-10-31T12:10:45,15,0,0,15
2022-10-31T12:20:02,15,0,0,15
2022-10-31T12:29:19,15,0,0,15
2022-10-31T12:38:36,15,0,0,15
2022-10-31T12:47:54,15,0,0,15
2022-10-31T12:57:12,15,0,0,15
2022-10-31T13:06:30,15,0,0,15
2022-10-31T13:15:50,15,0,0,15
2022-10-31T13:25:08,15,0,0,15
2022-10-31T13:34:27,15,0,0,15
2022-10-31T13:43:44,15,0,0,15
2022-10-31T13:53:02,15,0,0,15
2022-10-31T14:02:20,15,0,0,15
2022-10-31T14:11:38,15,0,0,15
2022-10-31T14:20:56,15,0,0,15
2022-10-31T14:30:14,15,0,0,15
2022-10-31T14:39:31,15,0,0,15
2022-10-31T14:48:48,15,0,0,15
2022-10-31T14:58:06,15,0,0,15
2022-10-31T15:07:37,15,0,0,15
2022-10-31T15:16:55,15,0,0,15
2022-10-31T15:26:12,15,0,0,15
2022-10-31T15:35:30,15,0,0,15
2022-10-31T15:44:48,15,0,0,15
2022-10-31T15:54:06,15,0,0,15
2022-10-31T16:03:26,15,0,0,15
2022-10-31T16:12:45,15,0,0,15
2022-10-31T16:22:04,15,0,0,15
2022-10-31T16:31:22,15,0,0,15
2022-10-31T16:40:40,15,0,0,15
2022-10-31T16:49:58,15,0,0,15
2022-10-31T16:59:25,15,0,0,15
2022-10-31T17:08:43,15,0,0,15
2022-10-31T17:18:00,15,0,0,15
2022-10-31T17:27:17,15,0,0,15
2022-10-31T17:36:34,15,0,0,15
2022-10-31T17:45:50,15,0,0,15
2022-10-31T17:55:07,15,0,0,15
2022-10-31T18:04:24,15,0,0,15
2022-10-31T18:13:41,15,0,0,15
2022-10-31T18:22:58,15,0,0,15
2022-10-31T18:32:14,15,0,0,15
2022-10-31T18:41:31,15,0,0,15
2022-10-31T18:50:47,15,0,0,15
2022-10-31T19:00:03,15,0,0,15
2022-10-31T19:09:21,15,0,0,15
2022-10-31T19:18:38,15,0,0,15
2022-10-31T19:28:15,15,0,0,15
2022-10-31T19:37:31,15,0,0,15
2022-10-31T19:46:48,15,0,0,15
2022-10-31T19:56:04,15,0,0,15
2022-10-31T20:05:21,15,0,0,15
2022-10-31T20:14:37,15,0,0,15
2022-10-31T20:23:53,15,0,0,15
2022-10-31T20:33:10,15,0,0,15
2022-10-31T20:42:26,15,0,0,15
2022-10-31T20:51:42,15,0,0,15
2022-10-31T21:00:58,15,0,0,15
2022-10-31T21:10:15,15,0,0,15
2022-10-31T21:19:31,15,0,0,15
2022-10-31T21:28:47,15,0,0,15
2022-10-31T21:38:03,15,0,0,15
2022-10-31T21:47:19,15,0,0,15
2022-10-31T21:56:35,15,0,0,15
2022-10-31T22:05:51,15,0,0,15
2022-10-31T22:15:07,15,0,0,15
2022-10-31T22:24:23,15,0,0,15
2022-10-31T22:33:39,15,0,0,15
2022-10-31T22:42:55,15,0,0,15
2022-10-31T22:52:11,15,0,0,15
2022-10-31T23:01:37,15,0,0,15
2022-10-31T23:10:54,15,0,0,15
2022-10-31T23:20:10,15,0,0,15
2022-10-31T23:29:26,15,0,0,15
2022-10-31T23:38:42,15,0,0,15
2022-10-31T23:47:59,15,0,0,15
2022-10-31T23:57:15,15,0,0,15
2022-11-01T00:06:31,15,0,0,15
2022-11-01T00:15:49,15,0,0,15
2022-11-01T00:25:08,15,0,0,15
2022-11-01T00:34:27,15,0,0,15
2022-11-01T00:43:46,15,0,0,15
2022-11-01T00:53:06,15,0,0,15
2022-11-01T01:02:25,15,0,0,15
2022-11-01T01:11:43,15,0,0,15
2022-11-01T01:21:02,15,0,0,15
2022-11-01T01:30:22,15,0,0,15
2022-11-01T01:39:41,15,0,0,15
2022-11-01T01:49:20,15,0,0,15
2022-11-01T01:58:38,15,0,0,15
2022-11-01T02:07:56,15,0,0,15
2022-11-01T02:17:13,15,0,0,15
2022-11-01T02:26:29,15,0,0,15
2022-11-01T02:35:45,15,0,0,15
2022-11-01T03:01:01,15,0,0,15
2022-11-01T03:10:21,15,0,0,15
2022-11-01T03:19:39,15,0,0,15
2022-11-01T03:28:56,15,0,0,15
2022-11-01T03:38:16,15,0,0,15
2022-11-01T03:47:35,15,0,0,15
2022-11-01T03:56:55,15,0,0,15
2022-11-01T04:18:32,15,0,0,15
2022-11-01T04:27:52,15,0,0,15
2022-11-01T04:38:50,15,0,0,15
2022-11-01T04:48:11,15,0,0,15
2022-11-01T04:57:32,15,0,0,15
2022-11-01T05:06:52,15,0,0,15
2022-11-01T05:16:11,15,0,0,15
2022-11-01T05:25:29,15,0,0,15
2022-11-01T05:34:48,15,0,0,15
2022-11-01T05:44:06,15,0,0,15
2022-11-01T05:53:26,15,0,0,15
2022-11-01T06:02:46,15,0,0,15
2022-11-01T06:12:06,15,0,0,15
2022-11-01T06:21:25,15,0,0,15
2022-11-01T06:30:44,15,0,0,15
2022-11-01T06:40:01,15,0,0,15
2022-11-01T06:49:19,15,0,0,15
2022-11-01T06:58:36,15,0,0,15
2022-11-01T07:07:56,15,0,0,15
2022-11-01T07:17:14,15,0,0,15
2022-11-01T07:26:34,15,0,0,15
2022-11-01T07:35:53,15,0,0,15
2022-11-01T07:45:12,15,0,0,15
2022-11-01T07:54:30,15,0,0,15
2022-11-01T08:03:49,15,0,0,15
2022-11-01T08:13:09,15,0,0,15
2022-11-01T08:22:28,15,0,0,15
2022-11-01T08:31:48,15,0,0,15
2022-11-01T08:41:07,15,0,0,15
2022-11-01T08:50:34,15,0,0,15
2022-11-01T08:59:54,15,0,0,15
2022-11-01T09:09:13,15,0,0,15
2022-11-01T09:18:32,15,0,0,15
2022-11-01T09:27:51,15,0,0,15
2022-11-01T09:37:10,15,0,0,15
2022-11-01T09:46:29,15,0,0,15
2022-11-01T09:55:49,15,0,0,15
2022-11-01T10:05:08,15,0,0,15
2022-11-01T10:14:28,15,0,0,15
2022-11-01T10:23:47,15,0,0,15
2022-11-01T10:33:07,15,0,0,15
2022-11-01T10:42:38,15,0,0,15
2022-11-01T10:51:59,15,0,0,15
2022-11-01T11:01:18,15,0,0,15
2022-11-01T11:10:37,15,0,0,15
2022-11-01T11:19:56,15,0,0,15
2022-11-01T11:29:15,15,0,0,15
2022-11-01T11:38:34,15,0,0,15
2022-11-01T11:47:53,15,0,0,15
2022-11-01T11:57:11,15,0,0,15
2022-11-01T12:06:40,15,0,0,15
2022-11-01T12:15:59,15,0,0,15
2022-11-01T12:25:18,15,0,0,15
2022-11-01T12:34:37,15,0,0,15
2022-11-01T12:43:56,15,0,0,15
2022-11-01T12:53:15,15,0,0,15
2022-11-01T13:02:34,15,0,0,15
2022-11-01T13:11:53,15,0,0,15
2022-11-01T13:21:13,15,0,0,15
2022-11-01T13:30:34,15,0,0,15
2022-11-01T13:39:55,15,0,0,15
2022-11-01T13:49:15,15,0,0,15
2022-11-01T13:58:46,15,0,0,15
2022-11-01T14:08:07,15,0,0,15
2022-11-01T14:17:26,15,0,0,15
2022-11-01T14:31:46,15,0,0,15
2022-11-01T14:41:04,15,0,0,15
2022-11-01T14:50:31,15,0,0,15
2022-11-01T14:59:51,15,0,0,15
2022-11-01T15:09:10,15,0,0,15
2022-11-01T15:18:29,15,0,0,15
2022-11-01T15:27:49,15,0,0,15
2022-11-01T15:37:19,15,0,0,15
2022-11-01T15:46:38,15,0,0,15
2022-11-01T15:55:57,15,0,0,15
2022-11-01T16:05:17,15,0,0,15
2022-11-01T16:14:43,15,0,0,15
2022-11-01T16:24:11,15,0,0,15
2022-11-01T16:33:38,15,0,0,15
2022-11-01T16:43:05,15,0,0,15
2022-11-01T16:52:32,15,0,0,15
2022-11-01T17:01:59,15,0,0,15
2022-11-01T17:11:28,15,0,0,15
2022-11-01T17:20:55,15,0,0,15
2022-11-01T17:30:31,15,0,0,15
2022-11-01T17:39:57,15,0,0,15
2022-11-01T17:49:24,15,0,0,15
2022-11-01T17:58:50,15,0,0,15
2022-11-01T18:08:17,15,0,0,15
2022-11-01T18:17:43,15,0,0,15
2022-11-01T18:27:09,15,0,0,15
2022-11-01T18:36:35,15,0,0,15
2022-11-01T18:46:01,15,0,0,15
2022-11-01T18:55:28,15,0,0,15
2022-11-01T19:04:54,15,0,0,15
2022-11-01T19:14:20,15,0,0,15
2022-11-01T19:23:46,15,0,0,15
2022-11-01T19:33:11,15,0,0,15
2022-11-01T19:42:37,15,0,0,15
2022-11-01T19:52:02,15,0,0,15
2022-11-01T20:01:28,15,0,0,15
2022-11-01T20:10:54,15,0,0,15
2022-11-01T20:20:20,15,0,0,15
2022-11-01T20:29:56,15,0,0,15
2022-11-01T20:39:19,15,0,0,15
2022-11-01T20:48:42,15,0,0,15
2022-11-01T20:58:06,15,0,0,15
2022-11-01T21:07:30,15,0,0,15
2022-11-01T21:16:54,15,0,0,15
2022-11-01T21:26:20,15,0,0,15
2022-11-01T21:35:45,15,0,0,15
2022-11-01T21:45:10,15,0,0,15
2022-11-01T21:54:35,15,0,0,15
2022-11-01T22:04:00,15,0,0,15
2022-11-01T22:13:26,15,0,0,15
2022-11-01T22:22:51,15,0,0,15
2022-11-01T22:32:16,15,0,0,15
2022-11-01T22:41:41,15,0,0,15
2022-11-01T22:51:06,15,0,0,15
2022-11-01T23:00:30,15,0,0,15
2022-11-01T23:09:57,15,0,0,15
2022-11-01T23:19:23,15,0,0,15
2022-11-01T23:28:49,15,0,0,15
2022-11-01T23:38:14,15,0,0,15
2022-11-01T23:47:37,15,0,0,15
2022-11-01T23:57:01,15,0,0,15
2022-11-02T00:06:28,15,0,0,15
2022-11-02T00:16:11,15,0,0,15
2022-11-02T00:25:37,15,0,0,15
2022-11-02T00:35:04,15,0,0,15
2022-11-02T00:44:30,15,0,0,15
2022-11-02T00:53:57,15,0,0,15
2022-11-02T01:03:24,15,0,0,15
2022-11-02T01:12:54,15,0,0,15
2022-11-02T01:22:25,15,0,0,15
2022-11-02T01:31:55,15,0,0,15
2022-11-02T01:41:25,15,0,0,15
2022-11-02T01:50:53,15,0,0,15
2022-11-02T02:00:21,15,0,0,15
2022-11-02T02:09:49,15,0,0,15
2022-11-02T02:19:17,15,0,0,15
2022-11-02T02:28:44,15,0,0,15
2022-11-02T02:38:11,15,0,0,15
2022-11-02T02:47:39,15,0,0,15
2022-11-02T02:57:08,15,0,0,15
2022-11-02T03:06:36,15,0,0,15
2022-11-02T03:16:02,15,0,0,15
2022-11-02T03:25:29,15,0,0,15
2022-11-02T03:34:57,15,0,0,15
2022-11-02T03:44:25,15,0,0,15
2022-11-02T03:53:55,15,0,0,15
2022-11-02T04:03:24,15,0,0,15
2022-11-02T04:25:29,15,0,0,15
2022-11-02T04:35:22,15,0,0,15
2022-11-02T04:44:55,15,0,0,15
2022-11-02T04:54:24,15,0,0,15
2022-11-02T05:03:51,15,0,0,15
2022-11-02T05:13:18,15,0,0,15
2022-11-02T05:22:44,15,0,0,15
2022-11-02T05:32:10,15,0,0,15
2022-11-02T05:41:37,15,0,0,15
2022-11-02T05:51:05,15,0,0,15
2022-11-02T06:00:33,15,0,0,15
2022-11-02T06:10:01,15,0,0,15
2022-11-02T06:19:29,15,0,0,15
2022-11-02T06:28:57,15,0,0,15
2022-11-02T06:38:26,15,0,0,15
2022-11-02T06:47:53,15,0,0,15
2022-11-02T06:57:19,15,0,0,15
2022-11-02T07:06:49,15,0,0,15
2022-11-02T07:16:17,15,0,0,15
2022-11-02T07:25:50,15,0,0,15
2022-11-02T07:35:20,15,0,0,15
2022-11-02T07:44:50,15,0,0,15
2022-11-02T07:54:23,15,0,0,15
2022-11-02T08:03:57,15,0,0,15
2022-11-02T08:13:27,15,0,0,15
2022-11-02T08:22:57,15,0,0,15
2022-11-02T08:32:26,15,0,0,15
2022-11-02T08:41:56,15,0,0,15
2022-11-02T08:51:26,15,0,0,15
2022-11-02T09:00:57,15,0,0,15
2022-11-02T09:10:38,15,0,0,15
2022-11-02T09:20:08,15,0,0,15
2022-11-02T09:29:39,15,0,0,15
2022-11-02T09:39:09,15,0,0,15
2022-11-02T09:48:39,15,0,0,15
2022-11-02T09:58:22,15,0,0,15
2022-11-02T10:07:55,15,0,0,15
2022-11-02T10:17:29,15,0,0,15
2022-11-02T10:27:03,15,0,0,15
2022-11-02T10:36:48,15,0,0,15
2022-11-02T10:46:21,15,0,0,15
2022-11-02T10:55:52,15,0,0,15
2022-11-02T11:05:39,15,0,0,15
2022-11-02T11:15:13,15,0,0,15
2022-11-02T11:24:48,15,0,0,15
2022-11-02T11:34:21,15,0,0,15
2022-11-02T11:44:09,15,0,0,15
2022-11-02T11:53:41,15,0,0,15
2022-11-02T12:03:31,15,0,0,15
2022-11-02T12:13:04,15,0,0,15
2022-11-02T12:22:38,15,0,0,15
2022-11-02T12:32:22,15,0,0,15
2022-11-02T12:42:06,15,0,0,15
2022-11-02T12:51:37,15,0,0,15
2022-11-02T13:01:09,15,0,0,15
2022-11-02T13:10:54,15,0,0,15
2022-11-02T13:20:25,15,0,0,15
2022-11-02T13:29:59,15,0,0,15
2022-11-02T13:39:42,15,0,0,15
2022-11-02T13:49:14,15,0,0,15
2022-11-02T13:58:45,15,0,0,15
2022-11-02T14:08:28,15,0,0,15
2022-11-02T14:17:59,15,0,0,15
2022-11-02T14:27:32,15,0,0,15
2022-11-02T14:37:04,15,0,0,15
2022-11-02T14:46:48,15,0,0,15
2022-11-02T14:56:24,15,0,0,15
2022-11-02T15:06:11,15,0,0,15
2022-11-02T15:16:09,15,0,0,15
2022-11-02T15:25:54,15,0,0,15
2022-11-02T15:35:50,15,0,0,15
2022-11-02T15:45:33,15,0,0,15
2022-11-02T15:55:25,15,0,0,15
2022-11-02T16:05:02,15,0,0,15
2022-11-02T16:14:40,15,0,0,15
2022-11-02T16:24:29,15,0,0,15
2022-11-02T16:34:08,15,0,0,15
2022-11-02T16:43:58,15,0,0,15
2022-11-02T16:53:34,15,0,0,15
2022-11-02T17:03:08,15,0,0,15
2022-11-02T17:12:56,15,0,0,15
2022-11-02T17:22:30,15,0,0,15
2022-11-02T17:32:03,15,0,0,15
2022-11-02T17:41:34,15,0,0,15
2022-11-02T17:51:19,15,0,0,15
2022-11-02T18:00:50,15,0,0,15
2022-11-02T18:10:21,15,0,0,15
2022-11-02T18:20:04,15,0,0,15
2022-11-02T18:29:34,15,0,0,15
2022-11-02T18:39:05,15,0,0,15
2022-11-02T18:48:35,15,0,0,15
2022-11-02T18:58:15,15,0,0,15
2022-11-02T19:07:45,15,0,0,15
2022-11-02T19:17:15,15,0,0,15
2022-11-02T19:26:44,15,0,0,15
2022-11-02T19:36:12,15,0,0,15
2022-11-02T19:45:51,15,0,0,15
2022-11-02T19:55:19,15,0,0,15
2022-11-02T20:04:46,15,0,0,15
2022-11-02T20:14:13,15,0,0,15
2022-11-02T20:23:39,15,0,0,15
2022-11-02T20:33:17,15,0,0,15
2022-11-02T20:42:45,15,0,0,15
2022-11-02T20:52:12,15,0,0,15
2022-11-02T21:01:38,15,0,0,15
2022-11-02T21:11:04,15,0,0,15
2022-11-02T21:20:42,15,0,0,15
2022-11-02T21:30:09,15,0,0,15
2022-11-02T21:39:36,15,0,0,15
2022-11-02T21:49:02,15,0,0,15
2022-11-02T21:58:29,15,0,0,15
2022-11-02T22:07:56,15,0,0,15
2022-11-02T22:17:35,15,0,0,15
2022-11-02T22:27:02,15,0,0,15
2022-11-02T22:36:28,15,0,0,15
2022-11-02T22:45:53,15,0,0,15
2022-11-02T22:55:19,15,0,0,15
2022-11-02T23:04:44,15,0,0,15
2022-11-02T23:14:22,15,0,0,15
2022-11-02T23:23:48,15,0,0,15
2022-11-02T23:33:14,15,0,0,15
2022-11-02T23:42:40,15,0,0,15
2022-11-02T23:52:05,15,0,0,15
2022-11-03T00:01:31,15,0,0,15
2022-11-03T00:10:57,15,0,0,15
2022-11-03T00:20:42,15,0,0,15
2022-11-03T00:30:08,15,0,0,15
2022-11-03T00:39:36,15,0,0,15
2022-11-03T00:49:04,15,0,0,15
2022-11-03T00:58:32,15,0,0,15
2022-11-03T01:08:00,15,0,0,15
2022-11-03T01:17:28,15,0,0,15
2022-11-03T01:26:56,15,0,0,15
2022-11-03T01:36:25,15,0,0,15
2022-11-03T01:45:51,15,0,0,15
2022-11-03T01:55:18,15,0,0,15
2022-11-03T02:04:45,15,0,0,15
2022-11-03T02:14:11,15,0,0,15
2022-11-03T02:23:36,15,0,0,15
2022-11-03T02:33:01,15,0,0,15
2022-11-03T02:42:37,15,0,0,15
2022-11-03T02:52:03,15,0,0,15
2022-11-03T03:01:28,15,0,0,15
2022-11-03T03:10:51,15,0,0,15
2022-11-03T03:20:17,15,0,0,15
2022-11-03T03:29:41,15,0,0,15
2022-11-03T03:39:08,15,0,0,15
2022-11-03T03:48:37,15,0,0,15
2022-11-03T03:58:07,15,0,0,15
2022-11-03T04:07:40,15,0,0,15
2022-11-03T04:17:10,15,0,0,15
2022-11-03T04:40:05,15,0,0,15
2022-11-03T04:51:03,15,0,0,15
2022-11-03T05:00:59,15,0,0,15
2022-11-03T05:10:35,15,0,0,15
2022-11-03T05:20:09,15,0,0,15
2022-11-03T05:29:45,15,0,0,15
2022-11-03T05:39:21,15,0,0,15
2022-11-03T05:48:57,15,0,0,15
2022-11-03T05:58:33,15,0,0,15
2022-11-03T06:08:08,15,0,0,15
2022-11-03T06:17:41,15,0,0,15
2022-11-03T06:27:14,15,0,0,15
2022-11-03T06:36:46,15,0,0,15
2022-11-03T06:46:14,15,0,0,15
2022-11-03T06:55:39,15,0,0,15
2022-11-03T07:05:04,15,0,0,15
2022-11-03T07:14:29,15,0,0,15
2022-11-03T07:23:56,15,0,0,15
2022-11-03T07:33:22,15,0,0,15
2022-11-03T07:42:47,15,0,0,15
2022-11-03T07:52:13,15,0,0,15
2022-11-03T08:01:38,15,0,0,15
2022-11-03T08:11:04,15,0,0,15
2022-11-03T08:20:39,15,0,0,15
2022-11-03T08:30:06,15,0,0,15
2022-11-03T08:39:32,15,0,0,15
2022-11-03T08:48:58,15,0,0,15
2022-11-03T08:58:26,15,0,0,15
2022-11-03T09:07:58,15,0,0,15
2022-11-03T09:17:29,15,0,0,15
2022-11-03T09:27:00,15,0,0,15
2022-11-03T09:36:39,15,0,0,15
2022-11-03T09:46:10,15,0,0,15
2022-11-03T09:55:39,15,0,0,15
2022-11-03T10:05:10,15,0,0,15
2022-11-03T10:14:51,15,0,0,15
2022-11-03T10:24:32,15,0,0,15
2022-11-03T10:34:03,15,0,0,15
2022-11-03T10:43:33,15,0,0,15
2022-11-03T10:53:03,15,0,0,15
2022-11-03T11:02:34,15,0,0,15
2022-11-03T11:12:19,15,0,0,15
2022-11-03T11:21:50,15,0,0,15
2022-11-03T11:31:20,15,0,0,15
2022-11-03T11:40:50,15,0,0,15
2022-11-03T11:50:30,15,0,0,15
2022-11-03T11:59:59,15,0,0,15
2022-11-03T12:09:29,15,0,0,15
2022-11-03T12:18:58,15,0,0,15
2022-11-03T12:28:26,15,0,0,15
2022-11-03T12:38:07,15,0,0,15
2022-11-03T12:47:35,15,0,0,15
2022-11-03T12:57:04,15,0,0,15
2022-11-03T13:06:34,15,0,0,15
2022-11-03T13:16:03,15,0,0,15
2022-11-03T13:25:44,15,0,0,15
2022-11-03T13:35:14,15,0,0,15
2022-11-03T13:44:44,15,0,0,15
2022-11-03T13:54:14,15,0,0,15
2022-11-03T14:03:45,15,0,0,15
2022-11-03T14:13:16,15,0,0,15
2022-11-03T14:22:46,15,0,0,15
2022-11-03T14:32:16,15,0,0,15
2022-11-03T14:41:46,15,0,0,15
2022-11-03T14:51:29,15,0,0,15
2022-11-03T15:00:59,15,0,0,15
2022-11-03T15:10:30,15,0,0,15
2022-11-03T15:20:00,15,0,0,15
2022-11-03T15:29:33,15,0,0,15
2022-11-03T15:39:04,15,0,0,15
2022-11-03T15:48:46,15,0,0,15
2022-11-03T15:58:16,15,0,0,15
2022-11-03T16:07:46,15,0,0,15
2022-11-03T16:17:14,15,0,0,15
2022-11-03T16:26:43,15,0,0,15
2022-11-03T16:36:25,15,0,0,15
2022-11-03T16:45:56,15,0,0,15
2022-11-03T16:55:25,15,0,0,15
2022-11-03T17:04:54,15,0,0,15
2022-11-03T17:14:24,15,0,0,15
2022-11-03T17:23:53,15,0,0,15
2022-11-03T17:33:33,15,0,0,15
2022-11-03T17:43:01,15,0,0,15
2022-11-03T17:52:30,15,0,0,15
2022-11-03T18:01:59,15,0,0,15
2022-11-03T18:11:29,15,0,0,15
2022-11-03T18:21:00,15,0,0,15
2022-11-03T18:30:29,15,0,0,15
2022-11-03T18:39:49,15,0,0,15
2022-11-03T18:49:23,15,0,0,15
2022-11-03T18:59:00,15,0,0,15
2022-11-03T19:08:39,15,0,0,15
2022-11-03T19:18:13,15,0,0,15
2022-11-03T19:27:52,15,0,0,15
2022-11-03T19:37:32,15,0,0,15
2022-11-03T19:47:25,15,0,0,15
2022-11-03T19:57:10,15,0,0,15
2022-11-03T20:08:23,15,0,0,15
2022-11-03T20:18:08,15,0,0,15
2022-11-03T20:27:48,15,0,0,15
2022-11-03T20:37:27,15,0,0,15
2022-11-03T20:47:07,15,0,0,15
2022-11-03T20:56:44,15,0,0,15
2022-11-03T21:06:20,15,0,0,15
2022-11-03T21:16:05,15,0,0,15
2022-11-03T21:25:35,15,0,0,15
2022-11-03T21:35:04,15,0,0,15
2022-11-03T21:44:32,15,0,0,15
2022-11-03T21:53:57,15,0,0,15
2022-11-03T22:03:22,15,0,0,15
2022-11-03T22:12:48,15,0,0,15
2022-11-03T22:22:14,15,0,0,15
2022-11-03T22:31:40,15,0,0,15
2022-11-03T22:41:06,15,0,0,15
2022-11-03T22:50:44,15,0,0,15
2022-11-03T23:00:09,15,0,0,15
2022-11-03T23:09:35,15,0,0,15
2022-11-03T23:19:01,15,0,0,15
2022-11-03T23:28:27,15,0,0,15
2022-11-03T23:37:53,15,0,0,15
2022-11-03T23:47:18,15,0,0,15
2022-11-03T23:56:44,15,0,0,15
2022-11-04T00:06:09,15,0,0,15
2022-11-04T00:15:38,15,0,0,15
2022-11-04T00:25:16,15,0,0,15
2022-11-04T00:34:44,15,0,0,15
2022-11-04T00:44:12,15,0,0,15
2022-11-04T00:53:40,15,0,0,15
2022-11-04T01:03:08,15,0,0,15
2022-11-04T01:12:36,15,0,0,15
2022-11-04T01:22:04,15,0,0,15
2022-11-04T01:31:34,15,0,0,15
2022-11-04T01:41:02,15,0,0,15
2022-11-04T01:50:30,15,0,0,15
2022-11-04T01:59:57,15,0,0,15
2022-11-04T02:09:24,15,0,0,15
2022-11-04T02:18:53,15,0,0,15
2022-11-04T02:28:20,15,0,0,15
2022-11-04T02:37:46,15,0,0,15
2022-11-04T02:47:13,15,0,0,15
2022-11-04T02:56:40,15,0,0,15
2022-11-04T03:06:06,15,0,0,15
2022-11-04T03:15:32,15,0,0,15
2022-11-04T03:24:57,15,0,0,15
2022-11-04T03:34:24,15,0,0,15
2022-11-04T03:43:52,15,0,0,15
2022-11-04T03:53:19,15,0,0,15
2022-11-04T04:02:46,15,0,0,15
2022-11-04T04:24:37,15,0,0,15
2022-11-04T04:34:06,15,0,0,15
2022-11-04T04:44:48,15,0,0,15
2022-11-04T04:54:32,15,0,0,15
2022-11-04T05:03:59,15,0,0,15
2022-11-04T05:13:25,15,0,0,15
2022-11-04T05:22:52,15,0,0,15
2022-11-04T05:32:17,15,0,0,15
2022-11-04T05:41:42,15,0,0,15
2022-11-04T05:51:06,15,0,0,15
2022-11-04T06:00:32,15,0,0,15
2022-11-04T06:09:57,15,0,0,15
2022-11-04T06:19:24,15,0,0,15
2022-11-04T06:28:49,15,0,0,15
2022-11-04T06:38:14,15,0,0,15
2022-11-04T06:47:42,15,0,0,15
2022-11-04T06:57:07,15,0,0,15
2022-11-04T07:06:33,15,0,0,15
2022-11-04T07:15:59,15,0,0,15
2022-11-04T07:25:25,15,0,0,15
2022-11-04T07:34:53,15,0,0,15
2022-11-04T07:44:22,15,0,0,15
2022-11-04T07:53:49,15,0,0,15
2022-11-04T08:03:16,15,0,0,15
2022-11-04T08:12:43,15,0,0,15
2022-11-04T08:22:10,15,0,0,15
2022-11-04T08:31:37,15,0,0,15
2022-11-04T08:41:03,15,0,0,15
2022-11-04T08:50:30,15,0,0,15
2022-11-04T08:59:56,15,0,0,15
2022-11-04T09:09:23,15,0,0,15
2022-11-04T09:18:51,15,0,0,15
2022-11-04T09:28:28,15,0,0,15
2022-11-04T09:37:55,15,0,0,15
2022-11-04T09:47:22,15,0,0,15
2022-11-04T09:56:49,15,0,0,15
2022-11-04T10:06:16,15,0,0,15
2022-11-04T10:15:41,15,0,0,15
2022-11-04T10:25:07,15,0,0,15
2022-11-04T10:34:33,15,0,0,15
2022-11-04T10:44:00,15,0,0,15
2022-11-04T10:53:39,15,0,0,15
2022-11-04T11:03:06,15,0,0,15
2022-11-04T11:12:33,15,0,0,15
2022-11-04T11:21:58,15,0,0,15
2022-11-04T11:31:26,15,0,0,15
2022-11-04T11:40:52,15,0,0,15
2022-11-04T11:50:17,15,0,0,15
2022-11-04T11:59:42,15,0,0,15
2022-11-04T12:09:20,15,0,0,15
2022-11-04T12:18:46,15,0,0,15
2022-11-04T12:28:11,15,0,0,15
2022-11-04T12:37:36,15,0,0,15
2022-11-04T12:47:01,15,0,0,15
2022-11-04T12:56:35,15,0,0,15
2022-11-04T13:06:01,15,0,0,15
2022-11-04T13:15:27,15,0,0,15
2022-11-04T13:24:53,15,0,0,15
2022-11-04T13:34:20,15,0,0,15
2022-11-04T13:43:45,15,0,0,15
2022-11-04T13:53:10,15,0,0,15
2022-11-04T14:02:35,15,0,0,15
2022-11-04T14:12:12,15,0,0,15
2022-11-04T14:21:38,15,0,0,15
2022-11-04T14:31:05,15,0,0,15
2022-11-04T14:40:31,15,0,0,15
2022-11-04T14:49:56,15,0,0,15
2022-11-04T14:59:22,15,0,0,15
2022-11-04T15:08:58,15,0,0,15
2022-11-04T15:18:24,15,0,0,15
2022-11-04T15:27:50,15,0,0,15
2022-11-04T15:37:16,15,0,0,15
2022-11-04T15:46:42,15,0,0,15
2022-11-04T15:56:07,15,0,0,15
2022-11-04T16:05:33,15,0,0,15
2022-11-04T16:14:58,15,0,0,15
2022-11-04T16:24:34,15,0,0,15
2022-11-04T16:34:00,15,0,0,15
2022-11-04T16:43:26,15,0,0,15
2022-11-04T16:52:51,15,0,0,15
2022-11-04T17:02:16,15,0,0,15
2022-11-04T17:11:42,15,0,0,15
2022-11-04T17:21:06,15,0,0,15
2022-11-04T17:30:30,15,0,0,15
2022-11-04T17:40:05,15,0,0,15
2022-11-04T17:49:30,15,0,0,15
2022-11-04T17:58:54,15,0,0,15
2022-11-04T18:08:17,15,0,0,15
2022-11-04T18:17:41,15,0,0,15
2022-11-04T18:27:05,15,0,0,15
2022-11-04T18:36:29,15,0,0,15
2022-11-04T18:45:54,15,0,0,15
2022-11-04T18:55:18,15,0,0,15
2022-11-04T19:04:41,15,0,0,15
2022-11-04T19:14:05,15,0,0,15
2022-11-04T19:23:30,15,0,0,15
2022-11-04T19:33:08,15,0,0,15
2022-11-04T19:42:33,15,0,0,15
2022-11-04T19:51:57,15,0,0,15
2022-11-04T20:01:21,15,0,0,15
2022-11-04T20:10:45,15,0,0,15
2022-11-04T20:20:09,15,0,0,15
2022-11-04T20:29:33,15,0,0,15
2022-11-04T20:38:56,15,0,0,15
2022-11-04T20:48:20,15,0,0,15
2022-11-04T20:57:44,15,0,0,15
2022-11-04T21:07:08,15,0,0,15
2022-11-04T21:16:32,15,0,0,15
2022-11-04T21:25:56,15,0,0,15
2022-11-04T21:35:31,15,0,0,15
2022-11-04T21:44:54,15,0,0,15
2022-11-04T21:54:18,15,0,0,15
2022-11-04T22:03:43,15,0,0,15
2022-11-04T22:13:07,15,0,0,15
2022-11-04T22:22:31,15,0,0,15
2022-11-04T22:31:56,15,0,0,15
2022-11-04T22:41:19,15,0,0,15
2022-11-04T22:50:43,15,0,0,15
2022-11-04T23:00:06,15,0,0,15
2022-11-04T23:09:32,15,0,0,15
2022-11-04T23:18:57,15,0,0,15
2022-11-04T23:28:23,15,0,0,15
2022-11-04T23:37:50,15,0,0,15
2022-11-04T23:47:15,15,0,0,15
2022-11-04T23:56:40,15,0,0,15
2022-11-05T00:06:17,15,0,0,15
2022-11-05T00:15:44,15,0,0,15
2022-11-05T00:25:11,15,0,0,15
2022-11-05T00:34:38,15,0,0,15
2022-11-05T00:44:05,15,0,0,15
2022-11-05T00:53:32,15,0,0,15
2022-11-05T01:02:59,15,0,0,15
2022-11-05T01:12:25,15,0,0,15
2022-11-05T01:21:50,15,0,0,15
2022-11-05T01:31:17,15,0,0,15
2022-11-05T01:40:44,15,0,0,15
2022-11-05T01:50:10,15,0,0,15
2022-11-05T01:59:36,15,0,0,15
2022-11-05T02:09:00,15,0,0,15
2022-11-05T02:18:23,15,0,0,15
2022-11-05T02:27:46,15,0,0,15
2022-11-05T02:37:09,15,0,0,15
2022-11-05T02:46:33,15,0,0,15
2022-11-05T02:55:57,15,0,0,15
2022-11-05T03:05:19,15,0,0,15
2022-11-05T03:14:42,15,0,0,15
2022-11-05T03:24:05,15,0,0,15
2022-11-05T03:33:29,15,0,0,15
2022-11-05T03:42:55,15,0,0,15
2022-11-05T03:52:21,15,0,0,15
2022-11-05T04:01:47,15,0,0,15
2022-11-05T04:23:59,15,0,0,15
2022-11-05T04:33:48,15,0,0,15
2022-11-05T04:43:16,15,0,0,15
2022-11-05T04:52:40,15,0,0,15
2022-11-05T05:02:04,15,0,0,15
2022-11-05T05:11:31,15,0,0,15
2022-11-05T05:23:10,15,0,0,15
2022-11-05T05:32:37,15,0,0,15
2022-11-05T05:42:03,15,0,0,15
2022-11-05T05:51:30,15,0,0,15
2022-11-05T06:00:59,15,0,0,15
2022-11-05T06:10:27,15,0,0,15
2022-11-05T06:19:56,15,0,0,15
2022-11-05T06:29:23,15,0,0,15
2022-11-05T06:38:51,15,0,0,15
2022-11-05T06:48:20,15,0,0,15
2022-11-05T06:57:48,15,0,0,15
2022-11-05T07:07:18,15,0,0,15
2022-11-05T07:16:48,15,0,0,15
2022-11-05T07:26:18,15,0,0,15
2022-11-05T07:35:48,15,0,0,15
2022-11-05T07:45:18,15,0,0,15
2022-11-05T07:54:47,15,0,0,15
2022-11-05T08:04:16,15,0,0,15
2022-11-05T08:13:44,15,0,0,15
2022-11-05T08:23:13,15,0,0,15
2022-11-05T08:32:40,15,0,0,15
2022-11-05T08:42:08,15,0,0,15
2022-11-05T08:51:35,15,0,0,15
2022-11-05T09:01:02,15,0,0,15
2022-11-05T09:10:29,15,0,0,15
2022-11-05T09:19:56,15,0,0,15
2022-11-05T09:29:23,15,0,0,15
2022-11-05T09:38:49,15,0,0,15
2022-11-05T09:48:24,15,0,0,15
2022-11-05T09:57:51,15,0,0,15
2022-11-05T10:07:17,15,0,0,15
2022-11-05T10:16:43,15,0,0,15
2022-11-05T10:26:08,15,0,0,15
2022-11-05T10:35:33,15,0,0,15
2022-11-05T10:44:58,15,0,0,15
2022-11-05T10:54:23,15,0,0,15
2022-11-05T11:03:49,15,0,0,15
2022-11-05T11:13:14,15,0,0,15
2022-11-05T11:22:40,15,0,0,15
2022-11-05T11:32:06,15,0,0,15
2022-11-05T11:41:33,15,0,0,15
2022-11-05T11:51:12,15,0,0,15
2022-11-05T12:00:37,15,0,0,15
2022-11-05T12:10:03,15,0,0,15
2022-11-05T12:19:27,15,0,0,15
2022-11-05T12:28:53,15,0,0,15
2022-11-05T12:38:19,15,0,0,15
2022-11-05T12:47:44,15,0,0,15
2022-11-05T12:57:10,15,0,0,15
2022-11-05T13:06:36,15,0,0,15
2022-11-05T13:16:01,15,0,0,15
2022-11-05T13:25:26,15,0,0,15
2022-11-05T13:35:02,15,0,0,15
2022-11-05T13:44:27,15,0,0,15
2022-11-05T13:53:52,15,0,0,15
2022-11-05T14:03:16,15,0,0,15
2022-11-05T14:12:42,15,0,0,15
2022-11-05T14:22:07,15,0,0,15
2022-11-05T14:31:32,15,0,0,15
2022-11-05T14:40:57,15,0,0,15
2022-11-05T14:50:22,15,0,0,15
2022-11-05T14:59:47,15,0,0,15
2022-11-05T15:09:13,15,0,0,15
2022-11-05T15:18:38,15,0,0,15
2022-11-05T15:28:04,15,0,0,15
2022-11-05T15:37:29,15,0,0,15
2022-11-05T15:46:56,15,0,0,15
2022-11-05T15:56:31,15,0,0,15
2022-11-05T16:05:55,15,0,0,15
2022-11-05T16:15:21,15,0,0,15
2022-11-05T16:24:45,15,0,0,15
2022-11-05T16:34:10,15,0,0,15
2022-11-05T16:43:36,15,0,0,15
2022-11-05T16:53:01,15,0,0,15
2022-11-05T17:02:26,15,0,0,15
2022-11-05T17:11:52,15,0,0,15
2022-11-05T17:21:16,15,0,0,15
2022-11-05T17:30:41,15,0,0,15
2022-11-05T17:40:06,15,0,0,15
2022-11-05T17:49:31,15,0,0,15
2022-11-05T17:59:05,15,0,0,15
2022-11-05T18:08:30,15,0,0,15
2022-11-05T18:17:55,15,0,0,15
2022-11-05T18:27:21,15,0,0,15
2022-11-05T18:36:46,15,0,0,15
2022-11-05T18:46:10,15,0,0,15
2022-11-05T18:55:36,15,0,0,15
2022-11-05T19:05:02,15,0,0,15
2022-11-05T19:14:26,15,0,0,15
2022-11-05T19:23:51,15,0,0,15
2022-11-05T19:33:15,15,0,0,15
