time,enrolled,available,waitlisted,total
2022-05-18T04:33:40,0,20,0,20
2022-05-18T04:44:13,0,20,0,20
2022-05-18T04:54:23,0,20,0,20
2022-05-18T05:04:35,0,20,0,20
2022-05-18T05:14:44,0,20,0,20
2022-05-18T05:24:55,0,20,0,20
2022-05-18T05:35:06,0,20,0,20
2022-05-18T05:45:15,0,20,0,20
2022-05-18T05:55:26,0,20,0,20
2022-05-18T06:05:39,0,20,0,20
2022-05-18T06:15:47,0,20,0,20
2022-05-18T06:25:56,0,20,0,20
2022-05-18T06:36:04,0,20,0,20
2022-05-18T06:46:11,0,20,0,20
2022-05-18T06:56:19,0,20,0,20
2022-05-18T07:06:27,0,20,0,20
2022-05-18T07:16:36,0,20,0,20
2022-05-18T07:26:43,0,20,0,20
2022-05-18T07:36:51,0,20,0,20
2022-05-18T07:47:00,0,20,0,20
2022-05-18T07:57:08,0,20,0,20
2022-05-18T08:07:16,0,20,0,20
2022-05-18T08:17:23,0,20,0,20
2022-05-18T08:27:32,0,20,0,20
2022-05-18T08:37:41,0,20,0,20
2022-05-18T08:47:50,0,20,0,20
2022-05-18T08:58:00,0,20,0,20
2022-05-18T09:08:21,0,20,0,20
2022-05-18T09:18:29,0,20,0,20
2022-05-18T09:28:38,0,20,0,20
2022-05-18T09:38:47,0,20,0,20
2022-05-18T09:48:56,0,20,0,20
2022-05-18T09:59:07,0,20,0,20
2022-05-18T10:09:19,0,20,0,20
2022-05-18T10:19:30,0,20,0,20
2022-05-18T10:29:41,0,20,0,20
2022-05-18T10:40:04,0,20,0,20
2022-05-18T10:50:13,0,20,0,20
2022-05-18T11:00:23,0,20,0,20
2022-05-18T11:10:34,0,20,0,20
2022-05-18T11:20:43,0,20,0,20
2022-05-18T11:30:52,0,20,0,20
2022-05-18T11:41:01,0,20,0,20
2022-05-18T11:51:09,0,20,0,20
2022-05-18T12:01:28,0,20,0,20
2022-05-18T12:11:37,0,20,0,20
2022-05-18T12:21:45,0,20,0,20
2022-05-18T12:31:56,0,20,0,20
2022-05-18T12:42:06,0,20,0,20
2022-05-18T12:52:16,0,20,0,20
2022-05-18T13:02:26,0,20,0,20
2022-05-18T13:12:47,0,20,0,20
2022-05-18T13:22:57,0,20,0,20
2022-05-18T13:33:07,0,20,0,20
2022-05-18T13:43:19,0,20,0,20
2022-05-18T13:53:29,0,20,0,20
2022-05-18T14:03:40,0,20,0,20
2022-05-18T14:13:50,0,20,0,20
2022-05-18T14:24:01,0,20,0,20
2022-05-18T14:34:23,0,20,0,20
2022-05-18T14:44:33,0,20,0,20
2022-05-18T14:54:43,0,20,0,20
2022-05-18T15:04:54,0,20,0,20
2022-05-18T15:15:06,0,20,0,20
2022-05-18T15:25:16,0,20,0,20
2022-05-18T15:35:38,0,20,0,20
2022-05-18T15:45:48,0,20,0,20
2022-05-18T15:55:59,0,20,0,20
2022-05-18T16:06:10,0,20,0,20
2022-05-18T16:16:21,0,20,0,20
2022-05-18T16:26:31,0,20,0,20
2022-05-18T16:36:41,0,20,0,20
2022-05-18T16:46:51,0,20,0,20
2022-05-18T16:57:01,0,20,0,20
2022-05-18T17:07:21,0,20,0,20
2022-05-18T17:17:32,0,20,0,20
2022-05-18T17:27:41,0,20,0,20
2022-05-18T17:37:50,0,20,0,20
2022-05-18T17:47:59,0,20,0,20
2022-05-18T17:58:08,0,20,0,20
2022-05-18T18:08:18,0,20,0,20
2022-05-18T18:18:28,0,20,0,20
2022-05-18T18:28:38,0,20,0,20
2022-05-18T18:38:58,0,20,0,20
2022-05-18T18:49:07,0,20,0,20
2022-05-18T18:59:16,0,20,0,20
2022-05-18T19:09:25,0,20,0,20
2022-05-18T19:19:33,0,20,0,20
2022-05-18T19:29:43,0,20,0,20
2022-05-18T19:39:52,0,20,0,20
2022-05-18T19:50:01,0,20,0,20
2022-05-18T20:00:10,0,20,0,20
2022-05-18T20:10:19,0,20,0,20
2022-05-18T20:20:39,0,20,0,20
2022-05-18T20:30:47,0,20,0,20
2022-05-18T20:40:56,0,20,0,20
2022-05-18T20:51:05,0,20,0,20
2022-05-18T21:01:13,0,20,0,20
2022-05-18T21:11:24,0,20,0,20
2022-05-18T21:21:33,0,20,0,20
2022-05-18T21:31:42,0,20,0,20
2022-05-18T21:41:51,0,20,0,20
2022-05-18T21:52:10,0,20,0,20
2022-05-18T22:02:19,0,20,0,20
2022-05-18T22:12:28,0,20,0,20
2022-05-18T22:22:36,0,20,0,20
2022-05-18T22:32:46,0,20,0,20
2022-05-18T22:42:54,0,20,0,20
2022-05-18T22:53:03,0,20,0,20
2022-05-18T23:03:13,0,20,0,20
2022-05-18T23:13:23,0,20,0,20
2022-05-18T23:23:32,0,20,0,20
2022-05-18T23:33:55,0,20,0,20
2022-05-18T23:44:04,0,20,0,20
2022-05-18T23:54:13,0,20,0,20
2022-05-19T00:04:23,0,20,0,20
2022-05-19T00:14:36,0,20,0,20
2022-05-19T00:24:48,0,20,0,20
2022-05-19T00:35:03,0,20,0,20
2022-05-19T00:45:17,0,20,0,20
2022-05-19T00:55:28,0,20,0,20
2022-05-19T01:05:38,0,20,0,20
2022-05-19T01:15:47,0,20,0,20
2022-05-19T01:25:57,0,20,0,20
2022-05-19T01:36:06,0,20,0,20
2022-05-19T01:46:16,0,20,0,20
2022-05-19T01:56:36,0,20,0,20
2022-05-19T02:06:47,0,20,0,20
2022-05-19T02:16:56,0,20,0,20
2022-05-19T02:27:05,0,20,0,20
2022-05-19T02:37:13,0,20,0,20
2022-05-19T02:47:21,0,20,0,20
2022-05-19T02:57:29,0,20,0,20
2022-05-19T03:07:38,0,20,0,20
2022-05-19T03:17:49,0,20,0,20
2022-05-19T03:28:08,0,20,0,20
2022-05-19T03:38:20,0,20,0,20
2022-05-19T03:48:30,0,20,0,20
2022-05-19T03:58:41,0,20,0,20
2022-05-19T04:08:52,0,20,0,20
2022-05-19T04:24:51,0,20,0,20
2022-05-19T04:36:11,0,20,0,20
2022-05-19T04:46:38,0,20,0,20
2022-05-19T04:56:49,0,20,0,20
2022-05-19T05:07:02,0,20,0,20
2022-05-19T05:17:13,0,20,0,20
2022-05-19T05:27:24,0,20,0,20
2022-05-19T05:37:35,0,20,0,20
2022-05-19T05:47:45,0,20,0,20
2022-05-19T05:57:56,0,20,0,20
2022-05-19T06:08:07,0,20,0,20
2022-05-19T06:18:18,0,20,0,20
2022-05-19T06:28:29,0,20,0,20
2022-05-19T06:38:40,0,20,0,20
2022-05-19T06:48:51,0,20,0,20
2022-05-19T06:59:01,0,20,0,20
2022-05-19T07:09:15,0,20,0,20
2022-05-19T07:19:25,0,20,0,20
2022-05-19T07:29:34,0,20,0,20
2022-05-19T07:39:45,0,20,0,20
2022-05-19T07:49:54,0,20,0,20
2022-05-19T08:00:03,0,20,0,20
2022-05-19T08:10:12,0,20,0,20
2022-05-19T08:20:21,0,20,0,20
2022-05-19T08:30:31,0,20,0,20
2022-05-19T08:40:41,0,20,0,20
2022-05-19T08:50:52,0,20,0,20
2022-05-19T09:01:02,0,20,0,20
2022-05-19T09:11:29,0,20,0,20
2022-05-19T09:21:39,0,20,0,20
2022-05-19T09:31:50,0,20,0,20
2022-05-19T09:42:01,0,20,0,20
2022-05-19T09:52:12,0,20,0,20
2022-05-19T10:02:24,0,20,0,20
2022-05-19T10:12:35,0,20,0,20
2022-05-19T10:22:47,0,20,0,20
2022-05-19T10:33:04,0,20,0,20
2022-05-19T10:43:16,0,20,0,20
2022-05-19T10:53:29,0,20,0,20
2022-05-19T11:03:42,0,20,0,20
2022-05-19T11:13:56,0,20,0,20
2022-05-19T11:24:21,0,20,0,20
2022-05-19T11:34:34,0,20,0,20
2022-05-19T11:44:46,0,20,0,20
2022-05-19T11:54:58,0,20,0,20
2022-05-19T12:05:10,0,20,0,20
2022-05-19T12:15:22,0,20,0,20
2022-05-19T12:25:34,0,20,0,20
2022-05-19T12:35:46,0,20,0,20
2022-05-19T12:46:19,0,20,0,20
2022-05-19T12:56:33,0,20,0,20
2022-05-19T13:06:48,0,20,0,20
2022-05-19T13:17:02,0,20,0,20
2022-05-19T13:27:16,0,20,0,20
2022-05-19T13:37:30,0,20,0,20
2022-05-19T13:47:45,0,20,0,20
2022-05-19T13:58:10,0,20,0,20
2022-05-19T14:08:26,0,20,0,20
2022-05-19T14:18:41,0,20,0,20
2022-05-19T14:28:57,0,20,0,20
2022-05-19T14:39:14,0,20,0,20
2022-05-19T14:49:31,0,20,0,20
2022-05-19T14:59:48,0,20,0,20
2022-05-19T15:10:24,0,20,0,20
2022-05-19T15:20:41,0,20,0,20
2022-05-19T15:30:59,0,20,0,20
2022-05-19T15:41:17,0,20,0,20
2022-05-19T15:51:37,0,20,0,20
2022-05-19T16:01:55,0,20,0,20
2022-05-19T16:12:12,0,20,0,20
2022-05-19T16:22:30,0,20,0,20
2022-05-19T16:32:49,0,20,0,20
2022-05-19T16:43:19,0,20,0,20
2022-05-19T16:53:36,0,20,0,20
2022-05-19T17:03:53,0,20,0,20
2022-05-19T17:14:11,0,20,0,20
2022-05-19T17:24:28,0,20,0,20
2022-05-19T17:34:43,0,20,0,20
2022-05-19T17:45:00,0,20,0,20
2022-05-19T17:55:35,0,20,0,20
2022-05-19T18:05:51,0,20,0,20
2022-05-19T18:16:06,0,20,0,20
2022-05-19T18:26:21,0,20,0,20
2022-05-19T18:36:37,0,20,0,20
2022-05-19T18:46:52,0,20,0,20
2022-05-19T18:57:12,0,20,0,20
2022-05-19T19:07:36,0,20,0,20
2022-05-19T19:18:03,0,20,0,20
2022-05-19T19:28:41,0,20,0,20
2022-05-19T19:39:11,0,20,0,20
2022-05-19T19:49:37,0,20,0,20
2022-05-19T20:00:02,0,20,0,20
2022-05-19T20:10:30,0,20,0,20
2022-05-19T20:20:51,0,20,0,20
2022-05-19T20:31:18,0,20,0,20
2022-05-19T20:41:35,0,20,0,20
2022-05-19T20:51:56,0,20,0,20
2022-05-19T21:02:19,0,20,0,20
2022-05-19T21:12:42,0,20,0,20
2022-05-19T21:23:04,0,20,0,20
2022-05-19T21:33:27,0,20,0,20
2022-05-19T21:43:50,0,20,0,20
2022-05-19T21:54:22,0,20,0,20
2022-05-19T22:04:45,0,20,0,20
2022-05-19T22:15:06,0,20,0,20
2022-05-19T22:25:24,0,20,0,20
2022-05-19T22:35:42,0,20,0,20
2022-05-19T22:45:59,0,20,0,20
2022-05-19T22:56:13,0,20,0,20
2022-05-19T23:06:28,0,20,0,20
2022-05-19T23:16:43,0,20,0,20
2022-05-19T23:27:02,0,20,0,20
2022-05-19T23:37:37,0,20,0,20
2022-05-19T23:47:51,0,20,0,20
2022-05-19T23:58:05,0,20,0,20
2022-05-20T00:08:23,0,20,0,20
2022-05-20T00:18:43,0,20,0,20
2022-05-20T00:28:58,0,20,0,20
2022-05-20T00:39:14,0,20,0,20
2022-05-20T00:49:30,0,20,0,20
2022-05-20T00:59:46,0,20,0,20
2022-05-20T01:10:02,0,20,0,20
2022-05-20T01:20:29,0,20,0,20
2022-05-20T01:30:43,0,20,0,20
2022-05-20T01:40:57,0,20,0,20
2022-05-20T01:51:13,0,20,0,20
2022-05-20T02:01:27,0,20,0,20
2022-05-20T02:11:42,0,20,0,20
2022-05-20T02:22:05,0,20,0,20
2022-05-20T02:32:21,0,20,0,20
2022-05-20T02:42:37,0,20,0,20
2022-05-20T02:52:51,0,20,0,20
2022-05-20T03:03:06,0,20,0,20
2022-05-20T03:13:20,0,20,0,20
2022-05-20T03:23:34,0,20,0,20
2022-05-20T03:33:48,0,20,0,20
2022-05-20T03:44:03,0,20,0,20
2022-05-20T03:54:19,0,20,0,20
2022-05-20T04:30:26,0,20,0,20
2022-05-20T04:40:54,0,20,0,20
2022-05-20T04:51:11,0,20,0,20
2022-05-20T05:01:27,0,20,0,20
2022-05-20T05:11:43,0,20,0,20
2022-05-20T05:21:58,0,20,0,20
2022-05-20T05:32:14,0,20,0,20
2022-05-20T05:42:29,0,20,0,20
2022-05-20T05:52:45,0,20,0,20
2022-05-20T06:03:01,0,20,0,20
2022-05-20T06:13:15,0,20,0,20
2022-05-20T06:23:31,0,20,0,20
2022-05-20T06:33:46,0,20,0,20
2022-05-20T06:44:00,0,20,0,20
2022-05-20T06:54:14,0,20,0,20
2022-05-20T07:04:30,0,20,0,20
2022-05-20T07:14:44,0,20,0,20
2022-05-20T07:24:58,0,20,0,20
2022-05-20T07:35:11,0,20,0,20
2022-05-20T07:45:26,0,20,0,20
2022-05-20T07:55:40,0,20,0,20
2022-05-20T08:05:54,0,20,0,20
2022-05-20T08:16:08,0,20,0,20
2022-05-20T08:26:24,0,20,0,20
2022-05-20T08:36:38,0,20,0,20
2022-05-20T08:46:53,0,20,0,20
2022-05-20T08:57:08,0,20,0,20
2022-05-20T09:07:23,0,20,0,20
2022-05-20T09:17:51,0,20,0,20
2022-05-20T09:28:07,0,20,0,20
2022-05-20T09:38:22,0,20,0,20
2022-05-20T09:48:38,0,20,0,20
2022-05-20T09:58:55,0,20,0,20
2022-05-20T10:09:11,0,20,0,20
2022-05-20T10:19:27,0,20,0,20
2022-05-20T10:29:43,0,20,0,20
2022-05-20T10:39:58,0,20,0,20
2022-05-20T10:50:27,0,20,0,20
2022-05-20T11:00:43,0,20,0,20
2022-05-20T11:11:00,0,20,0,20
2022-05-20T11:21:16,0,20,0,20
2022-05-20T11:31:32,0,20,0,20
2022-05-20T11:41:48,0,20,0,20
2022-05-20T11:52:17,0,20,0,20
2022-05-20T12:02:34,0,20,0,20
2022-05-20T12:12:49,0,20,0,20
2022-05-20T12:23:04,0,20,0,20
2022-05-20T12:33:19,0,20,0,20
2022-05-20T12:43:35,0,20,0,20
2022-05-20T12:53:50,0,20,0,20
2022-05-20T13:04:18,0,20,0,20
2022-05-20T13:14:34,0,20,0,20
2022-05-20T13:24:50,0,20,0,20
2022-05-20T13:35:07,0,20,0,20
2022-05-20T13:45:23,0,20,0,20
2022-05-20T13:55:39,0,20,0,20
2022-05-20T14:06:05,0,20,0,20
2022-05-20T14:16:21,0,20,0,20
2022-05-20T14:26:36,0,20,0,20
2022-05-20T14:36:52,0,20,0,20
2022-05-20T14:47:07,0,20,0,20
2022-05-20T14:57:23,0,20,0,20
2022-05-20T15:07:48,0,20,0,20
2022-05-20T15:18:04,0,20,0,20
2022-05-20T15:28:19,0,20,0,20
2022-05-20T15:38:34,0,20,0,20
2022-05-20T15:48:49,0,20,0,20
2022-05-20T15:59:04,0,20,0,20
2022-05-20T16:09:19,0,20,0,20
2022-05-20T16:19:45,0,20,0,20
2022-05-20T16:30:00,0,20,0,20
2022-05-20T16:40:14,0,20,0,20
2022-05-20T16:50:28,0,20,0,20
2022-05-20T17:00:42,0,20,0,20
2022-05-20T17:10:57,0,20,0,20
2022-05-20T17:21:11,0,20,0,20
2022-05-20T17:31:25,0,20,0,20
2022-05-20T17:41:39,0,20,0,20
2022-05-20T17:51:53,0,20,0,20
2022-05-20T18:02:07,0,20,0,20
2022-05-20T18:12:30,0,20,0,20
2022-05-20T18:22:43,0,20,0,20
2022-05-20T18:32:57,0,20,0,20
2022-05-20T18:43:10,0,20,0,20
2022-05-20T18:53:24,0,20,0,20
2022-05-20T19:03:37,0,20,0,20
2022-05-20T19:13:52,0,20,0,20
2022-05-20T19:24:06,0,20,0,20
2022-05-20T19:34:19,0,20,0,20
2022-05-20T19:44:34,0,20,0,20
2022-05-20T19:54:47,0,20,0,20
2022-05-20T20:05:11,0,20,0,20
2022-05-20T20:15:24,0,20,0,20
2022-05-20T20:25:38,0,20,0,20
2022-05-20T20:35:52,0,20,0,20
2022-05-20T20:46:05,0,20,0,20
2022-05-20T20:56:19,0,20,0,20
2022-05-20T21:06:32,0,20,0,20
2022-05-20T21:16:46,0,20,0,20
2022-05-20T21:27:10,0,20,0,20
2022-05-20T21:37:24,0,20,0,20
2022-05-20T21:47:37,0,20,0,20
2022-05-20T21:57:51,0,20,0,20
2022-05-20T22:08:05,0,20,0,20
2022-05-20T22:18:19,0,20,0,20
2022-05-20T22:28:34,0,20,0,20
2022-05-20T22:38:47,0,20,0,20
2022-05-20T22:49:01,0,20,0,20
2022-05-20T22:59:14,0,20,0,20
2022-05-20T23:09:28,0,20,0,20
2022-05-20T23:19:53,0,20,0,20
2022-05-20T23:30:07,0,20,0,20
2022-05-20T23:40:20,0,20,0,20
2022-05-20T23:50:34,0,20,0,20
2022-05-21T00:00:47,0,20,0,20
2022-05-21T00:11:03,0,20,0,20
2022-05-21T00:21:19,0,20,0,20
2022-05-21T00:31:35,0,20,0,20
2022-05-21T00:41:51,0,20,0,20
2022-05-21T00:52:07,0,20,0,20
2022-05-21T01:02:22,0,20,0,20
2022-05-21T01:12:38,0,20,0,20
2022-05-21T01:22:52,0,20,0,20
2022-05-21T01:33:07,0,20,0,20
2022-05-21T01:43:23,0,20,0,20
2022-05-21T01:53:37,0,20,0,20
2022-05-21T02:04:02,0,20,0,20
2022-05-21T02:14:16,0,20,0,20
2022-05-21T02:24:29,0,20,0,20
2022-05-21T02:34:42,0,20,0,20
2022-05-21T02:44:55,0,20,0,20
2022-05-21T02:55:08,0,20,0,20
2022-05-21T03:05:21,0,20,0,20
2022-05-21T03:15:36,0,20,0,20
2022-05-21T03:25:55,0,20,0,20
2022-05-21T03:36:10,0,20,0,20
2022-05-21T03:46:26,0,20,0,20
2022-05-21T03:56:41,0,20,0,20
2022-05-21T04:06:56,0,20,0,20
2022-05-21T04:22:17,0,20,0,20
2022-05-21T04:33:42,0,20,0,20
2022-05-21T04:44:14,0,20,0,20
2022-05-21T04:54:29,0,20,0,20
2022-05-21T05:04:45,0,20,0,20
2022-05-21T05:15:00,0,20,0,20
2022-05-21T05:25:16,0,20,0,20
2022-05-21T05:35:32,0,20,0,20
2022-05-21T05:45:48,0,20,0,20
2022-05-21T05:56:04,0,20,0,20
2022-05-21T06:06:20,0,20,0,20
2022-05-21T06:16:34,0,20,0,20
2022-05-21T06:26:51,0,20,0,20
2022-05-21T06:37:06,0,20,0,20
2022-05-21T06:47:22,0,20,0,20
2022-05-21T06:57:37,0,20,0,20
2022-05-21T07:07:53,0,20,0,20
2022-05-21T07:18:08,0,20,0,20
2022-05-21T07:28:23,0,20,0,20
2022-05-21T07:38:38,0,20,0,20
2022-05-21T07:48:53,0,20,0,20
2022-05-21T07:59:07,0,20,0,20
2022-05-21T08:09:22,0,20,0,20
2022-05-21T08:19:39,0,20,0,20
2022-05-21T08:29:53,0,20,0,20
2022-05-21T08:40:08,0,20,0,20
2022-05-21T08:50:45,0,20,0,20
2022-05-21T09:00:58,0,20,0,20
2022-05-21T09:11:12,0,20,0,20
2022-05-21T09:21:24,0,20,0,20
2022-05-21T09:31:37,0,20,0,20
2022-05-21T09:41:50,0,20,0,20
2022-05-21T09:52:04,0,20,0,20
2022-05-21T10:02:17,0,20,0,20
2022-05-21T10:12:31,0,20,0,20
2022-05-21T10:22:44,0,20,0,20
2022-05-21T10:32:57,0,20,0,20
2022-05-21T10:43:10,0,20,0,20
2022-05-21T10:53:23,0,20,0,20
2022-05-21T11:03:37,0,20,0,20
2022-05-21T11:14:02,0,20,0,20
2022-05-21T11:24:15,0,20,0,20
2022-05-21T11:34:29,0,20,0,20
2022-05-21T11:44:43,0,20,0,20
2022-05-21T11:54:56,0,20,0,20
2022-05-21T12:05:10,0,20,0,20
2022-05-21T12:15:24,0,20,0,20
2022-05-21T12:25:38,0,20,0,20
2022-05-21T12:36:11,0,20,0,20
2022-05-21T12:46:24,0,20,0,20
2022-05-21T12:56:38,0,20,0,20
2022-05-21T13:06:52,0,20,0,20
2022-05-21T13:17:05,0,20,0,20
2022-05-21T13:27:18,0,20,0,20
2022-05-21T13:37:32,0,20,0,20
2022-05-21T13:47:45,0,20,0,20
2022-05-21T13:57:58,0,20,0,20
2022-05-21T14:08:12,0,20,0,20
2022-05-21T14:18:35,0,20,0,20
2022-05-21T14:28:49,0,20,0,20
2022-05-21T14:39:02,0,20,0,20
2022-05-21T14:49:16,0,20,0,20
2022-05-21T14:59:31,0,20,0,20
2022-05-21T15:09:45,0,20,0,20
2022-05-21T15:19:59,0,20,0,20
2022-05-21T15:30:22,0,20,0,20
2022-05-21T15:40:36,0,20,0,20
2022-05-21T15:50:49,0,20,0,20
2022-05-21T16:01:03,0,20,0,20
2022-05-21T16:11:16,0,20,0,20
2022-05-21T16:21:30,0,20,0,20
2022-05-21T16:31:43,0,20,0,20
2022-05-21T16:41:57,0,20,0,20
2022-05-21T16:52:10,0,20,0,20
2022-05-21T17:02:42,0,20,0,20
2022-05-21T17:12:56,0,20,0,20
2022-05-21T17:23:10,0,20,0,20
2022-05-21T17:33:24,0,20,0,20
2022-05-21T17:43:37,0,20,0,20
2022-05-21T17:53:50,0,20,0,20
2022-05-21T18:04:03,0,20,0,20
2022-05-21T18:14:17,1,19,0,20
2022-05-21T18:24:30,1,19,0,20
2022-05-21T18:34:44,1,19,0,20
2022-05-21T18:44:58,1,19,0,20
2022-05-21T18:55:39,1,19,0,20
2022-05-21T19:05:52,1,19,0,20
2022-05-21T19:16:06,1,19,0,20
2022-05-21T19:26:19,1,19,0,20
2022-05-21T19:36:32,1,19,0,20
2022-05-21T19:46:47,1,19,0,20
2022-05-21T19:57:01,1,19,0,20
2022-05-21T20:07:16,1,19,0,20
2022-05-21T20:17:29,1,19,0,20
2022-05-21T20:27:42,1,19,0,20
2022-05-21T20:38:07,1,19,0,20
2022-05-21T20:48:21,1,19,0,20
2022-05-21T20:58:35,1,19,0,20
2022-05-21T21:08:48,1,19,0,20
2022-05-21T21:19:02,1,19,0,20
2022-05-21T21:29:15,1,19,0,20
2022-05-21T21:39:28,1,19,0,20
2022-05-21T21:49:42,1,19,0,20
2022-05-21T21:59:55,1,19,0,20
2022-05-21T22:10:08,1,19,0,20
2022-05-21T22:20:45,1,19,0,20
2022-05-21T22:30:58,1,19,0,20
2022-05-21T22:41:11,1,19,0,20
2022-05-21T22:51:24,1,19,0,20
2022-05-21T23:01:37,1,19,0,20
2022-05-21T23:11:51,1,19,0,20
2022-05-21T23:22:05,1,19,0,20
2022-05-21T23:32:18,1,19,0,20
2022-05-21T23:42:30,1,19,0,20
2022-05-21T23:52:43,1,19,0,20
2022-05-22T00:02:57,1,19,0,20
2022-05-22T00:13:11,1,19,0,20
2022-05-22T00:23:26,1,19,0,20
2022-05-22T00:33:52,1,19,0,20
2022-05-22T00:44:06,1,19,0,20
2022-05-22T00:54:19,1,19,0,20
2022-05-22T01:04:32,1,19,0,20
2022-05-22T01:14:44,1,19,0,20
2022-05-22T01:24:57,1,19,0,20
2022-05-22T01:35:10,1,19,0,20
2022-05-22T01:45:23,1,19,0,20
2022-05-22T01:55:36,1,19,0,20
2022-05-22T02:05:48,1,19,0,20
2022-05-22T02:16:01,1,19,0,20
2022-05-22T02:26:15,1,19,0,20
2022-05-22T02:36:32,1,19,0,20
2022-05-22T02:46:48,1,19,0,20
2022-05-22T02:57:03,1,19,0,20
2022-05-22T03:08:13,1,19,0,20
2022-05-22T03:18:29,1,19,0,20
2022-05-22T03:28:45,1,19,0,20
2022-05-22T03:39:01,1,19,0,20
2022-05-22T03:49:25,1,19,0,20
2022-05-22T03:59:40,1,19,0,20
2022-05-22T04:20:24,1,19,0,20
2022-05-22T04:31:06,1,19,0,20
2022-05-22T04:41:22,1,19,0,20
2022-05-22T04:51:38,1,19,0,20
2022-05-22T05:01:53,1,19,0,20
2022-05-22T05:12:10,1,19,0,20
2022-05-22T05:22:25,1,19,0,20
2022-05-22T05:32:40,1,19,0,20
2022-05-22T05:42:55,1,19,0,20
2022-05-22T05:53:12,1,19,0,20
2022-05-22T06:03:27,1,19,0,20
2022-05-22T06:13:42,1,19,0,20
2022-05-22T06:23:57,1,19,0,20
2022-05-22T06:34:12,1,19,0,20
2022-05-22T06:44:27,1,19,0,20
2022-05-22T06:54:40,1,19,0,20
2022-05-22T07:04:55,1,19,0,20
2022-05-22T07:15:08,1,19,0,20
2022-05-22T07:25:21,1,19,0,20
2022-05-22T07:35:34,1,19,0,20
2022-05-22T07:45:48,1,19,0,20
2022-05-22T07:56:01,1,19,0,20
2022-05-22T08:06:13,1,19,0,20
2022-05-22T08:16:26,1,19,0,20
2022-05-22T08:26:40,1,19,0,20
2022-05-22T08:36:53,1,19,0,20
2022-05-22T08:47:06,1,19,0,20
2022-05-22T08:57:19,1,19,0,20
2022-05-22T09:07:32,1,19,0,20
2022-05-22T09:17:45,1,19,0,20
2022-05-22T09:27:58,1,19,0,20
2022-05-22T09:38:12,1,19,0,20
2022-05-22T09:48:25,1,19,0,20
2022-05-22T09:58:38,1,19,0,20
2022-05-22T10:08:51,1,19,0,20
2022-05-22T10:19:04,1,19,0,20
2022-05-22T10:29:19,1,19,0,20
2022-05-22T10:39:32,1,19,0,20
2022-05-22T10:49:47,1,19,0,20
2022-05-22T11:00:00,1,19,0,20
2022-05-22T11:10:21,1,19,0,20
2022-05-22T11:20:34,1,19,0,20
2022-05-22T11:30:47,1,19,0,20
2022-05-22T11:41:01,1,19,0,20
2022-05-22T11:51:14,1,19,0,20
2022-05-22T12:01:28,1,19,0,20
2022-05-22T12:11:41,1,19,0,20
2022-05-22T12:21:54,1,19,0,20
2022-05-22T12:32:07,1,19,0,20
2022-05-22T12:42:20,1,19,0,20
2022-05-22T12:52:34,1,19,0,20
2022-05-22T13:02:47,1,19,0,20
2022-05-22T13:13:00,1,19,0,20
2022-05-22T13:23:22,1,19,0,20
2022-05-22T13:33:35,1,19,0,20
2022-05-22T13:43:48,1,19,0,20
2022-05-22T13:54:01,1,19,0,20
2022-05-22T14:04:17,1,19,0,20
2022-05-22T14:14:30,1,19,0,20
2022-05-22T14:24:43,1,19,0,20
2022-05-22T14:34:57,1,19,0,20
2022-05-22T14:45:10,1,19,0,20
2022-05-22T14:55:22,1,19,0,20
2022-05-22T15:05:36,1,19,0,20
2022-05-22T15:15:49,1,19,0,20
2022-05-22T15:26:03,1,19,0,20
2022-05-22T15:36:16,1,19,0,20
2022-05-22T15:46:41,1,19,0,20
2022-05-22T15:56:54,1,19,0,20
2022-05-22T16:07:08,1,19,0,20
2022-05-22T16:17:21,1,19,0,20
2022-05-22T16:27:35,1,19,0,20
2022-05-22T16:37:49,1,19,0,20
2022-05-22T16:48:02,1,19,0,20
2022-05-22T16:58:15,1,19,0,20
2022-05-22T17:08:28,1,19,0,20
2022-05-22T17:18:42,1,19,0,20
2022-05-22T17:28:55,1,19,0,20
2022-05-22T17:39:08,1,19,0,20
2022-05-22T17:49:32,1,19,0,20
2022-05-22T17:59:45,1,19,0,20
2022-05-22T18:09:59,1,19,0,20
2022-05-22T18:20:12,1,19,0,20
2022-05-22T18:30:25,1,19,0,20
2022-05-22T18:40:39,1,19,0,20
2022-05-22T18:50:52,1,19,0,20
2022-05-22T19:01:06,1,19,0,20
2022-05-22T19:11:19,1,19,0,20
2022-05-22T19:21:35,1,19,0,20
2022-05-22T19:31:48,1,19,0,20
2022-05-22T19:42:01,1,19,0,20
2022-05-22T19:52:14,1,19,0,20
2022-05-22T20:02:38,1,19,0,20
2022-05-22T20:12:51,1,19,0,20
2022-05-22T20:23:06,1,19,0,20
2022-05-22T20:33:20,1,19,0,20
2022-05-22T20:43:34,1,19,0,20
2022-05-22T20:53:47,1,19,0,20
2022-05-22T21:04:00,1,19,0,20
2022-05-22T21:14:14,1,19,0,20
2022-05-22T21:24:27,1,19,0,20
2022-05-22T21:34:50,1,19,0,20
2022-05-22T21:45:04,1,19,0,20
2022-05-22T21:55:18,1,19,0,20
2022-05-22T22:05:32,1,19,0,20
2022-05-22T22:15:46,1,19,0,20
2022-05-22T22:26:01,1,19,0,20
2022-05-22T22:36:15,1,19,0,20
2022-05-22T22:46:29,1,19,0,20
2022-05-22T22:56:42,1,19,0,20
2022-05-22T23:07:06,1,19,0,20
2022-05-22T23:17:20,1,19,0,20
2022-05-22T23:27:35,1,19,0,20
2022-05-22T23:37:48,1,19,0,20
2022-05-22T23:48:03,1,19,0,20
2022-05-22T23:58:18,1,19,0,20
2022-05-23T00:08:33,1,19,0,20
2022-05-23T00:18:52,1,19,0,20
2022-05-23T00:29:06,1,19,0,20
2022-05-23T00:39:21,1,19,0,20
2022-05-23T00:49:36,1,19,0,20
2022-05-23T00:59:50,1,19,0,20
2022-05-23T01:10:17,1,19,0,20
2022-05-23T01:20:32,1,19,0,20
2022-05-23T01:30:48,1,19,0,20
2022-05-23T01:41:02,1,19,0,20
2022-05-23T01:51:16,1,19,0,20
2022-05-23T02:01:31,1,19,0,20
2022-05-23T02:13:59,1,19,0,20
2022-05-23T02:24:22,1,19,0,20
2022-05-23T02:34:37,1,19,0,20
2022-05-23T02:44:51,1,19,0,20
2022-05-23T02:55:06,1,19,0,20
2022-05-23T03:05:22,1,19,0,20
2022-05-23T03:15:37,1,19,0,20
2022-05-23T03:25:58,1,19,0,20
2022-05-23T03:36:14,1,19,0,20
2022-05-23T03:46:29,1,19,0,20
2022-05-23T03:56:44,1,19,0,20
2022-05-23T04:19:12,1,19,0,20
2022-05-23T04:30:38,1,19,0,20
2022-05-23T04:41:11,1,19,0,20
2022-05-23T04:51:28,1,19,0,20
2022-05-23T05:01:44,1,19,0,20
2022-05-23T05:12:00,1,19,0,20
2022-05-23T05:22:16,1,19,0,20
2022-05-23T05:32:32,1,19,0,20
2022-05-23T05:42:48,1,19,0,20
2022-05-23T05:53:03,1,19,0,20
2022-05-23T06:03:19,1,19,0,20
2022-05-23T06:13:33,1,19,0,20
2022-05-23T06:23:48,1,19,0,20
2022-05-23T06:34:02,1,19,0,20
2022-05-23T06:44:15,1,19,0,20
2022-05-23T06:54:30,1,19,0,20
2022-05-23T07:04:44,1,19,0,20
2022-05-23T07:14:58,1,19,0,20
2022-05-23T07:25:12,1,19,0,20
2022-05-23T07:35:27,1,19,0,20
2022-05-23T07:45:41,1,19,0,20
2022-05-23T07:55:55,1,19,0,20
2022-05-23T08:06:10,1,19,0,20
2022-05-23T08:16:25,1,19,0,20
2022-05-23T08:26:51,1,19,0,20
2022-05-23T08:37:07,1,19,0,20
2022-05-23T08:47:22,1,19,0,20
2022-05-23T08:57:38,1,19,0,20
2022-05-23T09:07:55,1,19,0,20
2022-05-23T09:18:12,1,19,0,20
2022-05-23T09:28:29,1,19,0,20
2022-05-23T09:38:47,1,19,0,20
2022-05-23T09:49:22,1,19,0,20
2022-05-23T09:59:38,1,19,0,20
2022-05-23T10:09:57,1,19,0,20
2022-05-23T10:20:15,1,19,0,20
2022-05-23T10:30:32,1,19,0,20
2022-05-23T10:40:50,1,19,0,20
2022-05-23T10:51:21,1,19,0,20
2022-05-23T11:01:39,1,19,0,20
2022-05-23T11:11:56,1,19,0,20
2022-05-23T11:22:13,1,19,0,20
2022-05-23T11:32:53,1,19,0,20
2022-05-23T11:43:12,1,19,0,20
2022-05-23T11:53:30,1,19,0,20
2022-05-23T12:03:51,1,19,0,20
2022-05-23T12:14:20,1,19,0,20
2022-05-23T12:24:38,1,19,0,20
2022-05-23T12:34:56,1,19,0,20
2022-05-23T12:45:24,1,19,0,20
2022-05-23T12:55:42,1,19,0,20
2022-05-23T13:06:02,1,19,0,20
2022-05-23T13:16:22,1,19,0,20
2022-05-23T13:27:01,1,19,0,20
2022-05-23T13:37:19,1,19,0,20
2022-05-23T13:47:39,1,19,0,20
2022-05-23T13:57:59,1,19,0,20
2022-05-23T14:08:31,1,19,0,20
2022-05-23T14:18:50,1,19,0,20
2022-05-23T14:29:08,1,19,0,20
2022-05-23T14:39:39,1,19,0,20
2022-05-23T14:49:57,1,19,0,20
2022-05-23T15:00:16,1,19,0,20
2022-05-23T15:10:48,1,19,0,20
2022-05-23T15:21:07,1,19,0,20
2022-05-23T15:31:26,1,19,0,20
2022-05-23T15:41:47,1,19,0,20
2022-05-23T15:52:26,1,19,0,20
2022-05-23T16:02:49,1,19,0,20
2022-05-23T16:13:08,1,19,0,20
2022-05-23T16:23:38,1,19,0,20
2022-05-23T16:33:58,1,19,0,20
2022-05-23T16:44:15,1,19,0,20
2022-05-23T16:54:32,1,19,0,20
2022-05-23T17:05:00,1,19,0,20
2022-05-23T17:15:19,1,19,0,20
2022-05-23T17:25:36,1,19,0,20
2022-05-23T17:36:03,1,19,0,20
2022-05-23T17:46:19,1,19,0,20
2022-05-23T17:56:35,1,19,0,20
2022-05-23T18:06:54,1,19,0,20
2022-05-23T18:17:32,1,19,0,20
2022-05-23T18:27:48,1,19,0,20
2022-05-23T18:38:05,1,19,0,20
2022-05-23T18:48:21,1,19,0,20
2022-05-23T18:58:47,1,19,0,20
2022-05-23T19:09:03,1,19,0,20
2022-05-23T19:19:19,1,19,0,20
2022-05-23T19:29:35,1,19,0,20
2022-05-23T19:39:51,1,19,0,20
2022-05-23T19:50:08,1,19,0,20
2022-05-23T20:00:36,1,19,0,20
2022-05-23T20:10:52,1,19,0,20
2022-05-23T20:21:08,1,19,0,20
2022-05-23T20:31:26,1,19,0,20
2022-05-23T20:41:41,1,19,0,20
2022-05-23T20:52:08,1,19,0,20
2022-05-23T21:02:23,1,19,0,20
2022-05-23T21:12:39,1,19,0,20
2022-05-23T21:22:54,1,19,0,20
2022-05-23T21:33:10,1,19,0,20
2022-05-23T21:43:27,1,19,0,20
2022-05-23T21:54:02,1,19,0,20
2022-05-23T22:04:18,1,19,0,20
2022-05-23T22:14:32,1,19,0,20
2022-05-23T22:24:48,1,19,0,20
2022-05-23T22:35:03,1,19,0,20
2022-05-23T22:45:29,1,19,0,20
2022-05-23T22:55:43,1,19,0,20
2022-05-23T23:05:59,1,19,0,20
2022-05-23T23:16:14,1,19,0,20
2022-05-23T23:26:29,1,19,0,20
2022-05-23T23:36:56,1,19,0,20
2022-05-23T23:47:11,1,19,0,20
2022-05-23T23:57:25,1,19,0,20
2022-05-24T00:07:41,1,19,0,20
2022-05-24T00:18:00,1,19,0,20
2022-05-24T00:28:16,1,19,0,20
2022-05-24T00:38:31,1,19,0,20
2022-05-24T00:49:08,1,19,0,20
2022-05-24T00:59:23,1,19,0,20
2022-05-24T01:09:38,1,19,0,20
2022-05-24T01:19:53,1,19,0,20
2022-05-24T01:30:08,1,19,0,20
2022-05-24T01:40:22,1,19,0,20
2022-05-24T01:50:37,1,19,0,20
2022-05-24T02:00:52,1,19,0,20
2022-05-24T02:11:06,1,19,0,20
2022-05-24T02:21:30,1,19,0,20
2022-05-24T02:31:43,1,19,0,20
2022-05-24T02:41:57,1,19,0,20
2022-05-24T02:52:11,1,19,0,20
2022-05-24T03:02:25,1,19,0,20
2022-05-24T03:12:38,1,19,0,20
2022-05-24T03:22:52,1,19,0,20
2022-05-24T03:33:08,1,19,0,20
2022-05-24T03:43:32,1,19,0,20
2022-05-24T03:53:49,1,19,0,20
2022-05-24T04:05:37,1,19,0,20
2022-05-24T04:27:56,1,19,0,20
2022-05-24T04:38:23,1,19,0,20
2022-05-24T04:48:40,1,19,0,20
2022-05-24T04:58:58,1,19,0,20
2022-05-24T05:09:18,1,19,0,20
2022-05-24T05:19:34,1,19,0,20
2022-05-24T05:29:51,1,19,0,20
2022-05-24T05:40:07,1,19,0,20
2022-05-24T05:50:24,1,19,0,20
2022-05-24T06:00:40,1,19,0,20
2022-05-24T06:10:56,1,19,0,20
2022-05-24T06:21:12,1,19,0,20
2022-05-24T06:31:28,1,19,0,20
2022-05-24T06:41:44,1,19,0,20
2022-05-24T06:51:59,1,19,0,20
2022-05-24T07:02:16,1,19,0,20
2022-05-24T07:12:32,1,19,0,20
2022-05-24T07:22:48,1,19,0,20
2022-05-24T07:33:03,1,19,0,20
2022-05-24T07:43:21,1,19,0,20
2022-05-24T07:53:35,1,19,0,20
2022-05-24T08:03:50,1,19,0,20
2022-05-24T08:14:04,1,19,0,20
2022-05-24T08:24:19,1,19,0,20
2022-05-24T08:34:35,1,19,0,20
2022-05-24T08:44:51,2,18,0,20
2022-05-24T08:55:06,2,18,0,20
2022-05-24T09:05:33,2,18,0,20
2022-05-24T09:15:50,2,18,0,20
2022-05-24T09:26:07,2,18,0,20
2022-05-24T09:36:25,2,18,0,20
2022-05-24T09:46:41,2,18,0,20
2022-05-24T09:56:59,2,18,0,20
2022-05-24T10:07:28,2,18,0,20
2022-05-24T10:17:45,2,18,0,20
2022-05-24T10:28:03,2,18,0,20
2022-05-24T10:38:22,2,18,0,20
2022-05-24T10:48:50,2,18,0,20
2022-05-24T10:59:08,2,18,0,20
2022-05-24T11:09:29,2,18,0,20
2022-05-24T11:19:48,3,17,0,20
2022-05-24T11:30:18,3,17,0,20
2022-05-24T11:40:38,3,17,0,20
2022-05-24T11:50:56,3,17,0,20
2022-05-24T12:01:15,3,17,0,20
2022-05-24T12:11:44,3,17,0,20
2022-05-24T12:22:02,3,17,0,20
2022-05-24T12:32:20,3,17,0,20
2022-05-24T12:42:37,3,17,0,20
2022-05-24T12:53:04,3,17,0,20
2022-05-24T13:03:24,3,17,0,20
2022-05-24T13:13:44,3,17,0,20
2022-05-24T13:24:06,3,17,0,20
2022-05-24T13:34:39,3,17,0,20
2022-05-24T13:45:02,3,17,0,20
2022-05-24T13:58:13,3,17,0,20
2022-05-24T14:08:47,3,17,0,20
2022-05-24T14:19:08,3,17,0,20
2022-05-24T14:29:29,3,17,0,20
2022-05-24T14:40:02,3,17,0,20
2022-05-24T14:50:23,3,17,0,20
2022-05-24T15:00:42,3,17,0,20
2022-05-24T15:11:15,3,17,0,20
2022-05-24T15:21:35,3,17,0,20
2022-05-24T15:31:54,3,17,0,20
2022-05-24T15:42:14,3,17,0,20
2022-05-24T15:52:45,3,17,0,20
2022-05-24T16:03:05,3,17,0,20
2022-05-24T16:13:26,3,17,0,20
2022-05-24T16:23:45,3,17,0,20
2022-05-24T16:34:18,3,17,0,20
2022-05-24T16:44:44,3,17,0,20
2022-05-24T16:55:08,3,17,0,20
2022-05-24T17:05:38,3,17,0,20
2022-05-24T17:16:20,3,17,0,20
2022-05-24T17:26:43,3,17,0,20
2022-05-24T17:37:08,3,17,0,20
2022-05-24T17:47:35,3,17,0,20
2022-05-24T17:58:10,4,16,0,20
2022-05-24T18:08:42,4,16,0,20
2022-05-24T18:19:02,4,16,0,20
2022-05-24T18:29:25,4,16,0,20
2022-05-24T18:39:56,4,16,0,20
2022-05-24T18:50:14,4,16,0,20
2022-05-24T19:00:31,4,16,0,20
2022-05-24T19:10:49,4,16,0,20
2022-05-24T19:21:06,4,16,0,20
2022-05-24T19:31:23,4,16,0,20
2022-05-24T19:41:51,4,16,0,20
2022-05-24T19:52:08,4,16,0,20
2022-05-24T20:02:25,4,16,0,20
2022-05-24T20:12:41,4,16,0,20
2022-05-24T20:22:57,4,16,0,20
2022-05-24T20:33:25,4,16,0,20
2022-05-24T20:43:41,4,16,0,20
2022-05-24T20:53:57,4,16,0,20
2022-05-24T21:04:13,4,16,0,20
2022-05-24T21:14:29,4,16,0,20
2022-05-24T21:24:55,4,16,0,20
2022-05-24T21:35:12,4,16,0,20
2022-05-24T21:45:28,4,16,0,20
2022-05-24T21:55:43,4,16,0,20
2022-05-24T22:05:57,4,16,0,20
2022-05-24T22:16:11,4,16,0,20
2022-05-24T22:26:36,4,16,0,20
2022-05-24T22:36:51,4,16,0,20
2022-05-24T22:47:06,4,16,0,20
2022-05-24T22:57:20,4,16,0,20
2022-05-24T23:07:36,4,16,0,20
2022-05-24T23:18:01,4,16,0,20
2022-05-24T23:28:16,4,16,0,20
2022-05-24T23:38:30,4,16,0,20
2022-05-24T23:48:45,4,16,0,20
2022-05-24T23:58:59,4,16,0,20
2022-05-25T00:09:15,4,16,0,20
2022-05-25T00:19:36,4,16,0,20
2022-05-25T00:30:01,4,16,0,20
2022-05-25T00:40:18,4,16,0,20
2022-05-25T00:50:33,4,16,0,20
2022-05-25T01:00:49,4,16,0,20
2022-05-25T01:11:04,4,16,0,20
2022-05-25T01:21:21,4,16,0,20
2022-05-25T01:31:36,4,16,0,20
2022-05-25T01:41:50,4,16,0,20
2022-05-25T01:52:05,4,16,0,20
2022-05-25T02:02:21,4,16,0,20
2022-05-25T02:12:35,4,16,0,20
2022-05-25T02:22:49,4,16,0,20
2022-05-25T02:33:04,4,16,0,20
2022-05-25T02:43:20,4,16,0,20
2022-05-25T02:53:45,4,16,0,20
2022-05-25T03:04:01,4,16,0,20
2022-05-25T03:14:15,4,16,0,20
2022-05-25T03:24:29,4,16,0,20
2022-05-25T03:34:43,4,16,0,20
2022-05-25T03:44:57,4,16,0,20
2022-05-25T03:55:12,4,16,0,20
2022-05-25T04:05:26,4,16,0,20
2022-05-25T11:07:20,4,16,0,20
2022-05-25T11:17:41,4,16,0,20
2022-05-25T11:28:10,4,16,0,20
2022-05-25T11:38:30,4,16,0,20
2022-05-25T11:48:49,4,16,0,20
2022-05-25T11:59:08,4,16,0,20
2022-05-25T12:09:40,4,16,0,20
2022-05-25T12:19:58,4,16,0,20
2022-05-25T12:30:15,4,16,0,20
2022-05-25T12:40:32,4,16,0,20
2022-05-25T12:50:49,4,16,0,20
2022-05-25T13:01:06,4,16,0,20
2022-05-25T13:11:33,4,16,0,20
2022-05-25T13:21:50,4,16,0,20
2022-05-25T13:32:06,4,16,0,20
2022-05-25T13:42:23,4,16,0,20
2022-05-25T13:52:39,4,16,0,20
2022-05-25T14:02:56,4,16,0,20
2022-05-25T14:13:25,4,16,0,20
2022-05-25T14:23:42,4,16,0,20
2022-05-25T14:33:59,4,16,0,20
2022-05-25T14:44:17,4,16,0,20
2022-05-25T14:54:34,4,16,0,20
2022-05-25T15:04:52,4,16,0,20
2022-05-25T15:15:19,4,16,0,20
2022-05-25T15:25:36,4,16,0,20
2022-05-25T15:35:54,4,16,0,20
2022-05-25T15:46:12,4,16,0,20
2022-05-25T15:56:29,4,16,0,20
2022-05-25T16:06:48,4,16,0,20
2022-05-25T16:17:04,4,16,0,20
2022-05-25T16:27:31,4,16,0,20
2022-05-25T16:37:47,4,16,0,20
2022-05-25T16:48:02,4,16,0,20
2022-05-25T16:58:18,4,16,0,20
2022-05-25T17:08:35,4,16,0,20
2022-05-25T17:18:51,4,16,0,20
2022-05-25T17:29:07,4,16,0,20
2022-05-25T17:39:32,4,16,0,20
2022-05-25T17:49:48,4,16,0,20
2022-05-25T18:00:03,4,16,0,20
2022-05-25T18:10:18,4,16,0,20
2022-05-25T18:20:33,4,16,0,20
2022-05-25T18:30:47,4,16,0,20
2022-05-25T18:41:02,4,16,0,20
2022-05-25T18:51:17,4,16,0,20
2022-05-25T19:01:32,4,16,0,20
2022-05-25T19:11:48,4,16,0,20
2022-05-25T19:22:14,4,16,0,20
2022-05-25T19:32:29,4,16,0,20
2022-05-25T19:42:44,4,16,0,20
2022-05-25T19:52:58,4,16,0,20
2022-05-25T20:03:13,4,16,0,20
2022-05-25T20:13:29,4,16,0,20
2022-05-25T20:23:43,4,16,0,20
2022-05-25T20:33:57,4,16,0,20
2022-05-25T20:44:12,4,16,0,20
2022-05-25T20:54:37,4,16,0,20
2022-05-25T21:04:52,4,16,0,20
2022-05-25T21:15:07,4,16,0,20
2022-05-25T21:25:21,4,16,0,20
2022-05-25T21:35:37,4,16,0,20
2022-05-25T21:45:51,4,16,0,20
2022-05-25T21:56:07,4,16,0,20
2022-05-25T22:06:34,4,16,0,20
2022-05-25T22:16:49,4,16,0,20
2022-05-25T22:27:04,4,16,0,20
2022-05-25T22:37:19,4,16,0,20
2022-05-25T22:47:34,4,16,0,20
2022-05-25T22:57:48,4,16,0,20
2022-05-25T23:08:05,4,16,0,20
2022-05-25T23:18:20,4,16,0,20
2022-05-25T23:28:35,4,16,0,20
2022-05-25T23:38:50,4,16,0,20
2022-05-25T23:49:05,4,16,0,20
2022-05-25T23:59:30,4,16,0,20
2022-05-26T00:09:45,4,16,0,20
2022-05-26T00:20:02,4,16,0,20
2022-05-26T00:30:18,4,16,0,20
2022-05-26T00:40:34,4,16,0,20
2022-05-26T00:50:51,4,16,0,20
2022-05-26T01:01:07,4,16,0,20
2022-05-26T01:11:23,4,16,0,20
2022-05-26T01:21:40,4,16,0,20
2022-05-26T01:31:56,4,16,0,20
2022-05-26T01:42:12,4,16,0,20
2022-05-26T01:52:29,4,16,0,20
2022-05-26T02:02:45,4,16,0,20
2022-05-26T02:13:00,4,16,0,20
2022-05-26T02:23:14,4,16,0,20
2022-05-26T02:33:31,4,16,0,20
2022-05-26T02:43:45,4,16,0,20
2022-05-26T02:54:00,4,16,0,20
2022-05-26T03:04:14,4,16,0,20
2022-05-26T03:14:40,4,16,0,20
2022-05-26T03:24:57,4,16,0,20
2022-05-26T03:35:13,4,16,0,20
2022-05-26T03:45:29,4,16,0,20
2022-05-26T03:56:12,4,16,0,20
2022-05-26T04:08:35,4,16,0,20
2022-05-26T04:27:02,4,16,0,20
2022-05-26T04:37:40,4,16,0,20
2022-05-26T04:47:57,4,16,0,20
2022-05-26T04:58:13,4,16,0,20
2022-05-26T05:08:32,4,16,0,20
2022-05-26T05:18:49,4,16,0,20
2022-05-26T05:29:04,4,16,0,20
2022-05-26T05:39:21,4,16,0,20
2022-05-26T05:49:39,4,16,0,20
2022-05-26T05:59:56,4,16,0,20
2022-05-26T06:10:14,4,16,0,20
2022-05-26T06:20:30,4,16,0,20
2022-05-26T06:30:47,4,16,0,20
2022-05-26T06:41:03,4,16,0,20
2022-05-26T06:51:20,4,16,0,20
2022-05-26T07:01:36,4,16,0,20
2022-05-26T07:11:54,4,16,0,20
2022-05-26T07:22:10,4,16,0,20
2022-05-26T07:32:25,4,16,0,20
2022-05-26T07:42:41,4,16,0,20
2022-05-26T07:52:55,4,16,0,20
2022-05-26T08:03:10,4,16,0,20
2022-05-26T08:13:25,4,16,0,20
2022-05-26T08:23:40,4,16,0,20
2022-05-26T08:34:05,4,16,0,20
2022-05-26T08:44:21,4,16,0,20
2022-05-26T08:54:38,4,16,0,20
2022-05-26T09:04:54,4,16,0,20
2022-05-26T09:15:10,4,16,0,20
2022-05-26T09:25:25,4,16,0,20
2022-05-26T09:35:40,4,16,0,20
2022-05-26T09:45:57,4,16,0,20
2022-05-26T09:56:13,4,16,0,20
2022-05-26T10:06:31,4,16,0,20
2022-05-26T10:16:59,4,16,0,20
2022-05-26T10:27:16,4,16,0,20
2022-05-26T10:37:32,4,16,0,20
2022-05-26T10:47:49,4,16,0,20
2022-05-26T10:58:06,4,16,0,20
2022-05-26T11:08:25,4,16,0,20
2022-05-26T11:18:42,4,16,0,20
2022-05-26T11:29:19,4,16,0,20
2022-05-26T11:39:44,4,16,0,20
2022-05-26T11:50:10,4,16,0,20
2022-05-26T12:00:38,4,16,0,20
2022-05-26T12:11:05,4,16,0,20
2022-05-26T12:21:32,4,16,0,20
2022-05-26T12:32:04,4,16,0,20
2022-05-26T12:42:48,4,16,0,20
2022-05-26T12:53:18,4,16,0,20
2022-05-26T13:03:45,4,16,0,20
2022-05-26T13:14:13,4,16,0,20
2022-05-26T13:24:39,4,16,0,20
2022-05-26T13:35:04,4,16,0,20
2022-05-26T13:45:31,4,16,0,20
2022-05-26T13:55:55,4,16,0,20
2022-05-26T14:06:29,4,16,0,20
2022-05-26T14:16:53,4,16,0,20
2022-05-26T14:27:12,4,16,0,20
2022-05-26T14:37:29,4,16,0,20
2022-05-26T14:47:45,4,16,0,20
2022-05-26T14:58:02,4,16,0,20
2022-05-26T15:08:30,4,16,0,20
2022-05-26T15:18:46,4,16,0,20
2022-05-26T15:29:02,4,16,0,20
2022-05-26T15:39:19,4,16,0,20
2022-05-26T15:49:35,4,16,0,20
2022-05-26T15:59:51,4,16,0,20
2022-05-26T16:10:07,4,16,0,20
2022-05-26T16:20:32,4,16,0,20
2022-05-26T16:30:47,4,16,0,20
2022-05-26T16:41:03,4,16,0,20
2022-05-26T16:51:18,4,16,0,20
2022-05-26T17:01:33,4,16,0,20
2022-05-26T17:11:49,4,16,0,20
2022-05-26T17:22:06,4,16,0,20
2022-05-26T17:32:21,4,16,0,20
2022-05-26T17:42:47,4,16,0,20
2022-05-26T17:53:02,4,16,0,20
2022-05-26T18:03:17,4,16,0,20
2022-05-26T18:13:33,4,16,0,20
2022-05-26T18:23:48,4,16,0,20
2022-05-26T18:34:02,4,16,0,20
2022-05-26T18:44:17,4,16,0,20
2022-05-26T18:54:32,4,16,0,20
2022-05-26T19:04:47,4,16,0,20
2022-05-26T19:15:03,4,16,0,20
2022-05-26T19:25:29,4,16,0,20
2022-05-26T19:35:44,4,16,0,20
2022-05-26T19:45:58,4,16,0,20
2022-05-26T19:56:13,4,16,0,20
2022-05-26T20:06:27,4,16,0,20
2022-05-26T20:16:42,4,16,0,20
2022-05-26T20:26:57,4,16,0,20
2022-05-26T20:37:12,4,16,0,20
2022-05-26T20:47:26,4,16,0,20
2022-05-26T20:57:41,4,16,0,20
2022-05-26T21:08:05,4,16,0,20
2022-05-26T21:18:20,4,16,0,20
2022-05-26T21:28:35,4,16,0,20
2022-05-26T21:38:49,4,16,0,20
2022-05-26T21:49:03,4,16,0,20
2022-05-26T21:59:17,4,16,0,20
2022-05-26T22:09:42,4,16,0,20
2022-05-26T22:19:57,4,16,0,20
2022-05-26T22:30:12,4,16,0,20
2022-05-26T22:40:27,4,16,0,20
2022-05-26T22:50:41,4,16,0,20
2022-05-26T23:00:56,4,16,0,20
2022-05-26T23:11:10,4,16,0,20
2022-05-26T23:21:25,4,16,0,20
2022-05-26T23:31:40,4,16,0,20
2022-05-26T23:42:07,4,16,0,20
2022-05-26T23:52:22,4,16,0,20
2022-05-27T00:02:36,4,16,0,20
2022-05-27T00:12:52,4,16,0,20
2022-05-27T00:23:09,4,16,0,20
2022-05-27T00:33:26,4,16,0,20
2022-05-27T00:43:43,4,16,0,20
2022-05-27T00:54:00,4,16,0,20
2022-05-27T01:04:17,4,16,0,20
2022-05-27T01:14:33,4,16,0,20
2022-05-27T01:24:49,4,16,0,20
2022-05-27T01:35:05,4,16,0,20
2022-05-27T01:45:20,4,16,0,20
2022-05-27T01:55:47,4,16,0,20
2022-05-27T02:06:03,4,16,0,20
2022-05-27T02:16:18,4,16,0,20
2022-05-27T02:26:34,4,16,0,20
2022-05-27T02:36:59,4,16,0,20
2022-05-27T02:47:15,4,16,0,20
2022-05-27T02:57:30,4,16,0,20
2022-05-27T03:07:46,4,16,0,20
2022-05-27T03:18:01,4,16,0,20
2022-05-27T03:28:15,4,16,0,20
2022-05-27T03:38:30,4,16,0,20
2022-05-27T03:48:46,4,16,0,20
2022-05-27T03:59:03,4,16,0,20
2022-05-27T04:09:19,4,16,0,20
2022-05-27T04:37:28,4,16,0,20
2022-05-27T04:47:45,4,16,0,20
2022-05-27T04:58:03,4,16,0,20
2022-05-27T05:08:22,4,16,0,20
2022-05-27T05:18:40,4,16,0,20
2022-05-27T05:28:57,4,16,0,20
2022-05-27T05:39:14,4,16,0,20
2022-05-27T05:49:31,4,16,0,20
2022-05-27T05:59:48,4,16,0,20
2022-05-27T06:10:03,4,16,0,20
2022-05-27T06:20:19,4,16,0,20
2022-05-27T06:30:38,4,16,0,20
2022-05-27T06:40:53,4,16,0,20
2022-05-27T06:51:07,4,16,0,20
2022-05-27T07:01:21,4,16,0,20
2022-05-27T07:11:38,4,16,0,20
2022-05-27T07:21:53,4,16,0,20
2022-05-27T07:32:08,4,16,0,20
2022-05-27T07:42:23,4,16,0,20
2022-05-27T07:52:39,4,16,0,20
2022-05-27T08:03:04,4,16,0,20
2022-05-27T08:13:20,4,16,0,20
2022-05-27T08:23:35,4,16,0,20
2022-05-27T08:33:53,4,16,0,20
2022-05-27T08:44:09,4,16,0,20
2022-05-27T08:54:25,4,16,0,20
2022-05-27T09:04:41,4,16,0,20
2022-05-27T09:14:57,4,16,0,20
2022-05-27T09:25:12,4,16,0,20
2022-05-27T09:35:28,4,16,0,20
2022-05-27T09:45:44,4,16,0,20
2022-05-27T09:55:59,4,16,0,20
2022-05-27T10:06:15,4,16,0,20
2022-05-27T10:16:31,4,16,0,20
2022-05-27T10:26:48,4,16,0,20
2022-05-27T10:37:04,4,16,0,20
2022-05-27T10:47:30,4,16,0,20
2022-05-27T10:57:46,4,16,0,20
2022-05-27T11:08:02,4,16,0,20
2022-05-27T11:18:18,4,16,0,20
2022-05-27T11:28:34,4,16,0,20
2022-05-27T11:38:51,4,16,0,20
2022-05-27T11:49:07,4,16,0,20
2022-05-27T11:59:23,4,16,0,20
2022-05-27T12:09:40,4,16,0,20
2022-05-27T12:20:07,4,16,0,20
2022-05-27T12:30:23,4,16,0,20
2022-05-27T12:40:39,4,16,0,20
2022-05-27T12:50:55,4,16,0,20
2022-05-27T13:01:11,4,16,0,20
2022-05-27T13:11:27,4,16,0,20
2022-05-27T13:21:43,4,16,0,20
2022-05-27T13:31:58,4,16,0,20
2022-05-27T13:42:23,4,16,0,20
2022-05-27T13:52:39,4,16,0,20
2022-05-27T14:02:55,4,16,0,20
2022-05-27T14:13:11,4,16,0,20
2022-05-27T14:23:27,4,16,0,20
2022-05-27T14:33:42,4,16,0,20
2022-05-27T14:43:58,4,16,0,20
2022-05-27T14:54:13,4,16,0,20
2022-05-27T15:04:29,4,16,0,20
2022-05-27T15:14:54,4,16,0,20
2022-05-27T15:25:09,4,16,0,20
2022-05-27T15:35:25,4,16,0,20
2022-05-27T15:45:41,4,16,0,20
2022-05-27T15:55:56,4,16,0,20
2022-05-27T16:06:12,4,16,0,20
2022-05-27T16:16:27,4,16,0,20
2022-05-27T16:26:43,4,16,0,20
2022-05-27T16:37:07,4,16,0,20
2022-05-27T16:47:22,4,16,0,20
2022-05-27T16:57:37,4,16,0,20
2022-05-27T17:07:52,4,16,0,20
2022-05-27T17:18:07,4,16,0,20
2022-05-27T17:28:22,4,16,0,20
2022-05-27T17:38:37,4,16,0,20
2022-05-27T17:48:51,4,16,0,20
2022-05-27T17:59:05,4,16,0,20
2022-05-27T18:09:20,4,16,0,20
2022-05-27T18:19:44,4,16,0,20
2022-05-27T18:29:58,4,16,0,20
2022-05-27T18:40:13,4,16,0,20
2022-05-27T18:50:27,4,16,0,20
2022-05-27T19:00:41,4,16,0,20
2022-05-27T19:10:55,4,16,0,20
2022-05-27T19:21:09,4,16,0,20
2022-05-27T19:31:24,4,16,0,20
2022-05-27T19:41:38,4,16,0,20
2022-05-27T19:52:02,4,16,0,20
2022-05-27T20:02:16,4,16,0,20
2022-05-27T20:12:31,4,16,0,20
2022-05-27T20:22:45,4,16,0,20
2022-05-27T20:32:59,4,16,0,20
2022-05-27T20:43:14,4,16,0,20
2022-05-27T20:53:28,4,16,0,20
2022-05-27T21:03:43,4,16,0,20
2022-05-27T21:13:57,4,16,0,20
2022-05-27T21:24:12,4,16,0,20
2022-05-27T21:34:26,4,16,0,20
2022-05-27T21:44:40,4,16,0,20
2022-05-27T21:54:55,4,16,0,20
2022-05-27T22:05:09,4,16,0,20
2022-05-27T22:15:32,4,16,0,20
2022-05-27T22:25:47,4,16,0,20
2022-05-27T22:36:01,4,16,0,20
2022-05-27T22:46:15,4,16,0,20
2022-05-27T22:56:30,4,16,0,20
2022-05-27T23:06:45,4,16,0,20
2022-05-27T23:17:00,4,16,0,20
2022-05-27T23:27:14,4,16,0,20
2022-05-27T23:37:30,4,16,0,20
2022-05-27T23:47:45,4,16,0,20
2022-05-27T23:57:59,4,16,0,20
2022-05-28T00:09:52,4,16,0,20
2022-05-28T00:20:15,4,16,0,20
2022-05-28T00:30:35,4,16,0,20
2022-05-28T00:40:57,4,16,0,20
2022-05-28T00:51:28,4,16,0,20
2022-05-28T01:01:47,4,16,0,20
2022-05-28T01:12:11,4,16,0,20
2022-05-28T01:22:33,4,16,0,20
2022-05-28T01:32:55,4,16,0,20
2022-05-28T01:43:15,4,16,0,20
2022-05-28T01:53:38,4,16,0,20
2022-05-28T02:04:15,4,16,0,20
2022-05-28T02:14:43,4,16,0,20
2022-05-28T02:25:08,4,16,0,20
2022-05-28T02:35:44,4,16,0,20
2022-05-28T02:46:09,4,16,0,20
2022-05-28T02:56:30,4,16,0,20
2022-05-28T03:07:01,4,16,0,20
2022-05-28T03:17:24,4,16,0,20
2022-05-28T03:27:41,4,16,0,20
2022-05-28T03:38:02,4,16,0,20
2022-05-28T03:48:21,4,16,0,20
2022-05-28T03:58:47,4,16,0,20
2022-05-28T04:11:12,4,16,0,20
2022-05-28T04:25:35,4,16,0,20
2022-05-28T04:36:14,4,16,0,20
2022-05-28T04:46:30,4,16,0,20
2022-05-28T04:56:46,4,16,0,20
2022-05-28T05:07:02,4,16,0,20
2022-05-28T05:17:19,4,16,0,20
2022-05-28T05:27:35,4,16,0,20
2022-05-28T05:37:52,4,16,0,20
2022-05-28T05:48:09,4,16,0,20
2022-05-28T05:58:26,4,16,0,20
2022-05-28T06:08:42,4,16,0,20
2022-05-28T06:18:57,4,16,0,20
2022-05-28T06:29:14,4,16,0,20
2022-05-28T06:39:29,4,16,0,20
2022-05-28T06:49:45,4,16,0,20
2022-05-28T07:00:01,4,16,0,20
2022-05-28T07:10:17,4,16,0,20
2022-05-28T07:20:34,4,16,0,20
2022-05-28T07:30:50,4,16,0,20
2022-05-28T07:41:06,4,16,0,20
2022-05-28T07:51:22,4,16,0,20
2022-05-28T08:01:38,4,16,0,20
2022-05-28T08:12:02,4,16,0,20
2022-05-28T08:22:17,4,16,0,20
2022-05-28T08:32:32,4,16,0,20
2022-05-28T08:42:48,4,16,0,20
2022-05-28T08:53:02,4,16,0,20
2022-05-28T09:03:17,4,16,0,20
2022-05-28T09:13:32,4,16,0,20
2022-05-28T09:23:47,4,16,0,20
2022-05-28T09:34:01,4,16,0,20
2022-05-28T09:44:15,4,16,0,20
2022-05-28T09:54:39,4,16,0,20
2022-05-28T10:04:54,4,16,0,20
2022-05-28T10:15:08,4,16,0,20
2022-05-28T10:25:21,4,16,0,20
2022-05-28T10:35:35,4,16,0,20
2022-05-28T10:45:49,4,16,0,20
2022-05-28T10:56:02,4,16,0,20
2022-05-28T11:06:17,4,16,0,20
2022-05-28T11:16:31,4,16,0,20
2022-05-28T11:26:45,4,16,0,20
2022-05-28T11:37:02,4,16,0,20
2022-05-28T11:47:16,4,16,0,20
2022-05-28T11:57:30,4,16,0,20
2022-05-28T12:07:44,4,16,0,20
2022-05-28T12:17:57,4,16,0,20
2022-05-28T12:28:11,4,16,0,20
2022-05-28T12:38:25,4,16,0,20
2022-05-28T12:48:39,4,16,0,20
2022-05-28T12:58:53,4,16,0,20
2022-05-28T13:09:17,4,16,0,20
2022-05-28T13:19:31,4,16,0,20
2022-05-28T13:29:45,4,16,0,20
2022-05-28T13:39:59,4,16,0,20
2022-05-28T13:50:13,4,16,0,20
2022-05-28T14:00:27,4,16,0,20
2022-05-28T14:10:40,4,16,0,20
2022-05-28T14:21:03,4,16,0,20
2022-05-28T14:31:17,4,16,0,20
2022-05-28T14:41:31,4,16,0,20
2022-05-28T14:51:45,4,16,0,20
2022-05-28T15:01:59,4,16,0,20
2022-05-28T15:12:13,4,16,0,20
2022-05-28T15:22:27,4,16,0,20
2022-05-28T15:32:41,4,16,0,20
2022-05-28T15:42:55,4,16,0,20
2022-05-28T15:53:09,4,16,0,20
2022-05-28T16:03:23,4,16,0,20
2022-05-28T16:13:37,4,16,0,20
2022-05-28T16:23:51,4,16,0,20
2022-05-28T16:34:05,4,16,0,20
2022-05-28T16:44:29,4,16,0,20
2022-05-28T16:54:42,4,16,0,20
2022-05-28T17:04:57,4,16,0,20
2022-05-28T17:15:11,4,16,0,20
2022-05-28T17:25:25,4,16,0,20
2022-05-28T17:35:40,4,16,0,20
2022-05-28T17:45:54,4,16,0,20
2022-05-28T17:56:08,4,16,0,20
2022-05-28T18:06:22,4,16,0,20
2022-05-28T18:16:37,4,16,0,20
2022-05-28T18:26:51,4,16,0,20
2022-05-28T18:37:16,4,16,0,20
2022-05-28T18:47:30,4,16,0,20
2022-05-28T18:57:44,4,16,0,20
2022-05-28T19:07:59,4,16,0,20
2022-05-28T19:18:13,4,16,0,20
2022-05-28T19:28:27,4,16,0,20
2022-05-28T19:38:42,4,16,0,20
2022-05-28T19:48:58,4,16,0,20
2022-05-28T19:59:12,4,16,0,20
2022-05-28T20:09:26,4,16,0,20
2022-05-28T20:19:40,4,16,0,20
2022-05-28T20:29:54,4,16,0,20
2022-05-28T20:40:08,4,16,0,20
2022-05-28T20:50:31,4,16,0,20
2022-05-28T21:00:45,4,16,0,20
2022-05-28T21:10:59,4,16,0,20
2022-05-28T21:21:13,4,16,0,20
2022-05-28T21:31:28,4,16,0,20
2022-05-28T21:41:42,4,16,0,20
2022-05-28T21:51:55,4,16,0,20
2022-05-28T22:02:09,4,16,0,20
2022-05-28T22:12:23,4,16,0,20
2022-05-28T22:22:37,4,16,0,20
2022-05-28T22:32:51,4,16,0,20
2022-05-28T22:43:17,4,16,0,20
2022-05-28T22:53:30,4,16,0,20
2022-05-28T23:03:45,4,16,0,20
2022-05-28T23:13:59,4,16,0,20
2022-05-28T23:24:14,4,16,0,20
2022-05-28T23:34:28,4,16,0,20
2022-05-28T23:44:43,4,16,0,20
2022-05-28T23:54:57,4,16,0,20
2022-05-29T00:05:11,4,16,0,20
2022-05-29T00:15:28,4,16,0,20
2022-05-29T00:25:44,4,16,0,20
2022-05-29T00:36:08,4,16,0,20
2022-05-29T00:46:23,4,16,0,20
2022-05-29T00:56:38,4,16,0,20
2022-05-29T01:06:53,4,16,0,20
2022-05-29T01:17:08,4,16,0,20
2022-05-29T01:27:23,4,16,0,20
2022-05-29T01:37:38,4,16,0,20
2022-05-29T01:47:53,4,16,0,20
2022-05-29T01:58:09,4,16,0,20
2022-05-29T02:08:25,4,16,0,20
2022-05-29T02:18:41,4,16,0,20
2022-05-29T02:28:56,4,16,0,20
2022-05-29T02:39:12,4,16,0,20
2022-05-29T02:49:26,4,16,0,20
2022-05-29T02:59:41,4,16,0,20
2022-05-29T03:09:55,4,16,0,20
2022-05-29T03:20:10,4,16,0,20
2022-05-29T03:30:25,4,16,0,20
2022-05-29T03:40:50,4,16,0,20
2022-05-29T03:51:06,4,16,0,20
2022-05-29T04:01:21,4,16,0,20
2022-05-29T04:13:36,4,16,0,20
2022-05-29T04:39:52,4,16,0,20
2022-05-29T04:50:10,4,16,0,20
2022-05-29T05:00:26,4,16,0,20
2022-05-29T05:10:48,4,16,0,20
2022-05-29T05:21:04,4,16,0,20
2022-05-29T05:31:20,4,16,0,20
2022-05-29T05:41:36,4,16,0,20
2022-05-29T05:51:51,4,16,0,20
2022-05-29T06:02:06,4,16,0,20
2022-05-29T06:12:21,4,16,0,20
2022-05-29T06:22:36,4,16,0,20
2022-05-29T06:32:50,4,16,0,20
2022-05-29T06:43:04,4,16,0,20
2022-05-29T06:53:17,4,16,0,20
2022-05-29T07:03:31,4,16,0,20
2022-05-29T07:13:53,4,16,0,20
2022-05-29T07:24:07,4,16,0,20
2022-05-29T07:34:21,4,16,0,20
2022-05-29T07:44:35,4,16,0,20
2022-05-29T07:54:49,4,16,0,20
2022-05-29T08:05:03,4,16,0,20
2022-05-29T08:15:17,4,16,0,20
2022-05-29T08:25:31,4,16,0,20
2022-05-29T08:35:45,4,16,0,20
2022-05-29T08:45:58,4,16,0,20
2022-05-29T08:56:12,4,16,0,20
2022-05-29T09:06:26,4,16,0,20
2022-05-29T09:16:40,4,16,0,20
2022-05-29T09:26:53,4,16,0,20
2022-05-29T09:37:07,4,16,0,20
2022-05-29T09:47:30,4,16,0,20
2022-05-29T09:57:43,4,16,0,20
2022-05-29T10:07:57,4,16,0,20
2022-05-29T10:18:11,4,16,0,20
2022-05-29T10:28:25,4,16,0,20
2022-05-29T10:38:38,4,16,0,20
2022-05-29T10:48:52,4,16,0,20
2022-05-29T10:59:06,4,16,0,20
2022-05-29T11:09:20,4,16,0,20
2022-05-29T11:19:34,4,16,0,20
2022-05-29T11:29:49,4,16,0,20
2022-05-29T11:40:02,4,16,0,20
2022-05-29T11:50:17,4,16,0,20
2022-05-29T12:00:30,4,16,0,20
2022-05-29T12:10:56,4,16,0,20
2022-05-29T12:21:11,4,16,0,20
2022-05-29T12:31:25,4,16,0,20
2022-05-29T12:41:40,4,16,0,20
2022-05-29T12:51:54,4,16,0,20
2022-05-29T13:02:08,4,16,0,20
2022-05-29T13:12:22,4,16,0,20
2022-05-29T13:22:36,4,16,0,20
2022-05-29T13:32:51,4,16,0,20
2022-05-29T13:43:05,4,16,0,20
2022-05-29T13:53:19,4,16,0,20
2022-05-29T14:03:33,4,16,0,20
2022-05-29T14:13:57,4,16,0,20
2022-05-29T14:24:12,4,16,0,20
2022-05-29T14:34:25,4,16,0,20
2022-05-29T14:44:39,4,16,0,20
2022-05-29T14:54:53,4,16,0,20
2022-05-29T15:05:08,4,16,0,20
2022-05-29T15:15:22,4,16,0,20
2022-05-29T15:25:36,4,16,0,20
2022-05-29T15:35:50,4,16,0,20
2022-05-29T15:46:04,4,16,0,20
2022-05-29T15:56:18,4,16,0,20
2022-05-29T16:06:41,4,16,0,20
2022-05-29T16:16:56,4,16,0,20
2022-05-29T16:27:09,4,16,0,20
2022-05-29T16:37:24,4,16,0,20
2022-05-29T16:47:37,4,16,0,20
2022-05-29T16:57:51,4,16,0,20
2022-05-29T17:08:06,4,16,0,20
2022-05-29T17:18:20,4,16,0,20
2022-05-29T17:28:34,4,16,0,20
2022-05-29T17:38:48,4,16,0,20
2022-05-29T17:49:11,4,16,0,20
2022-05-29T17:59:24,4,16,0,20
2022-05-29T18:09:38,4,16,0,20
2022-05-29T18:19:53,4,16,0,20
2022-05-29T18:30:07,4,16,0,20
2022-05-29T18:40:22,4,16,0,20
2022-05-29T18:50:36,4,16,0,20
2022-05-29T19:00:49,4,16,0,20
2022-05-29T19:11:03,4,16,0,20
2022-05-29T19:21:28,4,16,0,20
2022-05-29T19:31:42,4,16,0,20
2022-05-29T19:41:56,4,16,0,20
2022-05-29T19:52:10,4,16,0,20
2022-05-29T20:02:24,4,16,0,20
2022-05-29T20:12:38,4,16,0,20
2022-05-29T20:22:52,4,16,0,20
2022-05-29T20:33:06,4,16,0,20
2022-05-29T20:43:21,4,16,0,20
2022-05-29T20:53:35,4,16,0,20
2022-05-29T21:03:48,4,16,0,20
2022-05-29T21:14:03,4,16,0,20
2022-05-29T21:24:17,4,16,0,20
2022-05-29T21:34:31,4,16,0,20
2022-05-29T21:44:55,4,16,0,20
2022-05-29T21:55:09,4,16,0,20
2022-05-29T22:05:23,4,16,0,20
2022-05-29T22:15:37,4,16,0,20
2022-05-29T22:25:52,4,16,0,20
2022-05-29T22:36:06,4,16,0,20
2022-05-29T22:46:19,4,16,0,20
2022-05-29T22:56:33,4,16,0,20
2022-05-29T23:06:48,4,16,0,20
2022-05-29T23:17:02,4,16,0,20
2022-05-29T23:27:27,4,16,0,20
2022-05-29T23:37:42,4,16,0,20
2022-05-29T23:47:56,4,16,0,20
2022-05-29T23:58:10,4,16,0,20
2022-05-30T00:08:25,4,16,0,20
2022-05-30T00:18:42,4,16,0,20
2022-05-30T00:28:58,4,16,0,20
2022-05-30T00:39:16,4,16,0,20
2022-05-30T00:49:32,4,16,0,20
2022-05-30T00:59:48,4,16,0,20
2022-05-30T01:10:12,4,16,0,20
2022-05-30T01:20:30,4,16,0,20
2022-05-30T01:30:48,4,16,0,20
2022-05-30T01:41:05,4,16,0,20
2022-05-30T01:51:21,4,16,0,20
2022-05-30T02:01:37,4,16,0,20
2022-05-30T02:11:53,4,16,0,20
2022-05-30T02:22:08,4,16,0,20
2022-05-30T02:32:23,4,16,0,20
2022-05-30T02:42:38,4,16,0,20
2022-05-30T02:52:52,4,16,0,20
2022-05-30T03:03:06,4,16,0,20
2022-05-30T03:13:21,4,16,0,20
2022-05-30T03:23:36,4,16,0,20
2022-05-30T03:33:50,4,16,0,20
2022-05-30T03:44:07,4,16,0,20
2022-05-30T03:54:22,4,16,0,20
2022-05-30T04:04:47,4,16,0,20
2022-05-30T04:21:01,4,16,0,20
2022-05-30T04:31:35,4,16,0,20
2022-05-30T04:41:51,4,16,0,20
2022-05-30T04:52:08,4,16,0,20
2022-05-30T05:02:26,4,16,0,20
2022-05-30T05:12:44,4,16,0,20
2022-05-30T05:23:00,4,16,0,20
2022-05-30T05:33:17,4,16,0,20
2022-05-30T05:43:37,4,16,0,20
2022-05-30T05:53:53,4,16,0,20
2022-05-30T06:04:09,4,16,0,20
2022-05-30T06:14:24,4,16,0,20
2022-05-30T06:24:41,4,16,0,20
2022-05-30T06:34:57,4,16,0,20
2022-05-30T06:45:12,4,16,0,20
2022-05-30T06:55:26,4,16,0,20
2022-05-30T07:05:42,4,16,0,20
2022-05-30T07:15:56,4,16,0,20
2022-05-30T07:26:10,4,16,0,20
2022-05-30T07:36:24,4,16,0,20
2022-05-30T07:46:54,4,16,0,20
2022-05-30T07:57:07,4,16,0,20
2022-05-30T08:07:22,4,16,0,20
2022-05-30T08:17:36,4,16,0,20
2022-05-30T08:27:50,4,16,0,20
2022-05-30T08:38:04,4,16,0,20
2022-05-30T08:48:18,4,16,0,20
2022-05-30T08:58:32,4,16,0,20
2022-05-30T09:08:46,4,16,0,20
2022-05-30T09:19:00,4,16,0,20
2022-05-30T09:29:13,4,16,0,20
2022-05-30T09:39:28,4,16,0,20
2022-05-30T09:49:43,4,16,0,20
2022-05-30T09:59:58,4,16,0,20
2022-05-30T10:10:14,4,16,0,20
2022-05-30T10:20:28,4,16,0,20
2022-05-30T10:31:00,4,16,0,20
2022-05-30T10:41:14,4,16,0,20
2022-05-30T10:51:29,4,16,0,20
2022-05-30T11:01:44,4,16,0,20
2022-05-30T11:11:59,4,16,0,20
2022-05-30T11:22:13,4,16,0,20
2022-05-30T11:32:28,4,16,0,20
2022-05-30T11:42:42,4,16,0,20
2022-05-30T11:52:56,4,16,0,20
2022-05-30T12:03:11,4,16,0,20
2022-05-30T12:13:35,4,16,0,20
2022-05-30T12:23:50,4,16,0,20
2022-05-30T12:34:05,4,16,0,20
2022-05-30T12:44:19,4,16,0,20
2022-05-30T12:54:33,4,16,0,20
2022-05-30T13:04:48,4,16,0,20
2022-05-30T13:15:02,4,16,0,20
2022-05-30T13:25:33,4,16,0,20
2022-05-30T13:35:47,4,16,0,20
2022-05-30T13:46:02,4,16,0,20
2022-05-30T13:56:16,4,16,0,20
2022-05-30T14:06:31,4,16,0,20
2022-05-30T14:16:46,4,16,0,20
2022-05-30T14:27:01,4,16,0,20
2022-05-30T14:37:15,4,16,0,20
2022-05-30T14:47:39,4,16,0,20
2022-05-30T14:57:54,4,16,0,20
2022-05-30T15:08:09,4,16,0,20
2022-05-30T15:18:23,4,16,0,20
2022-05-30T15:28:38,4,16,0,20
2022-05-30T15:38:53,4,16,0,20
2022-05-30T15:49:08,4,16,0,20
2022-05-30T15:59:22,4,16,0,20
2022-05-30T16:09:47,4,16,0,20
2022-05-30T16:20:02,4,16,0,20
2022-05-30T16:30:17,4,16,0,20
2022-05-30T16:40:31,4,16,0,20
2022-05-30T16:50:45,4,16,0,20
2022-05-30T17:01:00,4,16,0,20
2022-05-30T17:11:16,4,16,0,20
2022-05-30T17:21:49,4,16,0,20
2022-05-30T17:32:04,4,16,0,20
2022-05-30T17:42:18,4,16,0,20
2022-05-30T17:52:32,4,16,0,20
2022-05-30T18:02:47,4,16,0,20
2022-05-30T18:13:02,4,16,0,20
2022-05-30T18:23:16,4,16,0,20
2022-05-30T18:33:41,4,16,0,20
2022-05-30T18:43:55,4,16,0,20
2022-05-30T18:54:09,4,16,0,20
2022-05-30T19:04:25,4,16,0,20
2022-05-30T19:14:40,4,16,0,20
2022-05-30T19:24:54,4,16,0,20
2022-05-30T19:35:09,4,16,0,20
2022-05-30T19:45:33,4,16,0,20
2022-05-30T19:55:48,4,16,0,20
2022-05-30T20:06:02,4,16,0,20
2022-05-30T20:16:17,4,16,0,20
2022-05-30T20:26:31,4,16,0,20
2022-05-30T20:36:46,4,16,0,20
2022-05-30T20:47:01,4,16,0,20
2022-05-30T20:57:33,4,16,0,20
2022-05-30T21:07:48,4,16,0,20
2022-05-30T21:18:02,4,16,0,20
2022-05-30T21:28:17,4,16,0,20
2022-05-30T21:38:32,4,16,0,20
2022-05-30T21:48:47,4,16,0,20
2022-05-30T21:59:13,4,16,0,20
2022-05-30T22:09:28,4,16,0,20
2022-05-30T22:19:43,4,16,0,20
2022-05-30T22:30:00,4,16,0,20
2022-05-30T22:40:15,4,16,0,20
2022-05-30T22:50:30,4,16,0,20
2022-05-30T23:01:02,4,16,0,20
2022-05-30T23:11:17,4,16,0,20
2022-05-30T23:21:32,4,16,0,20
2022-05-30T23:31:47,4,16,0,20
2022-05-30T23:42:02,4,16,0,20
2022-05-30T23:52:16,4,16,0,20
2022-05-31T00:02:40,4,16,0,20
2022-05-31T00:12:59,4,16,0,20
2022-05-31T00:23:14,4,16,0,20
2022-05-31T00:33:29,4,16,0,20
2022-05-31T00:43:44,4,16,0,20
2022-05-31T00:53:59,4,16,0,20
2022-05-31T01:04:15,4,16,0,20
2022-05-31T01:14:53,4,16,0,20
2022-05-31T01:25:09,4,16,0,20
2022-05-31T01:35:25,4,16,0,20
2022-05-31T01:45:39,4,16,0,20
2022-05-31T01:55:54,4,16,0,20
2022-05-31T02:06:09,4,16,0,20
2022-05-31T02:16:26,4,16,0,20
2022-05-31T02:26:40,4,16,0,20
2022-05-31T02:36:57,4,16,0,20
2022-05-31T02:47:11,4,16,0,20
2022-05-31T02:57:36,4,16,0,20
2022-05-31T03:07:51,4,16,0,20
2022-05-31T03:18:06,4,16,0,20
2022-05-31T03:28:22,4,16,0,20
2022-05-31T03:38:37,4,16,0,20
2022-05-31T03:48:54,4,16,0,20
2022-05-31T03:59:10,4,16,0,20
2022-05-31T04:09:28,4,16,0,20
2022-05-31T04:36:51,4,16,0,20
2022-05-31T04:47:09,4,16,0,20
2022-05-31T04:57:26,4,16,0,20
2022-05-31T05:07:44,4,16,0,20
2022-05-31T05:18:01,4,16,0,20
2022-05-31T05:28:18,4,16,0,20
2022-05-31T05:38:35,4,16,0,20
2022-05-31T05:48:51,4,16,0,20
2022-05-31T05:59:08,4,16,0,20
2022-05-31T06:09:24,4,16,0,20
2022-05-31T06:19:39,4,16,0,20
2022-05-31T06:29:54,4,16,0,20
2022-05-31T06:40:09,4,16,0,20
2022-05-31T06:50:24,4,16,0,20
2022-05-31T07:00:43,4,16,0,20
2022-05-31T07:11:05,4,16,0,20
2022-05-31T07:21:25,4,16,0,20
2022-05-31T07:31:43,4,16,0,20
2022-05-31T07:42:04,4,16,0,20
2022-05-31T07:52:25,4,16,0,20
2022-05-31T08:02:43,4,16,0,20
2022-05-31T08:13:05,4,16,0,20
2022-05-31T08:23:24,4,16,0,20
2022-05-31T08:33:45,4,16,0,20
2022-05-31T08:44:19,4,16,0,20
2022-05-31T08:54:49,4,16,0,20
2022-05-31T09:05:22,4,16,0,20
2022-05-31T09:15:51,4,16,0,20
2022-05-31T09:26:17,4,16,0,20
2022-05-31T09:36:45,4,16,0,20
2022-05-31T09:47:13,4,16,0,20
2022-05-31T09:57:38,4,16,0,20
2022-05-31T10:08:18,4,16,0,20
2022-05-31T10:18:43,4,16,0,20
2022-05-31T10:29:06,4,16,0,20
2022-05-31T10:39:30,4,16,0,20
2022-05-31T10:49:51,4,16,0,20
2022-05-31T11:00:31,4,16,0,20
2022-05-31T11:10:54,4,16,0,20
2022-05-31T11:21:16,4,16,0,20
2022-05-31T11:31:38,4,16,0,20
2022-05-31T11:42:00,4,16,0,20
2022-05-31T11:52:34,4,16,0,20
2022-05-31T12:02:55,4,16,0,20
2022-05-31T12:13:17,4,16,0,20
2022-05-31T12:23:38,4,16,0,20
2022-05-31T12:34:00,4,16,0,20
2022-05-31T12:44:33,4,16,0,20
2022-05-31T12:54:54,4,16,0,20
2022-05-31T13:05:17,4,16,0,20
2022-05-31T13:15:39,4,16,0,20
2022-05-31T13:26:12,4,16,0,20
2022-05-31T13:36:33,4,16,0,20
2022-05-31T13:46:56,4,16,0,20
2022-05-31T13:57:19,4,16,0,20
2022-05-31T14:07:44,4,16,0,20
2022-05-31T14:18:27,4,16,0,20
2022-05-31T14:28:49,4,16,0,20
2022-05-31T14:39:12,4,16,0,20
2022-05-31T14:49:34,4,16,0,20
2022-05-31T14:59:56,4,16,0,20
2022-05-31T15:10:31,4,16,0,20
2022-05-31T15:20:53,4,16,0,20
2022-05-31T15:31:15,4,16,0,20
2022-05-31T15:41:37,4,16,0,20
2022-05-31T15:51:59,4,16,0,20
2022-05-31T16:02:21,4,16,0,20
2022-05-31T16:12:53,4,16,0,20
2022-05-31T16:23:15,4,16,0,20
2022-05-31T16:33:36,4,8,0,12
2022-05-31T16:43:57,4,8,0,12
2022-05-31T16:54:18,4,8,0,12
2022-05-31T17:04:50,4,8,0,12
2022-05-31T17:15:13,4,8,0,12
2022-05-31T17:25:33,4,8,0,12
2022-05-31T17:35:53,4,8,0,12
2022-05-31T17:46:13,4,8,0,12
2022-05-31T17:56:34,4,8,0,12
2022-05-31T18:07:07,4,8,0,12
2022-05-31T18:17:26,4,8,0,12
2022-05-31T18:27:47,4,8,0,12
2022-05-31T18:38:07,4,8,0,12
2022-05-31T18:48:29,4,8,0,12
2022-05-31T18:58:49,4,8,0,12
2022-05-31T19:09:22,4,8,0,12
2022-05-31T19:19:43,4,8,0,12
2022-05-31T19:30:04,4,8,0,12
2022-05-31T19:40:23,4,8,0,12
2022-05-31T19:50:44,4,8,0,12
2022-05-31T20:01:16,4,8,0,12
2022-05-31T20:11:38,4,8,0,12
2022-05-31T20:21:58,4,8,0,12
2022-05-31T20:32:18,4,8,0,12
2022-05-31T20:42:37,4,8,0,12
2022-05-31T20:52:57,4,8,0,12
2022-05-31T21:03:28,4,8,0,12
2022-05-31T21:13:47,4,8,0,12
2022-05-31T21:24:07,4,8,0,12
2022-05-31T21:34:26,4,8,0,12
2022-05-31T21:44:46,4,8,0,12
2022-05-31T21:55:26,4,8,0,12
2022-05-31T22:05:46,4,8,0,12
2022-05-31T22:16:05,4,8,0,12
2022-05-31T22:26:24,4,8,0,12
2022-05-31T22:36:45,4,8,0,12
2022-05-31T22:47:04,4,8,0,12
2022-05-31T22:57:23,4,8,0,12
2022-05-31T23:07:55,4,8,0,12
2022-05-31T23:18:14,4,8,0,12
2022-05-31T23:28:34,4,8,0,12
2022-05-31T23:38:54,4,8,0,12
2022-05-31T23:49:13,4,8,0,12
2022-05-31T23:59:32,4,8,0,12
2022-06-01T00:09:57,4,8,0,12
2022-06-01T00:20:30,4,8,0,12
2022-06-01T00:30:50,4,8,0,12
2022-06-01T00:41:12,4,8,0,12
2022-06-01T00:51:35,4,8,0,12
2022-06-01T01:01:56,4,8,0,12
2022-06-01T01:12:17,4,8,0,12
2022-06-01T01:22:37,4,8,0,12
2022-06-01T01:32:57,4,8,0,12
2022-06-01T01:43:17,4,8,0,12
2022-06-01T01:53:37,4,8,0,12
2022-06-01T02:03:58,4,8,0,12
2022-06-01T02:14:31,4,8,0,12
2022-06-01T02:24:51,4,8,0,12
2022-06-01T02:35:18,4,8,0,12
2022-06-01T02:45:39,4,8,0,12
2022-06-01T02:55:58,4,8,0,12
2022-06-01T03:06:18,4,8,0,12
2022-06-01T03:16:37,4,8,0,12
2022-06-01T03:26:56,4,8,0,12
2022-06-01T03:37:16,4,8,0,12
2022-06-01T03:47:36,4,8,0,12
2022-06-01T03:57:56,4,8,0,12
2022-06-01T04:08:16,4,8,0,12
2022-06-01T04:18:37,4,8,0,12
2022-06-01T04:33:06,4,8,0,12
2022-06-01T04:43:27,4,8,0,12
2022-06-01T04:53:47,4,8,0,12
2022-06-01T05:04:10,4,8,0,12
2022-06-01T05:15:55,4,8,0,12
2022-06-01T05:26:35,4,8,0,12
2022-06-01T05:36:57,4,8,0,12
2022-06-01T05:47:19,4,8,0,12
2022-06-01T05:57:41,4,8,0,12
2022-06-01T06:08:01,4,8,0,12
2022-06-01T06:18:22,4,8,0,12
2022-06-01T06:28:42,4,8,0,12
2022-06-01T06:39:02,4,8,0,12
2022-06-01T06:49:21,4,8,0,12
2022-06-01T06:59:40,4,8,0,12
2022-06-01T07:10:00,4,8,0,12
2022-06-01T07:20:19,4,8,0,12
2022-06-01T07:30:39,4,8,0,12
2022-06-01T07:40:59,4,8,0,12
2022-06-01T07:51:23,4,8,0,12
2022-06-01T08:01:43,4,8,0,12
2022-06-01T08:12:04,4,8,0,12
2022-06-01T08:22:25,4,8,0,12
2022-06-01T08:32:58,4,8,0,12
2022-06-01T08:43:18,4,8,0,12
2022-06-01T08:53:39,4,8,0,12
2022-06-01T09:04:00,4,8,0,12
2022-06-01T09:14:23,4,8,0,12
2022-06-01T09:24:45,4,8,0,12
2022-06-01T09:35:07,4,8,0,12
2022-06-01T09:45:30,4,8,0,12
2022-06-01T09:55:52,4,8,0,12
2022-06-01T10:06:15,4,8,0,12
2022-06-01T10:16:49,4,8,0,12
2022-06-01T10:27:13,4,8,0,12
2022-06-01T10:37:36,4,8,0,12
2022-06-01T10:47:59,4,8,0,12
2022-06-01T10:58:22,4,8,0,12
2022-06-01T11:08:51,4,8,0,12
2022-06-01T11:19:19,4,8,0,12
2022-06-01T11:29:59,4,8,0,12
2022-06-01T11:40:26,4,8,0,12
2022-06-01T11:50:54,4,8,0,12
2022-06-01T12:01:22,5,7,0,12
2022-06-01T12:11:53,5,7,0,12
2022-06-01T12:22:25,5,7,0,12
2022-06-01T12:33:07,5,7,0,12
2022-06-01T12:43:41,5,7,0,12
2022-06-01T12:54:17,5,7,0,12
2022-06-01T13:04:51,5,7,0,12
2022-06-01T13:15:22,5,7,0,12
2022-06-01T13:25:53,5,7,0,12
2022-06-01T13:36:35,5,7,0,12
2022-06-01T13:47:06,5,7,0,12
2022-06-01T13:57:36,5,7,0,12
2022-06-01T14:08:07,5,7,0,12
2022-06-01T14:18:36,5,7,0,12
2022-06-01T14:29:15,5,7,0,12
2022-06-01T14:39:43,5,7,0,12
2022-06-01T14:50:08,5,7,0,12
2022-06-01T15:00:32,5,7,0,12
2022-06-01T15:10:57,5,7,0,12
2022-06-01T15:21:35,5,7,0,12
2022-06-01T15:31:59,5,7,0,12
2022-06-01T15:42:23,5,7,0,12
2022-06-01T15:52:46,5,7,0,12
2022-06-01T16:03:11,5,7,0,12
2022-06-01T16:13:47,5,7,0,12
2022-06-01T16:24:11,5,7,0,12
2022-06-01T16:34:34,5,7,0,12
2022-06-01T16:44:58,5,7,0,12
2022-06-01T16:55:22,5,7,0,12
2022-06-01T17:05:59,5,7,0,12
2022-06-01T17:16:23,5,7,0,12
2022-06-01T17:26:46,5,7,0,12
2022-06-01T17:37:08,5,7,0,12
2022-06-01T17:47:30,5,7,0,12
2022-06-01T17:58:06,5,7,0,12
2022-06-01T18:08:30,5,7,0,12
2022-06-01T18:18:54,5,7,0,12
2022-06-01T18:29:16,5,7,0,12
2022-06-01T18:39:40,5,7,0,12
2022-06-01T18:50:15,5,7,0,12
2022-06-01T19:00:37,5,7,0,12
2022-06-01T19:10:59,5,7,0,12
2022-06-01T19:21:22,5,7,0,12
2022-06-01T19:31:46,5,7,0,12
2022-06-01T19:42:19,5,7,0,12
2022-06-01T19:52:41,5,7,0,12
2022-06-01T20:03:04,5,7,0,12
2022-06-01T20:13:26,5,7,0,12
2022-06-01T20:23:48,5,7,0,12
2022-06-01T20:34:23,5,7,0,12
2022-06-01T20:44:46,5,7,0,12
2022-06-01T20:55:07,5,7,0,12
2022-06-01T21:05:29,5,7,0,12
2022-06-01T21:15:50,5,7,0,12
2022-06-01T21:26:24,5,7,0,12
2022-06-01T21:36:46,5,7,0,12
2022-06-01T21:47:07,5,7,0,12
2022-06-01T21:57:29,5,7,0,12
2022-06-01T22:07:52,5,7,0,12
2022-06-01T22:18:27,5,7,0,12
2022-06-01T22:28:48,5,7,0,12
2022-06-01T22:39:10,5,7,0,12
2022-06-01T22:49:31,5,7,0,12
2022-06-01T22:59:52,5,7,0,12
2022-06-01T23:10:13,5,7,0,12
2022-06-01T23:20:46,5,7,0,12
2022-06-01T23:31:07,5,7,0,12
2022-06-01T23:41:29,5,7,0,12
2022-06-01T23:51:50,5,7,0,12
2022-06-02T00:02:11,5,7,0,12
2022-06-02T00:12:35,5,7,0,12
2022-06-02T00:23:11,5,7,0,12
2022-06-02T00:33:33,5,7,0,12
2022-06-02T00:43:56,5,7,0,12
2022-06-02T00:54:18,5,7,0,12
2022-06-02T01:04:41,5,7,0,12
2022-06-02T01:15:03,5,7,0,12
2022-06-02T01:25:25,5,7,0,12
2022-06-02T01:35:47,5,7,0,12
2022-06-02T01:46:09,5,7,0,12
2022-06-02T01:56:32,5,7,0,12
2022-06-02T02:06:59,5,7,0,12
2022-06-02T02:17:25,5,7,0,12
2022-06-02T02:28:00,5,7,0,12
2022-06-02T02:38:23,5,7,0,12
2022-06-02T02:48:48,5,7,0,12
2022-06-02T02:59:11,5,7,0,12
2022-06-02T03:09:35,5,7,0,12
2022-06-02T03:19:58,5,7,0,12
2022-06-02T03:30:24,5,7,0,12
2022-06-02T03:40:52,5,7,0,12
2022-06-02T03:51:18,6,6,0,12
2022-06-02T04:01:47,6,6,0,12
2022-06-02T04:15:08,6,6,0,12
2022-06-02T04:36:18,6,6,0,12
2022-06-02T04:46:48,6,6,0,12
2022-06-02T04:57:18,6,6,0,12
2022-06-02T05:07:49,6,6,0,12
2022-06-02T05:18:17,6,6,0,12
2022-06-02T05:28:45,6,6,0,12
2022-06-02T05:39:10,6,6,0,12
2022-06-02T05:49:38,6,6,0,12
2022-06-02T06:00:02,6,6,0,12
2022-06-02T06:10:25,6,6,0,12
2022-06-02T06:20:47,6,6,0,12
2022-06-02T06:31:10,6,6,0,12
2022-06-02T06:41:33,6,6,0,12
2022-06-02T06:51:54,6,6,0,12
2022-06-02T07:02:17,6,6,0,12
2022-06-02T07:12:41,6,6,0,12
2022-06-02T07:23:03,6,6,0,12
2022-06-02T07:33:25,6,6,0,12
2022-06-02T07:43:47,6,6,0,12
2022-06-02T07:54:08,6,6,0,12
2022-06-02T09:40:55,6,6,0,12
2022-06-02T09:51:19,6,6,0,12
2022-06-02T10:01:48,6,6,0,12
2022-06-02T10:12:14,6,6,0,12
2022-06-02T10:22:39,6,6,0,12
2022-06-02T10:33:03,6,6,0,12
2022-06-02T10:43:40,6,6,0,12
2022-06-02T10:54:05,6,6,0,12
2022-06-02T11:04:32,6,6,0,12
2022-06-02T11:14:58,6,6,0,12
2022-06-02T11:25:39,6,6,0,12
2022-06-02T11:36:05,6,6,0,12
2022-06-02T11:46:30,6,6,0,12
2022-06-02T11:56:54,6,6,0,12
2022-06-02T12:07:19,6,6,0,12
2022-06-02T12:17:43,6,6,0,12
2022-06-02T12:28:17,6,6,0,12
2022-06-02T12:38:43,6,6,0,12
2022-06-02T12:49:07,6,6,0,12
2022-06-02T12:59:31,6,6,0,12
2022-06-02T13:09:56,6,6,0,12
2022-06-02T13:20:23,6,6,0,12
2022-06-02T13:31:07,6,6,0,12
2022-06-02T13:41:41,6,6,0,12
2022-06-02T13:52:16,6,6,0,12
2022-06-02T14:02:54,6,6,0,12
2022-06-02T14:13:37,6,6,0,12
2022-06-02T14:24:13,6,6,0,12
2022-06-02T14:35:04,6,6,0,12
2022-06-02T14:45:36,6,6,0,12
2022-06-02T14:56:13,6,6,0,12
2022-06-02T15:06:47,6,6,0,12
2022-06-02T15:17:21,6,6,0,12
2022-06-02T15:27:55,6,6,0,12
2022-06-02T15:38:39,6,6,0,12
2022-06-02T15:49:12,6,6,0,12
2022-06-02T15:59:44,6,6,0,12
2022-06-02T16:10:16,6,6,0,12
2022-06-02T16:20:49,6,6,0,12
2022-06-02T16:31:20,6,6,0,12
2022-06-02T16:41:47,6,6,0,12
2022-06-02T16:52:25,6,6,0,12
2022-06-02T17:02:49,6,6,0,12
2022-06-02T17:13:13,6,6,0,12
2022-06-02T17:23:35,6,6,0,12
2022-06-02T17:33:57,6,6,0,12
2022-06-02T17:44:19,6,6,0,12
2022-06-02T17:54:41,6,6,0,12
2022-06-02T18:05:14,6,6,0,12
2022-06-02T18:15:37,6,6,0,12
2022-06-02T18:25:59,6,6,0,12
2022-06-02T18:36:21,6,6,0,12
2022-06-02T18:46:43,6,6,0,12
2022-06-02T18:57:05,6,6,0,12
2022-06-02T19:07:27,6,6,0,12
2022-06-02T19:17:49,6,6,0,12
2022-06-02T19:28:23,6,6,0,12
2022-06-02T19:38:44,6,6,0,12
2022-06-02T19:49:06,6,6,0,12
2022-06-02T19:59:27,6,6,0,12
2022-06-02T20:09:49,6,6,0,12
2022-06-02T20:20:12,6,6,0,12
2022-06-02T20:30:34,6,6,0,12
2022-06-02T20:40:57,6,6,0,12
2022-06-02T20:51:19,6,6,0,12
2022-06-02T21:01:41,6,6,0,12
2022-06-02T21:12:15,6,6,0,12
2022-06-02T21:22:36,7,5,0,12
2022-06-02T21:32:58,7,5,0,12
2022-06-02T21:43:20,7,5,0,12
2022-06-02T21:53:42,7,5,0,12
2022-06-02T22:04:04,7,5,0,12
2022-06-02T22:14:25,7,5,0,12
2022-06-02T22:24:47,7,5,0,12
2022-06-02T22:35:14,7,5,0,12
2022-06-02T22:45:55,7,5,0,12
2022-06-02T22:56:20,7,5,0,12
2022-06-02T23:06:47,7,5,0,12
2022-06-02T23:17:15,7,5,0,12
2022-06-02T23:27:43,7,5,0,12
2022-06-02T23:38:10,7,5,0,12
2022-06-02T23:48:40,7,5,0,12
2022-06-02T23:59:11,7,5,0,12
2022-06-03T00:09:42,7,5,0,12
2022-06-03T00:20:32,7,5,0,12
2022-06-03T00:31:04,7,5,0,12
2022-06-03T00:41:38,7,5,0,12
2022-06-03T00:52:08,7,5,0,12
2022-06-03T01:02:40,7,5,0,12
2022-06-03T01:13:17,7,5,0,12
2022-06-03T01:23:44,7,5,0,12
2022-06-03T01:34:11,7,5,0,12
2022-06-03T01:44:36,7,5,0,12
2022-06-03T01:55:00,7,5,0,12
2022-06-03T02:05:23,7,5,0,12
2022-06-03T02:15:45,7,5,0,12
2022-06-03T02:26:06,7,5,0,12
2022-06-03T02:36:42,7,5,0,12
2022-06-03T02:47:05,7,5,0,12
2022-06-03T02:57:29,7,5,0,12
2022-06-03T03:07:52,7,5,0,12
2022-06-03T03:18:14,7,5,0,12
2022-06-03T03:28:36,7,5,0,12
2022-06-03T03:38:57,7,5,0,12
2022-06-03T03:49:21,7,5,0,12
2022-06-03T04:02:03,7,5,0,12
2022-06-03T04:24:15,7,5,0,12
2022-06-03T04:35:01,7,5,0,12
2022-06-03T04:45:25,7,5,0,12
2022-06-03T04:55:48,7,5,0,12
2022-06-03T05:06:14,7,5,0,12
2022-06-03T05:16:38,7,5,0,12
2022-06-03T05:27:02,7,5,0,12
2022-06-03T05:37:26,7,5,0,12
2022-06-03T05:47:51,7,5,0,12
2022-06-03T05:58:16,7,5,0,12
2022-06-03T06:08:39,7,5,0,12
2022-06-03T06:19:02,7,5,0,12
2022-06-03T06:29:26,7,5,0,12
2022-06-03T06:39:50,7,5,0,12
2022-06-03T06:50:11,7,5,0,12
2022-06-03T07:00:32,7,5,0,12
2022-06-03T07:10:56,7,5,0,12
2022-06-03T07:21:18,7,5,0,12
2022-06-03T07:31:39,7,5,0,12
2022-06-03T07:42:01,7,5,0,12
2022-06-03T07:52:23,7,5,0,12
2022-06-03T08:02:46,7,5,0,12
2022-06-03T08:13:08,7,5,0,12
2022-06-03T08:23:30,7,5,0,12
2022-06-03T08:33:53,7,5,0,12
2022-06-03T08:44:15,7,5,0,12
2022-06-03T08:54:38,7,5,0,12
2022-06-03T09:05:05,7,5,0,12
2022-06-03T09:15:29,7,5,0,12
2022-06-03T09:25:55,7,5,0,12
2022-06-03T09:36:29,7,5,0,12
2022-06-03T09:46:53,7,5,0,12
2022-06-03T09:57:16,7,5,0,12
2022-06-03T10:07:40,7,5,0,12
2022-06-03T10:18:04,7,5,0,12
2022-06-03T10:28:28,7,5,0,12
2022-06-03T10:38:52,7,5,0,12
2022-06-03T10:49:17,7,5,0,12
2022-06-03T10:59:43,7,5,0,12
2022-06-03T11:10:21,7,5,0,12
2022-06-03T11:20:46,7,5,0,12
2022-06-03T11:31:11,7,5,0,12
2022-06-03T11:41:35,7,5,0,12
2022-06-03T11:51:59,7,5,0,12
2022-06-03T12:02:24,7,5,0,12
2022-06-03T12:12:49,7,5,0,12
2022-06-03T12:23:13,7,5,0,12
2022-06-03T12:33:38,7,5,0,12
2022-06-03T12:44:02,7,5,0,12
2022-06-03T12:54:26,7,5,0,12
2022-06-03T13:04:51,7,5,0,12
2022-06-03T13:15:15,7,5,0,12
2022-06-03T13:25:52,7,5,0,12
2022-06-03T13:36:17,7,5,0,12
2022-06-03T13:46:49,7,5,0,12
2022-06-03T13:57:13,7,5,0,12
2022-06-03T14:07:39,7,5,0,12
2022-06-03T14:18:39,7,5,0,12
2022-06-03T14:29:07,7,5,0,12
2022-06-03T14:39:45,7,5,0,12
2022-06-03T14:50:13,7,5,0,12
2022-06-03T15:00:38,7,5,0,12
2022-06-03T15:11:04,7,5,0,12
2022-06-03T15:21:28,7,5,0,12
2022-06-03T15:31:53,7,5,0,12
2022-06-03T15:42:18,7,5,0,12
2022-06-03T15:52:42,7,5,0,12
2022-06-03T16:03:06,7,5,0,12
2022-06-03T16:13:31,7,5,0,12
2022-06-03T16:23:56,7,5,0,12
2022-06-03T16:34:20,7,5,0,12
2022-06-03T16:44:56,7,5,0,12
2022-06-03T16:55:20,7,5,0,12
2022-06-03T17:05:44,7,5,0,12
2022-06-03T17:16:08,7,5,0,12
2022-06-03T17:26:32,7,5,0,12
2022-06-03T17:37:00,7,5,0,12
2022-06-03T17:47:23,7,5,0,12
2022-06-03T17:57:46,7,5,0,12
2022-06-03T18:08:20,7,5,0,12
2022-06-03T18:18:43,7,5,0,12
2022-06-03T18:29:06,7,5,0,12
2022-06-03T18:39:29,7,5,0,12
2022-06-03T18:49:52,7,5,0,12
2022-06-03T19:00:15,7,5,0,12
2022-06-03T19:10:38,7,5,0,12
2022-06-03T19:21:00,7,5,0,12
2022-06-03T19:31:23,7,5,0,12
2022-06-03T19:41:46,7,5,0,12
2022-06-03T19:52:08,7,5,0,12
2022-06-03T20:02:44,7,5,0,12
2022-06-03T20:13:07,7,5,0,12
2022-06-03T20:23:30,7,5,0,12
2022-06-03T20:33:52,7,5,0,12
2022-06-03T20:44:15,7,5,0,12
2022-06-03T20:54:38,7,5,0,12
2022-06-03T21:05:01,7,5,0,12
2022-06-03T21:15:23,7,5,0,12
2022-06-03T21:25:46,7,5,0,12
2022-06-03T21:36:09,7,5,0,12
2022-06-03T21:46:41,7,5,0,12
2022-06-03T21:57:03,7,5,0,12
2022-06-03T22:07:26,7,5,0,12
2022-06-03T22:17:51,7,5,0,12
2022-06-03T22:28:18,7,5,0,12
2022-06-03T22:38:48,7,5,0,12
2022-06-03T22:49:14,7,5,0,12
2022-06-03T22:59:44,7,5,0,12
2022-06-03T23:10:27,7,5,0,12
2022-06-03T23:20:57,7,5,0,12
2022-06-03T23:31:27,7,5,0,12
2022-06-03T23:41:53,7,5,0,12
2022-06-03T23:52:23,7,5,0,12
2022-06-04T00:02:52,7,5,0,12
2022-06-04T00:13:18,7,5,0,12
2022-06-04T00:23:49,7,5,0,12
2022-06-04T00:34:18,7,5,0,12
2022-06-04T00:45:01,7,5,0,12
2022-06-04T00:55:32,7,5,0,12
2022-06-04T01:06:02,7,5,0,12
2022-06-04T01:16:33,7,5,0,12
2022-06-04T01:27:03,7,5,0,12
2022-06-04T01:37:34,7,5,0,12
2022-06-04T01:48:06,7,5,0,12
2022-06-04T01:58:34,7,5,0,12
2022-06-04T02:09:00,7,5,0,12
2022-06-04T02:19:25,7,5,0,12
2022-06-04T02:29:48,7,5,0,12
2022-06-04T02:40:10,7,5,0,12
2022-06-04T02:50:32,7,5,0,12
2022-06-04T03:00:54,7,5,0,12
2022-06-04T03:11:16,7,5,0,12
2022-06-04T03:21:37,7,5,0,12
2022-06-04T03:31:59,7,5,0,12
2022-06-04T03:42:24,7,5,0,12
2022-06-04T03:52:49,7,5,0,12
2022-06-04T04:03:23,7,5,0,12
2022-06-04T04:24:06,7,5,0,12
2022-06-04T04:34:47,7,5,0,12
2022-06-04T04:45:12,7,5,0,12
2022-06-04T04:55:36,7,5,0,12
2022-06-04T05:06:01,7,5,0,12
2022-06-04T05:16:25,7,5,0,12
2022-06-04T05:26:50,7,5,0,12
2022-06-04T05:37:14,7,5,0,12
2022-06-04T05:47:39,7,5,0,12
2022-06-04T05:58:04,7,5,0,12
2022-06-04T06:08:28,7,5,0,12
2022-06-04T06:18:51,7,5,0,12
2022-06-04T06:29:15,7,5,0,12
2022-06-04T06:39:39,7,5,0,12
2022-06-04T06:50:03,7,5,0,12
2022-06-04T07:00:27,7,5,0,12
2022-06-04T07:10:51,7,5,0,12
2022-06-04T07:21:15,7,5,0,12
2022-06-04T07:31:40,7,5,0,12
2022-06-04T07:42:07,7,5,0,12
2022-06-04T07:52:31,7,5,0,12
2022-06-04T08:02:56,7,5,0,12
2022-06-04T08:13:20,7,5,0,12
2022-06-04T08:23:43,7,5,0,12
2022-06-04T08:34:16,7,5,0,12
2022-06-04T08:44:39,7,5,0,12
2022-06-04T08:55:02,7,5,0,12
2022-06-04T09:05:26,7,5,0,12
2022-06-04T09:15:49,7,5,0,12
2022-06-04T09:26:13,7,5,0,12
2022-06-04T09:36:36,7,5,0,12
2022-06-04T09:46:58,7,5,0,12
2022-06-04T09:57:21,7,5,0,12
2022-06-04T10:07:43,7,5,0,12
2022-06-04T10:18:06,7,5,0,12
2022-06-04T10:28:29,7,5,0,12
2022-06-04T10:38:51,7,5,0,12
2022-06-04T10:49:13,7,5,0,12
2022-06-04T10:59:36,7,5,0,12
2022-06-04T11:09:59,7,5,0,12
2022-06-04T11:20:24,7,5,0,12
2022-06-04T11:30:57,7,5,0,12
2022-06-04T11:41:20,7,5,0,12
2022-06-04T11:51:42,7,5,0,12
2022-06-04T12:02:04,7,5,0,12
2022-06-04T12:12:26,7,5,0,12
2022-06-04T12:22:49,7,5,0,12
2022-06-04T12:33:13,7,5,0,12
2022-06-04T12:43:36,7,5,0,12
2022-06-04T12:53:58,7,5,0,12
2022-06-04T13:04:32,7,5,0,12
2022-06-04T13:14:54,7,5,0,12
2022-06-04T13:25:17,7,5,0,12
2022-06-04T13:35:39,7,5,0,12
2022-06-04T13:46:02,7,5,0,12
2022-06-04T13:56:24,7,5,0,12
2022-06-04T14:06:46,7,5,0,12
2022-06-04T14:17:09,7,5,0,12
2022-06-04T14:27:32,7,5,0,12
2022-06-04T14:38:07,7,5,0,12
2022-06-04T14:48:29,7,5,0,12
2022-06-04T14:58:52,7,5,0,12
2022-06-04T15:09:15,7,5,0,12
2022-06-04T15:19:37,7,5,0,12
2022-06-04T15:29:59,7,5,0,12
2022-06-04T15:40:21,7,5,0,12
2022-06-04T15:50:43,7,5,0,12
2022-06-04T16:01:06,7,5,0,12
2022-06-04T16:11:28,7,5,0,12
2022-06-04T16:21:50,7,5,0,12
2022-06-04T16:32:13,7,5,0,12
2022-06-04T16:42:36,7,5,0,12
2022-06-04T16:53:09,7,5,0,12
2022-06-04T17:03:31,7,5,0,12
2022-06-04T17:13:54,7,5,0,12
2022-06-04T17:24:17,7,5,0,12
2022-06-04T17:34:39,7,5,0,12
2022-06-04T17:45:01,7,5,0,12
2022-06-04T17:55:24,7,5,0,12
2022-06-04T18:05:46,7,5,0,12
2022-06-04T18:16:09,7,5,0,12
2022-06-04T18:26:32,7,5,0,12
2022-06-04T18:36:55,7,5,0,12
2022-06-04T18:47:17,7,5,0,12
2022-06-04T18:57:40,7,5,0,12
2022-06-04T19:08:13,7,5,0,12
2022-06-04T19:18:35,7,5,0,12
2022-06-04T19:28:57,7,5,0,12
2022-06-04T19:39:19,7,5,0,12
2022-06-04T19:49:40,7,5,0,12
2022-06-04T20:00:02,7,5,0,12
2022-06-04T20:10:25,7,5,0,12
2022-06-04T20:20:47,7,5,0,12
2022-06-04T20:31:09,7,5,0,12
2022-06-04T20:41:31,7,5,0,12
2022-06-04T20:51:54,7,5,0,12
2022-06-04T21:02:29,7,5,0,12
2022-06-04T21:12:51,7,5,0,12
2022-06-04T21:23:14,7,5,0,12
2022-06-04T21:33:36,7,5,0,12
2022-06-04T21:43:58,7,5,0,12
2022-06-04T21:54:20,7,5,0,12
2022-06-04T22:04:43,7,5,0,12
2022-06-04T22:15:05,7,5,0,12
2022-06-04T22:25:27,7,5,0,12
2022-06-04T22:35:50,7,5,0,12
2022-06-04T22:46:12,7,5,0,12
2022-06-04T22:56:35,7,5,0,12
2022-06-04T23:07:10,7,5,0,12
2022-06-04T23:17:32,7,5,0,12
2022-06-04T23:27:55,7,5,0,12
2022-06-04T23:38:18,7,5,0,12
2022-06-04T23:48:40,7,5,0,12
2022-06-04T23:59:02,7,5,0,12
2022-06-05T00:09:26,7,5,0,12
2022-06-05T00:19:50,7,5,0,12
2022-06-05T00:30:13,7,5,0,12
2022-06-05T00:40:38,7,5,0,12
2022-06-05T00:51:12,7,5,0,12
2022-06-05T01:01:36,7,5,0,12
2022-06-05T01:11:59,7,5,0,12
2022-06-05T01:22:21,7,5,0,12
2022-06-05T01:32:45,7,5,0,12
2022-06-05T01:43:09,7,5,0,12
2022-06-05T01:53:33,7,5,0,12
2022-06-05T02:04:04,7,5,0,12
2022-06-05T02:14:27,7,5,0,12
2022-06-05T02:24:51,7,5,0,12
2022-06-05T02:35:15,7,5,0,12
2022-06-05T02:45:38,7,5,0,12
2022-06-05T02:56:01,7,5,0,12
2022-06-05T03:06:23,7,5,0,12
2022-06-05T03:16:46,7,5,0,12
2022-06-05T03:27:19,7,5,0,12
2022-06-05T03:37:43,7,5,0,12
2022-06-05T03:48:07,7,5,0,12
2022-06-05T03:58:31,7,5,0,12
2022-06-05T04:08:56,7,5,0,12
2022-06-05T04:24:02,7,5,0,12
2022-06-05T04:35:37,7,5,0,12
2022-06-05T04:46:17,7,5,0,12
2022-06-05T04:56:42,7,5,0,12
2022-06-05T05:07:11,7,5,0,12
2022-06-05T05:17:36,7,5,0,12
2022-06-05T05:28:01,7,5,0,12
2022-06-05T05:38:26,7,5,0,12
2022-06-05T05:48:49,7,5,0,12
2022-06-05T05:59:13,7,5,0,12
2022-06-05T06:09:36,7,5,0,12
2022-06-05T06:19:59,7,5,0,12
2022-06-05T06:30:22,7,5,0,12
2022-06-05T06:40:44,7,5,0,12
2022-06-05T06:51:06,7,5,0,12
2022-06-05T07:01:28,7,5,0,12
2022-06-05T07:11:51,7,5,0,12
2022-06-05T07:22:16,7,5,0,12
2022-06-05T07:32:38,7,5,0,12
2022-06-05T07:43:01,7,5,0,12
2022-06-05T07:53:25,7,5,0,12
2022-06-05T08:03:47,7,5,0,12
2022-06-05T08:14:10,7,5,0,12
2022-06-05T08:24:32,7,5,0,12
2022-06-05T08:34:56,7,5,0,12
2022-06-05T08:45:18,7,5,0,12
2022-06-05T08:55:40,7,5,0,12
2022-06-05T09:06:03,7,5,0,12
2022-06-05T09:16:25,7,5,0,12
2022-06-05T09:26:47,7,5,0,12
2022-06-05T09:37:09,7,5,0,12
2022-06-05T09:47:31,7,5,0,12
2022-06-05T09:57:54,7,5,0,12
2022-06-05T10:08:18,7,5,0,12
2022-06-05T10:18:59,7,5,0,12
2022-06-05T10:29:22,7,5,0,12
2022-06-05T10:39:45,7,5,0,12
2022-06-05T10:50:08,7,5,0,12
2022-06-05T11:00:31,7,5,0,12
2022-06-05T11:10:54,7,5,0,12
2022-06-05T11:21:17,7,5,0,12
2022-06-05T11:31:40,7,5,0,12
2022-06-05T11:42:02,7,5,0,12
2022-06-05T11:52:24,7,5,0,12
2022-06-05T12:02:46,7,5,0,12
2022-06-05T12:13:09,7,5,0,12
2022-06-05T12:23:31,7,5,0,12
2022-06-05T12:33:54,7,5,0,12
2022-06-05T12:44:16,7,5,0,12
2022-06-05T12:54:40,7,5,0,12
2022-06-05T13:05:03,7,5,0,12
2022-06-05T13:15:36,7,5,0,12
2022-06-05T13:25:58,7,5,0,12
2022-06-05T13:36:20,7,5,0,12
2022-06-05T13:46:42,7,5,0,12
2022-06-05T13:57:05,7,5,0,12
2022-06-05T14:07:27,7,5,0,12
2022-06-05T14:17:49,7,5,0,12
2022-06-05T14:28:12,7,5,0,12
2022-06-05T14:38:34,7,5,0,12
2022-06-05T14:48:57,7,5,0,12
2022-06-05T14:59:47,7,5,0,12
2022-06-05T15:10:09,7,5,0,12
2022-06-05T15:20:31,7,5,0,12
2022-06-05T15:30:54,7,5,0,12
2022-06-05T15:41:19,7,5,0,12
2022-06-05T15:51:41,7,5,0,12
2022-06-05T16:02:04,7,5,0,12
2022-06-05T16:12:26,7,5,0,12
2022-06-05T16:22:49,7,5,0,12
2022-06-05T16:33:12,7,5,0,12
2022-06-05T16:43:34,7,5,0,12
2022-06-05T16:53:56,7,5,0,12
2022-06-05T17:04:29,7,5,0,12
2022-06-05T17:14:52,7,5,0,12
2022-06-05T17:25:15,7,5,0,12
2022-06-05T17:35:37,7,5,0,12
2022-06-05T17:46:00,7,5,0,12
2022-06-05T17:56:22,7,5,0,12
2022-06-05T18:06:44,7,5,0,12
2022-06-05T18:17:07,7,5,0,12
2022-06-05T18:27:32,7,5,0,12
2022-06-05T18:37:54,7,5,0,12
2022-06-05T18:48:17,7,5,0,12
2022-06-05T18:58:40,7,5,0,12
2022-06-05T19:09:03,7,5,0,12
2022-06-05T19:19:44,7,5,0,12
2022-06-05T19:30:06,7,5,0,12
2022-06-05T19:40:28,7,5,0,12
2022-06-05T19:50:51,7,5,0,12
2022-06-05T20:01:14,7,5,0,12
2022-06-05T20:11:36,7,5,0,12
2022-06-05T20:21:59,7,5,0,12
2022-06-05T20:32:22,7,5,0,12
2022-06-05T20:42:44,7,5,0,12
2022-06-05T20:53:07,7,5,0,12
2022-06-05T21:03:29,7,5,0,12
2022-06-05T21:13:52,7,5,0,12
2022-06-05T21:24:33,7,5,0,12
2022-06-05T21:34:55,7,5,0,12
2022-06-05T21:45:18,7,5,0,12
2022-06-05T21:55:41,7,5,0,12
2022-06-05T22:06:03,7,5,0,12
2022-06-05T22:16:26,7,5,0,12
2022-06-05T22:26:48,7,5,0,12
2022-06-05T22:37:11,7,5,0,12
2022-06-05T22:47:34,7,5,0,12
2022-06-05T22:57:57,7,5,0,12
2022-06-05T23:08:21,7,5,0,12
2022-06-05T23:18:44,7,5,0,12
2022-06-05T23:29:09,7,5,0,12
2022-06-05T23:39:42,7,5,0,12
2022-06-05T23:50:05,7,5,0,12
2022-06-06T00:00:27,7,5,0,12
2022-06-06T00:10:51,7,5,0,12
2022-06-06T00:21:17,7,5,0,12
2022-06-06T00:31:41,7,5,0,12
2022-06-06T00:42:07,7,5,0,12
2022-06-06T00:52:31,7,5,0,12
2022-06-06T01:02:53,7,5,0,12
2022-06-06T01:13:27,7,5,0,12
2022-06-06T01:23:51,7,5,0,12
2022-06-06T01:34:15,7,5,0,12
2022-06-06T01:44:40,7,5,0,12
2022-06-06T01:55:04,7,5,0,12
2022-06-06T02:05:37,7,5,0,12
2022-06-06T02:16:13,7,5,0,12
2022-06-06T02:26:41,7,5,0,12
2022-06-06T02:37:09,7,5,0,12
2022-06-06T02:47:38,7,5,0,12
2022-06-06T02:58:04,7,5,0,12
2022-06-06T03:08:29,7,5,0,12
2022-06-06T03:18:57,7,5,0,12
2022-06-06T03:29:27,7,5,0,12
2022-06-06T03:39:54,7,5,0,12
2022-06-06T03:50:25,7,5,0,12
2022-06-06T04:00:56,7,5,0,12
2022-06-06T04:11:28,7,5,0,12
2022-06-06T04:24:03,7,5,0,12
2022-06-06T04:34:45,7,5,0,12
2022-06-06T04:45:12,7,5,0,12
2022-06-06T04:55:45,7,5,0,12
2022-06-06T05:06:21,7,5,0,12
2022-06-06T05:16:54,7,5,0,12
2022-06-06T05:27:30,7,5,0,12
2022-06-06T05:38:03,7,5,0,12
2022-06-06T05:48:35,7,5,0,12
2022-06-06T05:59:12,7,5,0,12
2022-06-06T06:09:45,7,5,0,12
2022-06-06T06:20:12,7,5,0,12
2022-06-06T06:30:38,7,5,0,12
2022-06-06T06:41:04,7,5,0,12
2022-06-06T06:51:27,7,5,0,12
2022-06-06T07:01:50,7,5,0,12
2022-06-06T07:12:14,7,5,0,12
2022-06-06T07:22:37,7,5,0,12
2022-06-06T07:32:59,7,5,0,12
2022-06-06T07:43:24,7,5,0,12
2022-06-06T07:53:47,7,5,0,12
2022-06-06T08:04:10,7,5,0,12
2022-06-06T08:14:33,7,5,0,12
2022-06-06T08:24:57,7,5,0,12
2022-06-06T08:35:21,7,5,0,12
2022-06-06T08:45:44,7,5,0,12
2022-06-06T08:56:08,7,5,0,12
2022-06-06T09:06:32,7,5,0,12
2022-06-06T09:16:56,7,5,0,12
2022-06-06T09:27:20,7,5,0,12
2022-06-06T09:37:56,7,5,0,12
2022-06-06T09:48:20,7,5,0,12
2022-06-06T09:58:44,7,5,0,12
2022-06-06T10:09:09,7,5,0,12
2022-06-06T10:19:34,7,5,0,12
2022-06-06T10:29:59,7,5,0,12
2022-06-06T10:40:24,7,5,0,12
2022-06-06T10:50:49,7,5,0,12
2022-06-06T11:01:14,7,5,0,12
2022-06-06T11:11:39,7,5,0,12
2022-06-06T11:22:03,7,5,0,12
2022-06-06T11:32:38,7,5,0,12
2022-06-06T11:43:03,7,5,0,12
2022-06-06T11:53:28,7,5,0,12
2022-06-06T12:03:52,7,5,0,12
2022-06-06T12:14:16,7,5,0,12
2022-06-06T12:24:41,7,5,0,12
2022-06-06T12:35:05,7,5,0,12
2022-06-06T12:45:28,7,5,0,12
2022-06-06T12:56:03,7,5,0,12
2022-06-06T13:06:26,7,5,0,12
2022-06-06T13:16:51,7,5,0,12
2022-06-06T13:27:15,7,5,0,12
2022-06-06T13:37:39,7,5,0,12
2022-06-06T13:48:04,7,5,0,12
2022-06-06T13:58:28,7,5,0,12
2022-06-06T14:08:53,7,5,0,12
2022-06-06T14:19:18,7,5,0,12
2022-06-06T14:29:42,7,5,0,12
2022-06-06T14:40:07,7,5,0,12
2022-06-06T14:50:42,7,5,0,12
2022-06-06T15:01:07,7,5,0,12
2022-06-06T15:11:33,7,5,0,12
2022-06-06T15:21:58,7,5,0,12
2022-06-06T15:32:23,7,5,0,12
2022-06-06T15:42:47,7,5,0,12
2022-06-06T15:53:11,7,5,0,12
2022-06-06T16:03:35,7,5,0,12
2022-06-06T16:14:12,7,5,0,12
2022-06-06T16:24:36,7,5,0,12
2022-06-06T16:35:00,7,5,0,12
2022-06-06T16:45:23,7,5,0,12
2022-06-06T16:55:46,7,5,0,12
2022-06-06T17:06:10,7,5,0,12
2022-06-06T17:16:34,7,5,0,12
2022-06-06T17:26:57,7,5,0,12
2022-06-06T17:37:20,7,5,0,12
2022-06-06T17:47:43,7,5,0,12
2022-06-06T17:58:06,7,5,0,12
2022-06-06T18:08:41,7,5,0,12
2022-06-06T18:19:05,7,5,0,12
2022-06-06T18:29:28,7,5,0,12
2022-06-06T18:39:51,7,5,0,12
2022-06-06T18:50:14,7,5,0,12
2022-06-06T19:00:36,7,5,0,12
2022-06-06T19:11:00,7,5,0,12
2022-06-06T19:21:23,7,5,0,12
2022-06-06T19:31:50,7,5,0,12
2022-06-06T19:42:17,7,5,0,12
2022-06-06T19:52:54,7,5,0,12
2022-06-06T20:03:21,7,5,0,12
2022-06-06T20:13:50,7,5,0,12
2022-06-06T20:24:19,7,5,0,12
2022-06-06T20:34:48,7,5,0,12
2022-06-06T20:45:19,7,5,0,12
2022-06-06T20:55:50,7,5,0,12
2022-06-06T21:06:23,7,5,0,12
2022-06-06T21:16:57,7,5,0,12
2022-06-06T21:27:31,7,5,0,12
2022-06-06T21:38:05,7,5,0,12
2022-06-06T21:48:37,7,5,0,12
2022-06-06T21:59:13,7,5,0,12
2022-06-06T22:09:57,7,5,0,12
2022-06-06T22:20:23,7,5,0,12
2022-06-06T22:30:49,7,5,0,12
2022-06-06T22:41:14,7,5,0,12
2022-06-06T22:51:36,7,5,0,12
2022-06-06T23:01:59,7,5,0,12
2022-06-06T23:12:22,7,5,0,12
2022-06-06T23:22:45,7,5,0,12
2022-06-06T23:33:08,7,5,0,12
2022-06-06T23:43:31,7,5,0,12
2022-06-06T23:53:53,7,5,0,12
2022-06-07T00:04:17,7,5,0,12
2022-06-07T00:14:41,7,5,0,12
2022-06-07T00:25:06,7,5,0,12
2022-06-07T00:35:31,7,5,0,12
2022-06-07T00:46:06,7,5,0,12
2022-06-07T00:56:32,7,5,0,12
2022-06-07T01:06:57,7,5,0,12
2022-06-07T01:17:21,7,5,0,12
2022-06-07T01:27:45,7,5,0,12
2022-06-07T01:38:09,7,5,0,12
2022-06-07T01:48:33,7,5,0,12
2022-06-07T01:58:58,7,5,0,12
2022-06-07T02:09:21,7,5,0,12
2022-06-07T02:19:45,7,5,0,12
2022-06-07T02:30:09,7,5,0,12
2022-06-07T02:40:31,7,5,0,12
2022-06-07T02:50:53,7,5,0,12
2022-06-07T03:01:14,7,5,0,12
2022-06-07T03:11:37,7,5,0,12
2022-06-07T03:21:59,7,5,0,12
2022-06-07T03:32:20,7,5,0,12
2022-06-07T03:42:44,7,5,0,12
2022-06-07T03:53:07,7,5,0,12
2022-06-07T04:03:32,7,5,0,12
2022-06-07T04:26:45,7,5,0,12
2022-06-07T04:37:27,7,5,0,12
2022-06-07T04:47:53,7,5,0,12
2022-06-07T04:58:18,7,5,0,12
2022-06-07T05:08:44,7,5,0,12
2022-06-07T05:19:09,7,5,0,12
2022-06-07T05:29:34,7,5,0,12
2022-06-07T05:39:57,7,5,0,12
2022-06-07T05:50:20,7,5,0,12
2022-06-07T06:00:46,7,5,0,12
2022-06-07T06:11:11,7,5,0,12
2022-06-07T06:21:35,7,5,0,12
2022-06-07T06:32:00,7,5,0,12
2022-06-07T06:42:25,7,5,0,12
2022-06-07T06:52:49,7,5,0,12
2022-06-07T07:03:14,7,5,0,12
2022-06-07T07:13:38,7,5,0,12
2022-06-07T07:24:05,7,5,0,12
2022-06-07T07:34:30,7,5,0,12
2022-06-07T07:44:55,7,5,0,12
2022-06-07T07:55:20,7,5,0,12
2022-06-07T08:05:44,7,5,0,12
2022-06-07T08:16:08,7,5,0,12
2022-06-07T08:26:32,7,5,0,12
2022-06-07T08:36:57,7,5,0,12
2022-06-07T08:47:21,7,5,0,12
2022-06-07T08:57:45,7,5,0,12
2022-06-07T09:08:10,7,5,0,12
2022-06-07T09:18:35,7,5,0,12
2022-06-07T09:28:59,7,5,0,12
2022-06-07T09:39:23,7,5,0,12
2022-06-07T09:49:48,7,5,0,12
2022-06-07T10:00:12,7,5,0,12
2022-06-07T10:10:47,7,5,0,12
2022-06-07T10:21:21,7,5,0,12
2022-06-07T10:31:45,7,5,0,12
2022-06-07T10:42:10,7,5,0,12
2022-06-07T10:52:35,7,5,0,12
2022-06-07T11:03:00,7,5,0,12
2022-06-07T11:13:26,7,5,0,12
2022-06-07T11:23:51,7,5,0,12
2022-06-07T11:34:15,7,5,0,12
2022-06-07T11:44:40,7,5,0,12
2022-06-07T11:55:04,7,5,0,12
2022-06-07T12:05:29,7,5,0,12
2022-06-07T12:15:54,7,5,0,12
2022-06-07T12:26:28,7,5,0,12
2022-06-07T12:36:53,7,5,0,12
2022-06-07T12:47:16,7,5,0,12
2022-06-07T12:57:40,7,5,0,12
2022-06-07T13:08:05,7,5,0,12
2022-06-07T13:18:30,7,5,0,12
2022-06-07T13:28:59,7,5,0,12
2022-06-07T13:39:29,7,5,0,12
2022-06-07T13:50:09,7,5,0,12
2022-06-07T14:00:39,7,5,0,12
2022-06-07T14:11:07,7,5,0,12
2022-06-07T14:21:36,7,5,0,12
2022-06-07T14:32:03,7,5,0,12
2022-06-07T14:42:35,7,5,0,12
2022-06-07T14:53:07,7,5,0,12
2022-06-07T15:03:51,7,5,0,12
2022-06-07T15:14:20,7,5,0,12
2022-06-07T15:24:53,7,5,0,12
2022-06-07T15:35:27,7,5,0,12
2022-06-07T15:45:58,7,5,0,12
2022-06-07T15:56:27,7,5,0,12
2022-06-07T16:07:05,7,5,0,12
2022-06-07T16:17:34,7,5,0,12
2022-06-07T16:28:03,7,5,0,12
2022-06-07T16:38:32,7,5,0,12
2022-06-07T16:48:59,7,5,0,12
2022-06-07T16:59:26,7,5,0,12
2022-06-07T17:09:52,7,5,0,12
2022-06-07T17:20:17,7,5,0,12
2022-06-07T17:30:40,7,5,0,12
2022-06-07T17:41:03,7,5,0,12
2022-06-07T17:51:26,7,5,0,12
2022-06-07T18:01:50,7,5,0,12
2022-06-07T18:12:13,7,5,0,12
2022-06-07T18:22:46,7,5,0,12
2022-06-07T18:33:10,7,5,0,12
2022-06-07T18:43:33,7,5,0,12
2022-06-07T18:53:56,7,5,0,12
2022-06-07T19:04:19,7,5,0,12
2022-06-07T19:14:41,7,5,0,12
2022-06-07T19:25:04,7,5,0,12
2022-06-07T19:35:27,7,5,0,12
2022-06-07T19:45:50,7,5,0,12
2022-06-07T19:56:13,7,5,0,12
2022-06-07T20:06:36,7,5,0,12
2022-06-07T20:16:59,7,5,0,12
2022-06-07T20:27:23,7,5,0,12
2022-06-07T20:37:45,7,5,0,12
2022-06-07T20:48:18,7,5,0,12
2022-06-07T20:58:41,7,5,0,12
2022-06-07T21:09:04,7,5,0,12
2022-06-07T21:19:26,7,5,0,12
2022-06-07T21:29:49,7,5,0,12
2022-06-07T21:40:11,7,5,0,12
2022-06-07T21:50:34,7,5,0,12
2022-06-07T22:00:57,7,5,0,12
2022-06-07T22:11:20,7,5,0,12
2022-06-07T22:21:43,7,5,0,12
2022-06-07T22:32:06,7,5,0,12
2022-06-07T22:42:29,7,5,0,12
2022-06-07T22:52:54,7,5,0,12
2022-06-07T23:03:17,7,5,0,12
2022-06-07T23:13:53,7,5,0,12
2022-06-07T23:24:16,7,5,0,12
2022-06-07T23:34:39,7,5,0,12
2022-06-07T23:45:02,7,5,0,12
2022-06-07T23:55:24,7,5,0,12
2022-06-08T00:05:48,7,5,0,12
2022-06-08T00:16:15,7,5,0,12
2022-06-08T00:26:40,7,5,0,12
2022-06-08T00:37:04,7,5,0,12
2022-06-08T00:47:29,7,5,0,12
2022-06-08T00:57:55,7,5,0,12
2022-06-08T01:08:20,7,5,0,12
2022-06-08T01:18:45,7,5,0,12
2022-06-08T01:29:10,7,5,0,12
2022-06-08T01:39:34,7,5,0,12
2022-06-08T01:49:58,7,5,0,12
2022-06-08T02:00:21,7,5,0,12
2022-06-08T02:10:44,7,5,0,12
2022-06-08T02:21:09,7,5,0,12
2022-06-08T02:31:41,7,5,0,12
2022-06-08T02:42:06,7,5,0,12
2022-06-08T02:52:30,7,5,0,12
2022-06-08T03:02:54,7,5,0,12
2022-06-08T03:13:17,7,5,0,12
2022-06-08T03:23:39,7,5,0,12
2022-06-08T03:34:01,7,5,0,12
2022-06-08T03:44:25,7,5,0,12
2022-06-08T03:54:48,7,5,0,12
2022-06-08T04:07:40,7,5,0,12
2022-06-08T04:26:29,7,5,0,12
2022-06-08T04:37:17,7,5,0,12
2022-06-08T04:47:42,7,5,0,12
2022-06-08T04:58:06,7,5,0,12
2022-06-08T05:08:33,7,5,0,12
2022-06-08T05:18:57,7,5,0,12
2022-06-08T05:29:23,7,5,0,12
2022-06-08T05:39:48,7,5,0,12
2022-06-08T05:50:12,7,5,0,12
2022-06-08T06:00:37,7,5,0,12
2022-06-08T06:11:07,7,5,0,12
2022-06-08T06:21:35,7,5,0,12
2022-06-08T06:32:03,7,5,0,12
2022-06-08T06:42:32,7,5,0,12
2022-06-08T06:53:02,7,5,0,12
2022-06-08T07:03:34,7,5,0,12
2022-06-08T07:14:05,7,5,0,12
2022-06-08T07:24:33,7,5,0,12
2022-06-08T07:35:02,7,5,0,12
2022-06-08T07:45:32,7,5,0,12
2022-06-08T07:56:00,7,5,0,12
2022-06-08T08:06:27,7,5,0,12
2022-06-08T08:16:58,7,5,0,12
2022-06-08T08:27:29,7,5,0,12
2022-06-08T08:38:00,7,5,0,12
2022-06-08T08:48:32,7,5,0,12
2022-06-08T08:59:03,7,5,0,12
2022-06-08T09:09:33,7,5,0,12
2022-06-08T09:20:04,7,5,0,12
2022-06-08T09:30:36,7,5,0,12
2022-06-08T09:41:05,7,5,0,12
2022-06-08T09:51:33,7,5,0,12
2022-06-08T10:02:02,7,5,0,12
2022-06-08T10:12:38,7,5,0,12
2022-06-08T10:23:03,7,5,0,12
2022-06-08T10:33:28,7,5,0,12
2022-06-08T10:43:52,7,5,0,12
2022-06-08T10:54:16,7,5,0,12
2022-06-08T11:04:42,7,5,0,12
2022-06-08T11:15:06,7,5,0,12
2022-06-08T11:25:32,7,5,0,12
2022-06-08T11:35:57,7,5,0,12
2022-06-08T11:46:22,7,5,0,12
2022-06-08T11:56:47,7,5,0,12
2022-06-08T12:07:11,7,5,0,12
2022-06-08T12:17:48,7,5,0,12
2022-06-08T12:28:12,7,5,0,12
2022-06-08T12:38:36,7,5,0,12
2022-06-08T12:49:00,7,5,0,12
2022-06-08T12:59:25,7,5,0,12
2022-06-08T13:09:50,7,5,0,12
2022-06-08T13:20:15,7,5,0,12
2022-06-08T13:30:40,7,5,0,12
2022-06-08T13:41:05,7,5,0,12
2022-06-08T13:51:30,7,5,0,12
2022-06-08T14:01:55,7,5,0,12
2022-06-08T14:12:33,7,5,0,12
2022-06-08T14:22:58,7,5,0,12
2022-06-08T14:33:23,7,5,0,12
2022-06-08T14:43:47,7,5,0,12
2022-06-08T14:54:12,7,5,0,12
2022-06-08T15:04:37,7,5,0,12
2022-06-08T15:15:01,7,5,0,12
2022-06-08T15:25:37,7,5,0,12
2022-06-08T15:36:01,7,5,0,12
2022-06-08T15:46:26,7,5,0,12
2022-06-08T15:56:50,7,5,0,12
2022-06-08T16:07:14,7,5,0,12
2022-06-08T16:17:39,7,5,0,12
2022-06-08T16:28:03,7,5,0,12
2022-06-08T16:38:27,7,5,0,12
2022-06-08T16:48:52,7,5,0,12
2022-06-08T16:59:16,7,5,0,12
2022-06-08T17:09:41,7,5,0,12
2022-06-08T17:20:16,7,5,0,12
2022-06-08T17:30:40,7,5,0,12
2022-06-08T17:41:03,7,5,0,12
2022-06-08T17:51:27,7,5,0,12
2022-06-08T18:01:50,7,5,0,12
2022-06-08T18:12:14,7,5,0,12
2022-06-08T18:22:37,7,5,0,12
2022-06-08T18:33:00,7,5,0,12
2022-06-08T18:43:24,7,5,0,12
2022-06-08T18:53:48,7,5,0,12
2022-06-08T19:04:11,7,5,0,12
2022-06-08T19:14:34,7,5,0,12
2022-06-08T19:24:57,7,5,0,12
2022-06-08T19:35:31,6,6,0,12
2022-06-08T19:45:54,6,6,0,12
2022-06-08T19:56:17,6,6,0,12
2022-06-08T20:06:40,6,6,0,12
2022-06-08T20:17:04,6,6,0,12
2022-06-08T20:27:27,6,6,0,12
2022-06-08T20:37:50,6,6,0,12
2022-06-08T20:48:13,6,6,0,12
2022-06-08T20:58:37,6,6,0,12
2022-06-08T21:09:01,6,6,0,12
2022-06-08T21:19:24,6,6,0,12
2022-06-08T21:29:48,6,6,0,12
2022-06-08T21:40:11,6,6,0,12
2022-06-08T21:50:43,6,6,0,12
2022-06-08T22:01:07,6,6,0,12
2022-06-08T22:11:30,6,6,0,12
2022-06-08T22:21:53,6,6,0,12
2022-06-08T22:32:16,6,6,0,12
2022-06-08T22:42:40,6,6,0,12
2022-06-08T22:53:05,6,6,0,12
2022-06-08T23:03:28,6,6,0,12
2022-06-08T23:13:52,6,6,0,12
2022-06-08T23:24:15,6,6,0,12
2022-06-08T23:34:39,6,6,0,12
2022-06-08T23:45:02,6,6,0,12
2022-06-08T23:55:25,6,6,0,12
2022-06-09T00:05:49,6,6,0,12
2022-06-09T00:16:17,6,6,0,12
2022-06-09T00:26:42,6,6,0,12
2022-06-09T00:37:15,6,6,0,12
2022-06-09T00:47:40,6,6,0,12
2022-06-09T00:58:04,6,6,0,12
2022-06-09T01:08:28,6,6,0,12
2022-06-09T01:18:53,6,6,0,12
2022-06-09T01:29:18,6,6,0,12
2022-06-09T01:39:42,6,6,0,12
2022-06-09T01:50:07,6,6,0,12
2022-06-09T02:00:31,6,6,0,12
2022-06-09T02:10:54,6,6,0,12
2022-06-09T02:21:18,6,6,0,12
2022-06-09T02:31:41,6,6,0,12
2022-06-09T02:42:05,6,6,0,12
2022-06-09T02:52:28,6,6,0,12
2022-06-09T03:02:50,6,6,0,12
2022-06-09T03:13:13,6,6,0,12
2022-06-09T03:23:35,6,6,0,12
2022-06-09T03:33:57,6,6,0,12
2022-06-09T03:44:21,6,6,0,12
2022-06-09T03:54:45,6,6,0,12
2022-06-09T04:05:09,6,6,0,12
2022-06-09T04:15:33,6,6,0,12
2022-06-09T04:32:00,6,6,0,12
2022-06-09T04:42:28,6,6,0,12
2022-06-09T04:52:55,6,6,0,12
2022-06-09T05:03:21,6,6,0,12
2022-06-09T05:13:47,6,6,0,12
2022-06-09T05:24:12,6,6,0,12
2022-06-09T05:34:36,6,6,0,12
2022-06-09T05:45:00,6,6,0,12
2022-06-09T05:55:24,6,6,0,12
2022-06-09T06:05:49,6,6,0,12
2022-06-09T06:16:14,6,6,0,12
2022-06-09T06:26:39,6,6,0,12
2022-06-09T06:37:04,6,6,0,12
2022-06-09T06:47:28,6,6,0,12
2022-06-09T06:57:52,6,6,0,12
2022-06-09T07:08:17,6,6,0,12
2022-06-09T07:18:43,6,6,0,12
2022-06-09T07:29:08,6,6,0,12
2022-06-09T07:39:35,6,6,0,12
2022-06-09T07:50:01,6,6,0,12
2022-06-09T08:00:30,6,6,0,12
2022-06-09T08:10:55,6,6,0,12
2022-06-09T08:21:19,6,6,0,12
2022-06-09T08:31:44,6,6,0,12
2022-06-09T08:42:08,6,6,0,12
2022-06-09T08:52:31,6,6,0,12
2022-06-09T09:02:56,6,6,0,12
2022-06-09T09:13:20,6,6,0,12
2022-06-09T09:23:45,6,6,0,12
2022-06-09T09:34:09,6,6,0,12
2022-06-09T09:44:33,6,6,0,12
2022-06-09T09:54:58,6,6,0,12
2022-06-09T10:05:23,6,6,0,12
2022-06-09T10:15:49,6,6,0,12
2022-06-09T10:26:14,6,6,0,12
2022-06-09T10:36:48,6,6,0,12
2022-06-09T10:47:13,6,6,0,12
2022-06-09T10:57:38,6,6,0,12
2022-06-09T11:08:03,6,6,0,12
2022-06-09T11:18:27,6,6,0,12
2022-06-09T11:28:52,6,6,0,12
2022-06-09T11:39:17,6,6,0,12
2022-06-09T11:49:41,6,6,0,12
2022-06-09T12:00:05,6,6,0,12
2022-06-09T12:10:29,6,6,0,12
2022-06-09T12:20:53,6,6,0,12
2022-06-09T12:31:29,6,6,0,12
2022-06-09T12:42:00,6,6,0,12
2022-06-09T12:52:34,6,6,0,12
2022-06-09T13:03:09,6,6,0,12
2022-06-09T13:13:47,6,6,0,12
2022-06-09T13:24:25,6,6,0,12
2022-06-09T13:34:59,6,6,0,12
2022-06-09T13:45:49,6,6,0,12
2022-06-09T13:56:27,6,6,0,12
2022-06-09T14:07:05,6,6,0,12
2022-06-09T14:17:40,6,6,0,12
2022-06-09T14:28:14,6,6,0,12
2022-06-09T14:38:46,6,6,0,12
2022-06-09T14:49:18,6,6,0,12
2022-06-09T14:59:50,6,6,0,12
2022-06-09T15:10:22,6,6,0,12
2022-06-09T15:21:06,6,6,0,12
2022-06-09T15:31:36,6,6,0,12
2022-06-09T15:42:05,6,6,0,12
2022-06-09T15:52:33,6,6,0,12
2022-06-09T16:02:59,6,6,0,12
2022-06-09T16:13:33,6,6,0,12
2022-06-09T16:23:58,6,6,0,12
2022-06-09T16:34:23,6,6,0,12
2022-06-09T16:44:52,6,6,0,12
2022-06-09T16:55:17,6,6,0,12
2022-06-09T17:05:42,6,6,0,12
2022-06-09T17:16:08,6,6,0,12
2022-06-09T17:26:34,6,6,0,12
2022-06-09T17:37:04,6,6,0,12
2022-06-09T17:47:43,6,6,0,12
2022-06-09T17:58:12,6,6,0,12
2022-06-09T18:08:41,6,6,0,12
2022-06-09T18:19:10,6,6,0,12
2022-06-09T18:29:38,6,6,0,12
2022-06-09T18:40:06,6,6,0,12
2022-06-09T18:50:36,6,6,0,12
2022-06-09T19:01:05,6,6,0,12
2022-06-09T19:11:38,6,6,0,12
2022-06-09T19:22:13,6,6,0,12
2022-06-09T19:32:56,6,6,0,12
2022-06-09T19:43:45,6,6,0,12
2022-06-09T19:54:16,6,6,0,12
2022-06-09T20:04:45,6,6,0,12
2022-06-09T20:15:16,6,6,0,12
2022-06-09T20:25:45,6,6,0,12
2022-06-09T20:36:14,6,6,0,12
2022-06-09T20:46:44,6,6,0,12
2022-06-09T20:57:11,6,6,0,12
2022-06-09T21:07:38,6,6,0,12
2022-06-09T21:18:03,6,6,0,12
2022-06-09T21:28:27,6,6,0,12
2022-06-09T21:38:52,6,6,0,12
2022-06-09T21:49:15,6,6,0,12
2022-06-09T21:59:40,6,6,0,12
2022-06-09T22:10:05,6,6,0,12
2022-06-09T22:20:29,6,6,0,12
2022-06-09T22:31:04,6,6,0,12
2022-06-09T22:41:28,6,6,0,12
2022-06-09T22:51:53,6,6,0,12
2022-06-09T23:02:16,6,6,0,12
2022-06-09T23:12:41,6,6,0,12
2022-06-09T23:23:06,6,6,0,12
2022-06-09T23:33:30,6,6,0,12
2022-06-09T23:43:55,6,6,0,12
2022-06-09T23:54:19,6,6,0,12
2022-06-10T00:04:44,6,6,0,12
2022-06-10T00:15:11,6,6,0,12
2022-06-10T00:25:38,6,6,0,12
2022-06-10T00:36:04,6,6,0,12
2022-06-10T00:46:30,6,6,0,12
2022-06-10T00:56:56,6,6,0,12
2022-06-10T01:07:34,6,6,0,12
2022-06-10T01:18:01,6,6,0,12
2022-06-10T01:28:28,6,6,0,12
2022-06-10T01:38:54,6,6,0,12
2022-06-10T01:49:20,6,6,0,12
2022-06-10T01:59:45,6,6,0,12
2022-06-10T02:10:10,6,6,0,12
2022-06-10T02:20:37,6,6,0,12
2022-06-10T02:31:13,6,6,0,12
2022-06-10T02:41:40,6,6,0,12
2022-06-10T02:52:05,6,6,0,12
2022-06-10T03:02:30,6,6,0,12
2022-06-10T03:12:54,6,6,0,12
2022-06-10T03:23:18,6,6,0,12
2022-06-10T03:33:43,6,6,0,12
2022-06-10T03:44:08,6,6,0,12
2022-06-10T03:54:34,6,6,0,12
2022-06-10T04:04:59,6,6,0,12
2022-06-10T04:15:25,6,6,0,12
2022-06-10T04:31:10,6,6,0,12
2022-06-10T04:41:54,6,6,0,12
2022-06-10T04:52:21,6,6,0,12
2022-06-10T05:02:49,6,6,0,12
2022-06-10T05:13:16,6,6,0,12
2022-06-10T05:23:42,6,6,0,12
2022-06-10T05:34:08,6,6,0,12
2022-06-10T05:44:33,6,6,0,12
2022-06-10T05:54:59,6,6,0,12
2022-06-10T06:05:25,6,6,0,12
2022-06-10T06:15:51,6,6,0,12
2022-06-10T06:26:19,6,6,0,12
2022-06-10T06:36:44,6,6,0,12
2022-06-10T06:47:08,6,6,0,12
2022-06-10T06:57:31,6,6,0,12
2022-06-10T07:07:56,6,6,0,12
2022-06-10T07:18:20,6,6,0,12
2022-06-10T07:28:44,6,6,0,12
2022-06-10T07:39:09,6,6,0,12
2022-06-10T07:49:34,6,6,0,12
2022-06-10T07:59:58,6,6,0,12
2022-06-10T08:10:23,6,6,0,12
2022-06-10T08:20:47,6,6,0,12
2022-06-10T08:31:13,6,6,0,12
2022-06-10T08:41:38,6,6,0,12
2022-06-10T08:52:03,6,6,0,12
2022-06-10T09:02:29,6,6,0,12
2022-06-10T09:12:55,6,6,0,12
2022-06-10T09:23:39,6,6,0,12
2022-06-10T09:34:05,6,6,0,12
2022-06-10T09:44:32,6,6,0,12
2022-06-10T09:54:59,6,6,0,12
2022-06-10T10:05:29,6,6,0,12
2022-06-10T10:15:59,6,6,0,12
2022-06-10T10:26:31,6,6,0,12
2022-06-10T10:37:03,6,6,0,12
2022-06-10T10:47:35,6,6,0,12
2022-06-10T10:58:04,6,6,0,12
2022-06-10T11:08:51,6,6,0,12
2022-06-10T11:19:30,6,6,0,12
2022-06-10T11:30:10,6,6,0,12
2022-06-10T11:40:52,6,6,0,12
2022-06-10T11:51:35,6,6,0,12
2022-06-10T12:02:12,6,6,0,12
2022-06-10T12:12:43,6,6,0,12
2022-06-10T12:23:14,6,6,0,12
2022-06-10T12:33:56,6,6,0,12
2022-06-10T12:44:25,6,6,0,12
2022-06-10T12:54:55,6,6,0,12
2022-06-10T13:05:23,6,6,0,12
2022-06-10T13:15:50,6,6,0,12
2022-06-10T13:26:16,6,6,0,12
2022-06-10T13:36:43,6,6,0,12
2022-06-10T13:47:10,6,6,0,12
2022-06-10T13:57:46,6,6,0,12
2022-06-10T14:08:12,6,6,0,12
2022-06-10T14:18:38,6,6,0,12
2022-06-10T14:29:05,6,6,0,12
2022-06-10T14:39:31,6,6,0,12
2022-06-10T14:49:58,6,6,0,12
2022-06-10T15:00:28,6,6,0,12
2022-06-10T15:10:53,6,6,0,12
2022-06-10T15:21:19,6,6,0,12
2022-06-10T15:31:55,6,6,0,12
2022-06-10T15:42:21,6,6,0,12
2022-06-10T15:52:47,6,6,0,12
2022-06-10T16:03:13,6,6,0,12
2022-06-10T16:13:39,6,6,0,12
2022-06-10T16:24:04,6,6,0,12
2022-06-10T16:34:30,6,6,0,12
2022-06-10T16:45:14,6,6,0,12
2022-06-10T16:55:39,6,6,0,12
2022-06-10T17:06:05,6,6,0,12
2022-06-10T17:16:31,6,6,0,12
2022-06-10T17:26:56,6,6,0,12
2022-06-10T17:37:22,6,6,0,12
2022-06-10T17:47:47,6,6,0,12
2022-06-10T17:58:12,6,6,0,12
2022-06-10T18:08:37,6,6,0,12
2022-06-10T18:19:02,6,6,0,12
2022-06-10T18:29:37,6,6,0,12
2022-06-10T18:40:02,6,6,0,12
2022-06-10T18:50:26,6,6,0,12
2022-06-10T19:00:51,6,6,0,12
2022-06-10T19:11:15,6,6,0,12
2022-06-10T19:21:40,6,6,0,12
2022-06-10T19:32:05,6,6,0,12
2022-06-10T19:42:29,6,6,0,12
2022-06-10T19:52:54,6,6,0,12
2022-06-10T20:03:19,6,6,0,12
2022-06-10T20:13:44,6,6,0,12
2022-06-10T20:24:08,6,6,0,12
2022-06-10T20:34:51,6,6,0,12
2022-06-10T20:45:15,6,6,0,12
2022-06-10T20:55:40,6,6,0,12
2022-06-10T21:06:04,6,6,0,12
2022-06-10T21:16:29,6,6,0,12
2022-06-10T21:26:54,6,6,0,12
2022-06-10T21:37:18,6,6,0,12
2022-06-10T21:47:43,6,6,0,12
2022-06-10T21:58:07,6,6,0,12
2022-06-10T22:08:32,6,6,0,12
2022-06-10T22:18:57,6,6,0,12
2022-06-10T22:29:22,6,6,0,12
2022-06-10T22:39:58,6,6,0,12
2022-06-10T22:50:24,6,6,0,12
2022-06-10T23:00:49,6,6,0,12
2022-06-10T23:11:15,6,6,0,12
2022-06-10T23:21:41,6,6,0,12
2022-06-10T23:32:06,6,6,0,12
2022-06-10T23:42:31,6,6,0,12
2022-06-10T23:52:55,6,6,0,12
2022-06-11T00:03:21,6,6,0,12
2022-06-11T00:13:48,6,6,0,12
2022-06-11T00:24:15,6,6,0,12
2022-06-11T00:34:42,6,6,0,12
2022-06-11T00:45:08,6,6,0,12
2022-06-11T00:55:35,6,6,0,12
2022-06-11T01:06:15,6,6,0,12
2022-06-11T01:16:42,6,6,0,12
2022-06-11T01:27:09,6,6,0,12
2022-06-11T01:37:37,6,6,0,12
2022-06-11T01:48:03,6,6,0,12
2022-06-11T01:58:29,6,6,0,12
2022-06-11T02:08:54,6,6,0,12
2022-06-11T02:19:19,6,6,0,12
2022-06-11T02:29:43,6,6,0,12
2022-06-11T02:40:07,6,6,0,12
2022-06-11T02:50:33,6,6,0,12
2022-06-11T03:00:58,6,6,0,12
2022-06-11T03:11:23,6,6,0,12
2022-06-11T03:21:48,6,6,0,12
2022-06-11T03:32:12,6,6,0,12
2022-06-11T03:42:37,6,6,0,12
2022-06-11T03:53:03,6,6,0,12
2022-06-11T04:03:28,6,6,0,12
2022-06-11T04:26:54,6,6,0,12
2022-06-11T04:37:43,6,6,0,12
2022-06-11T04:48:11,6,6,0,12
2022-06-11T04:58:38,6,6,0,12
2022-06-11T05:09:03,6,6,0,12
2022-06-11T05:19:28,6,6,0,12
2022-06-11T05:29:53,6,6,0,12
2022-06-11T05:40:18,6,6,0,12
2022-06-11T05:51:02,6,6,0,12
2022-06-11T06:01:29,6,6,0,12
2022-06-11T06:11:56,6,6,0,12
2022-06-11T06:22:22,6,6,0,12
2022-06-11T06:32:48,6,6,0,12
2022-06-11T06:43:15,6,6,0,12
2022-06-11T06:53:41,6,6,0,12
2022-06-11T07:04:07,6,6,0,12
2022-06-11T07:14:34,6,6,0,12
2022-06-11T07:25:00,6,6,0,12
2022-06-11T07:35:27,6,6,0,12
2022-06-11T07:45:54,6,6,0,12
2022-06-11T07:56:21,6,6,0,12
2022-06-11T08:06:48,6,6,0,12
2022-06-11T08:17:14,6,6,0,12
2022-06-11T08:27:41,6,6,0,12
2022-06-11T08:38:07,6,6,0,12
2022-06-11T08:48:34,6,6,0,12
2022-06-11T08:59:00,6,6,0,12
2022-06-11T09:09:26,6,6,0,12
2022-06-11T09:19:53,6,6,0,12
2022-06-11T09:30:20,6,6,0,12
2022-06-11T09:40:46,6,6,0,12
2022-06-11T09:51:13,6,6,0,12
2022-06-11T10:01:39,6,6,0,12
2022-06-11T10:12:07,6,6,0,12
2022-06-11T10:22:34,6,6,0,12
2022-06-11T10:33:08,6,6,0,12
2022-06-11T10:43:33,6,6,0,12
2022-06-11T10:53:59,6,6,0,12
2022-06-11T11:04:26,6,6,0,12
2022-06-11T11:14:52,6,6,0,12
2022-06-11T11:25:18,6,6,0,12
2022-06-11T11:35:43,6,6,0,12
2022-06-11T11:46:08,6,6,0,12
2022-06-11T11:56:32,6,6,0,12
2022-06-11T12:06:58,6,6,0,12
2022-06-11T12:17:23,6,6,0,12
2022-06-11T12:27:48,6,6,0,12
2022-06-11T12:38:24,6,6,0,12
2022-06-11T12:48:49,6,6,0,12
2022-06-11T12:59:14,6,6,0,12
2022-06-11T13:09:39,6,6,0,12
2022-06-11T13:20:03,6,6,0,12
2022-06-11T13:30:28,6,6,0,12
2022-06-11T13:40:52,6,6,0,12
2022-06-11T13:51:17,6,6,0,12
2022-06-11T14:01:42,6,6,0,12
2022-06-11T14:12:06,6,6,0,12
2022-06-11T14:22:31,6,6,0,12
2022-06-11T14:32:55,6,6,0,12
2022-06-11T14:43:19,6,6,0,12
2022-06-11T14:53:53,6,6,0,12
2022-06-11T15:04:17,6,6,0,12
2022-06-11T15:14:41,6,6,0,12
2022-06-11T15:25:06,6,6,0,12
2022-06-11T15:35:30,6,6,0,12
2022-06-11T15:45:54,6,6,0,12
2022-06-11T15:56:18,6,6,0,12
2022-06-11T16:06:43,6,6,0,12
2022-06-11T16:17:07,6,6,0,12
2022-06-11T16:27:41,6,6,0,12
2022-06-11T16:38:05,6,6,0,12
2022-06-11T16:48:30,6,6,0,12
2022-06-11T16:58:54,6,6,0,12
2022-06-11T17:09:19,6,6,0,12
2022-06-11T17:19:43,6,6,0,12
2022-06-11T17:30:07,6,6,0,12
2022-06-11T17:40:32,6,6,0,12
2022-06-11T17:51:06,6,6,0,12
2022-06-11T18:01:31,6,6,0,12
2022-06-11T18:11:55,6,6,0,12
2022-06-11T18:22:19,6,6,0,12
2022-06-11T18:32:44,6,6,0,12
2022-06-11T18:43:08,6,6,0,12
2022-06-11T18:53:32,6,6,0,12
2022-06-11T19:03:56,6,6,0,12
2022-06-11T19:14:32,6,6,0,12
2022-06-11T19:24:56,6,6,0,12
2022-06-11T19:35:20,6,6,0,12
2022-06-11T19:45:44,6,6,0,12
2022-06-11T19:56:08,6,6,0,12
2022-06-11T20:06:32,6,6,0,12
2022-06-11T20:16:57,6,6,0,12
2022-06-11T20:27:21,6,6,0,12
2022-06-11T20:37:45,6,6,0,12
2022-06-11T20:48:09,6,6,0,12
2022-06-11T20:58:43,6,6,0,12
2022-06-11T21:09:07,6,6,0,12
2022-06-11T21:19:31,6,6,0,12
2022-06-11T21:29:55,6,6,0,12
2022-06-11T21:40:19,6,6,0,12
2022-06-11T21:50:43,6,6,0,12
2022-06-11T22:01:08,6,6,0,12
2022-06-11T22:11:39,6,6,0,12
2022-06-11T22:22:11,6,6,0,12
2022-06-11T22:32:40,6,6,0,12
2022-06-11T22:43:18,6,6,0,12
2022-06-11T22:53:46,6,6,0,12
2022-06-11T23:04:17,6,6,0,12
2022-06-11T23:14:50,6,6,0,12
2022-06-11T23:25:22,6,6,0,12
2022-06-11T23:35:53,6,6,0,12
2022-06-11T23:46:26,6,6,0,12
2022-06-11T23:56:56,6,6,0,12
2022-06-12T00:07:29,6,6,0,12
2022-06-12T00:18:05,6,6,0,12
2022-06-12T00:28:36,6,6,0,12
2022-06-12T00:39:20,6,6,0,12
2022-06-12T00:49:52,6,6,0,12
2022-06-12T01:00:24,6,6,0,12
2022-06-12T01:10:57,6,6,0,12
2022-06-12T01:21:27,6,6,0,12
2022-06-12T01:31:55,6,6,0,12
2022-06-12T01:42:24,6,6,0,12
2022-06-12T01:52:49,6,6,0,12
2022-06-12T02:03:29,6,6,0,12
2022-06-12T02:13:54,6,6,0,12
2022-06-12T02:24:20,6,6,0,12
2022-06-12T02:34:45,6,6,0,12
2022-06-12T02:45:10,6,6,0,12
2022-06-12T02:55:44,6,6,0,12
2022-06-12T03:06:08,6,6,0,12
2022-06-12T03:16:33,6,6,0,12
2022-06-12T03:26:57,6,6,0,12
2022-06-12T03:37:22,6,6,0,12
2022-06-12T03:47:48,6,6,0,12
2022-06-12T03:58:13,6,6,0,12
2022-06-12T04:17:46,6,6,0,12
2022-06-12T04:28:37,6,6,0,12
2022-06-12T04:39:05,6,6,0,12
2022-06-12T04:49:32,6,6,0,12
2022-06-12T04:59:57,6,6,0,12
2022-06-12T05:10:25,6,6,0,12
2022-06-12T05:20:52,6,6,0,12
2022-06-12T05:31:18,6,6,0,12
2022-06-12T05:41:43,6,6,0,12
2022-06-12T05:52:13,6,6,0,12
2022-06-12T06:02:38,6,6,0,12
2022-06-12T06:13:03,6,6,0,12
2022-06-12T06:23:29,6,6,0,12
2022-06-12T06:33:54,6,6,0,12
2022-06-12T06:44:18,6,6,0,12
2022-06-12T06:54:58,6,6,0,12
2022-06-12T07:05:22,6,6,0,12
2022-06-12T07:15:46,6,6,0,12
2022-06-12T07:26:11,6,6,0,12
2022-06-12T07:36:35,6,6,0,12
2022-06-12T07:47:00,6,6,0,12
2022-06-12T07:57:24,6,6,0,12
2022-06-12T08:07:49,6,6,0,12
2022-06-12T08:18:13,6,6,0,12
2022-06-12T08:28:50,6,6,0,12
2022-06-12T08:39:14,6,6,0,12
2022-06-12T08:49:39,6,6,0,12
2022-06-12T09:00:04,6,6,0,12
2022-06-12T09:10:29,6,6,0,12
2022-06-12T09:20:53,6,6,0,12
2022-06-12T09:31:19,6,6,0,12
2022-06-12T09:41:46,6,6,0,12
2022-06-12T09:52:11,6,6,0,12
2022-06-12T10:02:39,6,6,0,12
2022-06-12T10:13:14,6,6,0,12
2022-06-12T10:23:40,6,6,0,12
2022-06-12T10:34:06,6,6,0,12
2022-06-12T10:44:32,6,6,0,12
2022-06-12T10:54:59,6,6,0,12
2022-06-12T11:05:25,6,6,0,12
2022-06-12T11:15:51,6,6,0,12
2022-06-12T11:26:15,6,6,0,12
2022-06-12T11:36:52,6,6,0,12
2022-06-12T11:47:16,6,6,0,12
2022-06-12T11:57:40,6,6,0,12
2022-06-12T12:08:05,6,6,0,12
2022-06-12T12:18:30,6,6,0,12
2022-06-12T12:28:55,6,6,0,12
2022-06-12T12:39:19,6,6,0,12
2022-06-12T12:50:02,6,6,0,12
2022-06-12T13:00:27,6,6,0,12
2022-06-12T13:10:51,6,6,0,12
2022-06-12T13:21:16,6,6,0,12
2022-06-12T13:31:41,6,6,0,12
2022-06-12T13:42:06,6,6,0,12
2022-06-12T13:52:30,6,6,0,12
2022-06-12T14:02:54,6,6,0,12
2022-06-12T14:13:29,6,6,0,12
2022-06-12T14:23:54,6,6,0,12
2022-06-12T14:34:18,6,6,0,12
2022-06-12T14:44:42,6,6,0,12
2022-06-12T14:55:06,6,6,0,12
2022-06-12T15:05:31,6,6,0,12
2022-06-12T15:15:56,6,6,0,12
2022-06-12T15:26:31,6,6,0,12
2022-06-12T15:36:56,6,6,0,12
2022-06-12T15:47:20,6,6,0,12
2022-06-12T15:57:45,6,6,0,12
2022-06-12T16:08:09,6,6,0,12
2022-06-12T16:18:55,6,6,0,12
2022-06-12T16:29:20,6,6,0,12
2022-06-12T16:39:45,6,6,0,12
2022-06-12T16:50:09,6,6,0,12
2022-06-12T17:00:33,6,6,0,12
2022-06-12T17:11:17,6,6,0,12
2022-06-12T17:21:42,6,6,0,12
2022-06-12T17:32:06,6,6,0,12
2022-06-12T17:42:31,6,6,0,12
2022-06-12T17:52:56,6,6,0,12
2022-06-12T18:03:20,6,6,0,12
2022-06-12T18:13:55,6,6,0,12
2022-06-12T18:24:20,6,6,0,12
2022-06-12T18:34:45,6,6,0,12
2022-06-12T18:45:10,6,6,0,12
2022-06-12T18:55:34,6,6,0,12
2022-06-12T19:05:58,6,6,0,12
2022-06-12T19:16:23,6,6,0,12
2022-06-12T19:26:48,6,6,0,12
2022-06-12T19:37:23,6,6,0,12
2022-06-12T19:47:47,6,6,0,12
2022-06-12T19:58:12,6,6,0,12
2022-06-12T20:08:36,6,6,0,12
2022-06-12T20:19:01,6,6,0,12
2022-06-12T20:29:37,6,6,0,12
2022-06-12T20:40:02,6,6,0,12
2022-06-12T20:50:26,6,6,0,12
2022-06-12T21:00:51,6,6,0,12
2022-06-12T21:11:15,6,6,0,12
2022-06-12T21:21:51,6,6,0,12
2022-06-12T21:32:16,6,6,0,12
2022-06-12T21:42:41,6,6,0,12
2022-06-12T21:53:05,6,6,0,12
2022-06-12T22:03:30,6,6,0,12
2022-06-12T22:14:06,6,6,0,12
2022-06-12T22:24:31,6,6,0,12
2022-06-12T22:34:57,6,6,0,12
2022-06-12T22:45:22,6,6,0,12
2022-06-12T22:55:46,6,6,0,12
2022-06-12T23:06:13,6,6,0,12
2022-06-12T23:16:41,6,6,0,12
2022-06-12T23:27:18,6,6,0,12
2022-06-12T23:37:45,6,6,0,12
2022-06-12T23:48:16,6,6,0,12
2022-06-12T23:58:45,6,6,0,12
2022-06-13T00:09:14,6,6,0,12
2022-06-13T00:19:51,6,6,0,12
2022-06-13T00:30:34,6,6,0,12
2022-06-13T00:41:07,6,6,0,12
2022-06-13T00:51:38,6,6,0,12
2022-06-13T01:02:10,6,6,0,12
2022-06-13T01:12:49,6,6,0,12
2022-06-13T01:23:21,6,6,0,12
2022-06-13T01:33:57,6,6,0,12
2022-06-13T01:44:34,6,6,0,12
2022-06-13T01:55:12,6,6,0,12
2022-06-13T02:06:19,6,6,0,12
2022-06-13T02:16:56,6,6,0,12
2022-06-13T02:27:29,6,6,0,12
2022-06-13T02:38:03,6,6,0,12
2022-06-13T02:48:37,6,6,0,12
2022-06-13T02:59:07,6,6,0,12
2022-06-13T03:09:33,6,6,0,12
2022-06-13T03:20:00,6,6,0,12
2022-06-13T03:30:26,6,6,0,12
2022-06-13T03:40:50,6,6,0,12
2022-06-13T03:51:16,6,6,0,12
2022-06-13T04:03:55,6,6,0,12
2022-06-13T04:23:50,6,6,0,12
2022-06-13T04:34:40,6,6,0,12
2022-06-13T04:45:07,6,6,0,12
2022-06-13T04:55:34,6,6,0,12
2022-06-13T05:06:02,6,6,0,12
2022-06-13T05:16:28,6,6,0,12
2022-06-13T05:26:55,6,6,0,12
2022-06-13T05:37:21,6,6,0,12
2022-06-13T05:47:47,6,6,0,12
2022-06-13T05:58:13,6,6,0,12
2022-06-13T06:08:39,6,6,0,12
2022-06-13T06:19:06,6,6,0,12
2022-06-13T06:29:33,6,6,0,12
2022-06-13T06:39:58,6,6,0,12
2022-06-13T06:50:24,6,6,0,12
2022-06-13T07:00:49,6,6,0,12
2022-06-13T07:11:18,6,6,0,12
2022-06-13T07:21:43,6,6,0,12
2022-06-13T07:32:08,6,6,0,12
2022-06-13T07:42:33,6,6,0,12
2022-06-13T07:52:58,6,6,0,12
2022-06-13T08:03:34,6,6,0,12
2022-06-13T08:14:00,6,6,0,12
2022-06-13T08:24:26,6,6,0,12
2022-06-13T08:34:53,6,6,0,12
2022-06-13T08:45:19,6,6,0,12
2022-06-13T08:55:46,6,6,0,12
2022-06-13T09:06:13,6,6,0,12
2022-06-13T09:16:40,6,6,0,12
2022-06-13T09:27:19,6,6,0,12
2022-06-13T09:37:46,6,6,0,12
2022-06-13T09:48:16,6,6,0,12
2022-06-13T09:58:44,6,6,0,12
2022-06-13T10:09:14,6,6,0,12
2022-06-13T10:19:42,6,6,0,12
2022-06-13T10:30:20,6,6,0,12
2022-06-13T10:40:48,6,6,0,12
2022-06-13T10:51:15,6,6,0,12
2022-06-13T11:01:43,6,6,0,12
2022-06-13T11:12:13,6,6,0,12
2022-06-13T11:22:41,6,6,0,12
2022-06-13T11:33:19,6,6,0,12
2022-06-13T11:43:47,6,6,0,12
2022-06-13T11:54:15,6,6,0,12
2022-06-13T12:04:44,6,6,0,12
2022-06-13T12:15:11,6,6,0,12
2022-06-13T12:25:50,6,6,0,12
2022-06-13T12:36:17,6,6,0,12
2022-06-13T12:46:44,6,6,0,12
2022-06-13T12:57:14,6,6,0,12
2022-06-13T13:07:42,6,6,0,12
2022-06-13T13:18:21,6,6,0,12
2022-06-13T13:28:49,6,6,0,12
2022-06-13T13:39:17,6,6,0,12
2022-06-13T13:49:47,6,6,0,12
2022-06-13T14:00:19,6,6,0,12
2022-06-13T14:10:50,6,6,0,12
2022-06-13T14:21:32,6,6,0,12
2022-06-13T14:32:05,6,6,0,12
2022-06-13T14:42:40,6,6,0,12
2022-06-13T14:53:11,6,6,0,12
2022-06-13T15:03:45,6,6,0,12
2022-06-13T15:14:17,6,6,0,12
2022-06-13T15:25:01,6,6,0,12
2022-06-13T15:35:39,6,6,0,12
2022-06-13T15:46:13,6,6,0,12
2022-06-13T15:56:48,6,6,0,12
2022-06-13T16:07:20,6,6,0,12
2022-06-13T16:17:50,6,6,0,12
2022-06-13T16:28:37,6,6,0,12
2022-06-13T16:39:10,6,6,0,12
2022-06-13T16:49:44,6,6,0,12
2022-06-13T17:00:18,6,6,0,12
2022-06-13T17:10:51,6,6,0,12
2022-06-13T17:21:35,6,6,0,12
2022-06-13T17:32:09,6,6,0,12
2022-06-13T17:42:42,6,6,0,12
2022-06-13T17:53:15,6,6,0,12
2022-06-13T18:03:44,6,6,0,12
2022-06-13T18:14:25,6,6,0,12
2022-06-13T18:24:52,6,6,0,12
2022-06-13T18:35:18,6,6,0,12
2022-06-13T18:45:46,6,6,0,12
2022-06-13T18:56:12,6,6,0,12
2022-06-13T19:06:51,6,6,0,12
2022-06-13T19:17:17,6,6,0,12
2022-06-13T19:27:46,6,6,0,12
2022-06-13T19:38:13,6,6,0,12
2022-06-13T19:48:50,6,6,0,12
2022-06-13T19:59:16,6,6,0,12
2022-06-13T20:09:41,6,6,0,12
2022-06-13T20:20:07,6,6,0,12
2022-06-13T20:30:35,6,6,0,12
2022-06-13T20:41:01,6,6,0,12
2022-06-13T20:51:39,6,6,0,12
2022-06-13T21:02:05,6,6,0,12
2022-06-13T21:12:34,6,6,0,12
2022-06-13T21:23:00,6,6,0,12
2022-06-13T21:33:38,6,6,0,12
2022-06-13T21:44:05,6,6,0,12
2022-06-13T21:54:31,6,6,0,12
2022-06-13T22:04:59,6,6,0,12
2022-06-13T22:15:25,6,6,0,12
2022-06-13T22:26:05,6,6,0,12
2022-06-13T22:36:31,6,6,0,12
2022-06-13T22:46:57,6,6,0,12
2022-06-13T22:57:22,6,6,0,12
2022-06-13T23:07:51,6,6,0,12
2022-06-13T23:18:18,6,6,0,12
2022-06-13T23:28:55,6,6,0,12
2022-06-13T23:39:22,6,6,0,12
2022-06-13T23:49:48,6,6,0,12
2022-06-14T00:00:13,6,6,0,12
2022-06-14T00:10:44,6,6,0,12
2022-06-14T00:21:14,6,6,0,12
2022-06-14T00:31:55,6,6,0,12
2022-06-14T00:42:23,6,6,0,12
2022-06-14T00:52:51,6,6,0,12
2022-06-14T01:03:21,6,6,0,12
2022-06-14T01:13:49,6,6,0,12
2022-06-14T01:24:17,6,6,0,12
2022-06-14T01:34:58,6,6,0,12
2022-06-14T01:45:25,6,6,0,12
2022-06-14T01:55:53,6,6,0,12
2022-06-14T02:06:20,6,6,0,12
2022-06-14T02:16:46,6,6,0,12
2022-06-14T02:27:12,6,6,0,12
2022-06-14T02:37:37,6,6,0,12
2022-06-14T02:48:04,6,6,0,12
2022-06-14T02:58:29,6,6,0,12
2022-06-14T03:08:53,6,6,0,12
2022-06-14T03:19:18,6,6,0,12
2022-06-14T03:29:42,6,6,0,12
2022-06-14T03:40:19,6,6,0,12
2022-06-14T03:50:45,6,6,0,12
2022-06-14T04:01:10,6,6,0,12
2022-06-14T04:23:47,6,6,0,12
2022-06-14T04:34:39,6,6,0,12
2022-06-14T04:45:09,6,6,0,12
2022-06-14T04:55:37,6,6,0,12
2022-06-14T05:06:06,6,6,0,12
2022-06-14T05:16:33,6,6,0,12
2022-06-14T05:27:00,6,6,0,12
2022-06-14T05:37:26,6,6,0,12
2022-06-14T05:47:55,6,6,0,12
2022-06-14T05:58:22,6,6,0,12
2022-06-14T06:08:48,6,6,0,12
2022-06-14T06:19:15,6,6,0,12
2022-06-14T06:29:51,6,6,0,12
2022-06-14T06:40:18,6,6,0,12
2022-06-14T06:50:44,6,6,0,12
2022-06-14T07:01:11,6,6,0,12
2022-06-14T07:11:41,6,6,0,12
2022-06-14T07:22:08,6,6,0,12
2022-06-14T07:32:35,6,6,0,12
2022-06-14T07:43:03,6,6,0,12
2022-06-14T07:53:41,6,6,0,12
2022-06-14T08:04:08,6,6,0,12
2022-06-14T08:14:35,6,6,0,12
2022-06-14T08:25:03,6,6,0,12
2022-06-14T08:35:31,6,6,0,12
2022-06-14T08:45:59,6,6,0,12
2022-06-14T08:56:37,6,6,0,12
2022-06-14T09:07:06,6,6,0,12
2022-06-14T09:17:36,6,6,0,12
2022-06-14T09:28:07,6,6,0,12
2022-06-14T09:38:37,6,6,0,12
2022-06-14T09:49:18,6,6,0,12
2022-06-14T09:59:47,6,6,0,12
2022-06-14T10:10:17,6,6,0,12
2022-06-14T10:20:49,6,6,0,12
2022-06-14T10:31:18,6,6,0,12
2022-06-14T10:42:00,6,6,0,12
2022-06-14T10:52:29,6,6,0,12
2022-06-14T11:02:57,6,6,0,12
2022-06-14T11:13:25,6,6,0,12
2022-06-14T11:24:08,6,6,0,12
2022-06-14T11:34:37,6,6,0,12
2022-06-14T11:45:06,6,6,0,12
2022-06-14T11:55:35,6,6,0,12
2022-06-14T12:06:17,6,6,0,12
2022-06-14T12:16:46,6,6,0,12
2022-06-14T12:27:15,6,6,0,12
2022-06-14T12:37:43,6,6,0,12
2022-06-14T12:48:23,6,6,0,12
2022-06-14T12:58:52,6,6,0,12
2022-06-14T13:09:20,6,6,0,12
2022-06-14T13:20:01,6,6,0,12
2022-06-14T13:30:29,6,6,0,12
2022-06-14T13:40:58,6,6,0,12
2022-06-14T13:51:26,6,6,0,12
2022-06-14T14:01:55,6,6,0,12
2022-06-14T14:12:35,6,6,0,12
2022-06-14T14:23:04,6,6,0,12
2022-06-14T14:33:33,6,6,0,12
2022-06-14T14:44:14,6,6,0,12
2022-06-14T14:54:43,6,6,0,12
2022-06-14T15:05:12,6,6,0,12
2022-06-14T15:15:52,6,6,0,12
2022-06-14T15:26:21,6,6,0,12
2022-06-14T15:36:49,6,6,0,12
2022-06-14T15:47:17,6,6,0,12
2022-06-14T15:57:57,6,6,0,12
2022-06-14T16:08:24,6,6,0,12
2022-06-14T16:18:52,6,6,0,12
2022-06-14T16:29:19,6,6,0,12
2022-06-14T16:39:57,6,6,0,12
2022-06-14T16:50:24,6,6,0,12
2022-06-14T17:00:51,6,6,0,12
2022-06-14T17:11:19,6,6,0,12
2022-06-14T17:21:57,6,6,0,12
2022-06-14T17:32:24,6,6,0,12
2022-06-14T17:42:51,6,6,0,12
2022-06-14T17:53:18,6,6,0,12
2022-06-14T18:03:44,6,6,0,12
2022-06-14T18:14:24,6,6,0,12
2022-06-14T18:24:51,6,6,0,12
2022-06-14T18:35:19,6,6,0,12
2022-06-14T18:45:48,6,6,0,12
2022-06-14T18:56:14,6,6,0,12
2022-06-14T19:06:54,6,6,0,12
2022-06-14T19:17:22,6,6,0,12
2022-06-14T19:27:49,6,6,0,12
2022-06-14T19:38:27,6,6,0,12
2022-06-14T19:48:53,6,6,0,12
2022-06-14T19:59:20,6,6,0,12
2022-06-14T20:09:47,6,6,0,12
2022-06-14T20:20:27,6,6,0,12
2022-06-14T20:30:54,6,6,0,12
2022-06-14T20:41:20,6,6,0,12
2022-06-14T20:51:46,6,6,0,12
2022-06-14T21:02:25,6,6,0,12
2022-06-14T21:12:52,6,6,0,12
2022-06-14T21:23:18,6,6,0,12
2022-06-14T21:33:45,6,6,0,12
2022-06-14T21:44:24,6,6,0,12
2022-06-14T21:54:50,6,6,0,12
2022-06-14T22:05:17,6,6,0,12
2022-06-14T22:15:43,6,6,0,12
2022-06-14T22:26:21,6,6,0,12
2022-06-14T22:36:48,6,6,0,12
2022-06-14T22:47:15,6,6,0,12
2022-06-14T22:57:42,6,6,0,12
2022-06-14T23:08:21,6,6,0,12
2022-06-14T23:18:48,6,6,0,12
2022-06-14T23:29:15,6,6,0,12
2022-06-14T23:39:41,6,6,0,12
2022-06-14T23:50:19,6,6,0,12
2022-06-15T00:00:46,6,6,0,12
2022-06-15T00:11:18,6,6,0,12
2022-06-15T00:21:50,6,6,0,12
2022-06-15T00:32:18,6,6,0,12
2022-06-15T00:43:00,6,6,0,12
2022-06-15T00:53:28,6,6,0,12
2022-06-15T01:03:58,6,6,0,12
2022-06-15T01:14:28,6,6,0,12
2022-06-15T01:24:56,6,6,0,12
2022-06-15T01:35:24,6,6,0,12
2022-06-15T01:46:05,6,6,0,12
2022-06-15T01:56:33,6,6,0,12
2022-06-15T02:07:02,6,6,0,12
2022-06-15T02:17:29,6,6,0,12
2022-06-15T02:27:55,6,6,0,12
2022-06-15T02:38:21,6,6,0,12
2022-06-15T02:49:00,6,6,0,12
2022-06-15T02:59:26,6,6,0,12
2022-06-15T03:09:57,6,6,0,12
2022-06-15T03:20:27,6,6,0,12
2022-06-15T03:30:57,6,6,0,12
2022-06-15T03:41:27,6,6,0,12
2022-06-15T03:51:59,6,6,0,12
2022-06-15T04:02:34,6,6,0,12
2022-06-15T04:22:40,6,6,0,12
2022-06-15T04:33:43,6,6,0,12
2022-06-15T04:44:22,6,6,0,12
2022-06-15T04:54:56,6,6,0,12
2022-06-15T05:05:29,6,6,0,12
2022-06-15T05:15:59,6,6,0,12
2022-06-15T05:26:39,6,6,0,12
2022-06-15T05:37:15,6,6,0,12
2022-06-15T05:47:54,6,6,0,12
2022-06-15T05:58:29,6,6,0,12
2022-06-15T06:09:06,6,6,0,12
2022-06-15T06:19:40,6,6,0,12
2022-06-15T06:30:14,6,6,0,12
2022-06-15T06:41:01,6,6,0,12
2022-06-15T06:51:35,6,6,0,12
2022-06-15T07:02:07,6,6,0,12
2022-06-15T07:12:37,6,6,0,12
2022-06-15T07:23:08,6,6,0,12
2022-06-15T07:33:36,6,6,0,12
2022-06-15T07:44:04,6,6,0,12
2022-06-15T07:54:32,6,6,0,12
2022-06-15T08:05:11,6,6,0,12
2022-06-15T08:15:43,6,6,0,12
2022-06-15T08:26:12,6,6,0,12
2022-06-15T08:36:41,6,6,0,12
2022-06-15T08:47:13,6,6,0,12
2022-06-15T08:57:41,6,6,0,12
2022-06-15T09:08:24,6,6,0,12
2022-06-15T09:18:54,6,6,0,12
2022-06-15T09:29:23,6,6,0,12
2022-06-15T09:39:52,6,6,0,12
2022-06-15T09:50:21,6,6,0,12
2022-06-15T10:01:01,6,6,0,12
2022-06-15T10:11:30,6,6,0,12
2022-06-15T10:21:58,6,6,0,12
2022-06-15T10:32:27,6,6,0,12
2022-06-15T10:42:55,6,6,0,12
2022-06-15T10:53:36,6,6,0,12
2022-06-15T11:04:05,6,6,0,12
2022-06-15T11:14:35,6,6,0,12
2022-06-15T11:25:04,6,6,0,12
2022-06-15T11:35:46,6,6,0,12
2022-06-15T11:46:16,6,6,0,12
2022-06-15T11:56:45,6,6,0,12
2022-06-15T12:07:14,6,6,0,12
2022-06-15T12:17:54,6,6,0,12
2022-06-15T12:28:22,6,6,0,12
2022-06-15T12:38:49,6,6,0,12
2022-06-15T12:49:17,6,6,0,12
2022-06-15T12:59:45,6,6,0,12
2022-06-15T13:10:26,6,6,0,12
2022-06-15T13:20:55,6,6,0,12
2022-06-15T13:31:24,6,6,0,12
2022-06-15T13:41:55,6,6,0,12
2022-06-15T13:52:37,6,6,0,12
2022-06-15T14:03:07,6,6,0,12
2022-06-15T14:13:37,6,6,0,12
2022-06-15T14:24:09,6,6,0,12
2022-06-15T14:34:40,6,6,0,12
2022-06-15T14:45:09,6,6,0,12
2022-06-15T14:55:51,6,6,0,12
2022-06-15T15:06:20,6,6,0,12
2022-06-15T15:16:48,6,6,0,12
2022-06-15T15:27:16,6,6,0,12
2022-06-15T15:37:43,6,6,0,12
2022-06-15T15:48:22,6,6,0,12
2022-06-15T15:58:49,6,6,0,12
2022-06-15T16:09:16,6,6,0,12
2022-06-15T16:19:44,6,6,0,12
2022-06-15T16:30:11,6,6,0,12
2022-06-15T16:40:38,6,6,0,12
2022-06-15T16:51:17,6,6,0,12
2022-06-15T17:01:44,6,6,0,12
2022-06-15T17:12:12,6,6,0,12
2022-06-15T17:22:38,6,6,0,12
2022-06-15T17:33:05,6,6,0,12
2022-06-15T17:43:31,6,6,0,12
2022-06-15T17:54:09,6,6,0,12
2022-06-15T18:04:36,6,6,0,12
2022-06-15T18:15:02,6,6,0,12
2022-06-15T18:25:32,6,6,0,12
2022-06-15T18:35:58,6,6,0,12
2022-06-15T18:46:24,6,6,0,12
2022-06-15T18:57:03,6,6,0,12
2022-06-15T19:07:33,6,6,0,12
2022-06-15T19:18:03,6,6,0,12
2022-06-15T19:28:33,6,6,0,12
2022-06-15T19:39:05,6,6,0,12
2022-06-15T19:49:37,6,6,0,12
2022-06-15T20:00:22,6,6,0,12
2022-06-15T20:10:58,6,6,0,12
2022-06-15T20:21:31,6,6,0,12
2022-06-15T20:32:03,6,6,0,12
2022-06-15T20:42:38,6,6,0,12
2022-06-15T20:53:09,6,6,0,12
2022-06-15T21:03:53,6,6,0,12
2022-06-15T21:14:28,6,6,0,12
2022-06-15T21:25:03,6,6,0,12
2022-06-15T21:35:37,6,6,0,12
2022-06-15T21:46:22,6,6,0,12
2022-06-15T21:56:57,6,6,0,12
2022-06-15T22:07:31,6,6,0,12
2022-06-15T22:18:05,6,6,0,12
2022-06-15T22:28:52,6,6,0,12
2022-06-15T22:39:23,6,6,0,12
2022-06-15T22:49:53,6,6,0,12
2022-06-15T23:00:22,6,6,0,12
2022-06-15T23:10:50,6,6,0,12
2022-06-15T23:21:30,6,6,0,12
2022-06-15T23:31:57,6,6,0,12
2022-06-15T23:42:23,6,6,0,12
2022-06-15T23:52:49,6,6,0,12
2022-06-16T00:03:15,6,6,0,12
2022-06-16T00:13:43,6,6,0,12
2022-06-16T00:24:11,6,6,0,12
2022-06-16T00:34:52,6,6,0,12
2022-06-16T00:45:20,6,6,0,12
2022-06-16T00:55:47,6,6,0,12
2022-06-16T01:06:16,6,6,0,12
2022-06-16T01:16:43,6,6,0,12
2022-06-16T01:27:09,6,6,0,12
2022-06-16T01:37:34,6,6,0,12
2022-06-16T01:48:00,6,6,0,12
2022-06-16T01:58:43,6,6,0,12
2022-06-16T02:09:09,6,6,0,12
2022-06-16T02:19:36,6,6,0,12
2022-06-16T02:30:02,6,6,0,12
2022-06-16T02:40:29,6,6,0,12
2022-06-16T02:50:54,6,6,0,12
2022-06-16T03:01:19,6,6,0,12
2022-06-16T03:11:44,6,6,0,12
2022-06-16T03:22:08,6,6,0,12
2022-06-16T03:32:33,6,6,0,12
2022-06-16T03:42:57,6,6,0,12
2022-06-16T03:53:22,6,6,0,12
2022-06-16T04:03:46,6,6,0,12
2022-06-16T04:24:19,6,6,0,12
2022-06-16T04:35:07,6,6,0,12
2022-06-16T04:45:35,6,6,0,12
2022-06-16T04:56:04,6,6,0,12
2022-06-16T05:06:33,6,6,0,12
2022-06-16T05:17:03,6,6,0,12
2022-06-16T05:27:31,6,6,0,12
2022-06-16T05:37:58,6,6,0,12
2022-06-16T05:48:26,6,6,0,12
2022-06-16T05:58:56,6,6,0,12
2022-06-16T06:09:23,6,6,0,12
2022-06-16T06:19:51,6,6,0,12
2022-06-16T06:30:17,6,6,0,12
2022-06-16T06:40:44,6,6,0,12
2022-06-16T06:51:12,6,6,0,12
2022-06-16T07:01:41,6,6,0,12
2022-06-16T07:12:11,6,6,0,12
2022-06-16T07:22:38,6,6,0,12
2022-06-16T07:33:17,6,6,0,12
2022-06-16T07:43:44,6,6,0,12
2022-06-16T07:54:11,6,6,0,12
2022-06-16T08:04:39,6,6,0,12
2022-06-16T08:15:05,6,6,0,12
2022-06-16T08:25:32,6,6,0,12
2022-06-16T08:35:58,6,6,0,12
2022-06-16T08:46:25,6,6,0,12
2022-06-16T08:56:51,6,6,0,12
2022-06-16T09:07:19,6,6,0,12
2022-06-16T09:17:45,6,6,0,12
2022-06-16T09:28:25,6,6,0,12
2022-06-16T09:38:52,6,6,0,12
2022-06-16T09:49:19,6,6,0,12
2022-06-16T09:59:46,6,6,0,12
2022-06-16T10:10:13,6,6,0,12
2022-06-16T10:20:40,6,6,0,12
2022-06-16T10:31:07,6,6,0,12
2022-06-16T10:41:33,6,6,0,12
2022-06-16T10:52:13,6,6,0,12
2022-06-16T11:02:40,6,6,0,12
2022-06-16T11:13:07,6,6,0,12
2022-06-16T11:23:34,6,6,0,12
2022-06-16T11:34:01,6,6,0,12
2022-06-16T11:44:28,6,6,0,12
2022-06-16T11:54:54,6,6,0,12
2022-06-16T12:05:21,6,6,0,12
2022-06-16T12:16:00,6,6,0,12
2022-06-16T12:26:28,6,6,0,12
2022-06-16T12:36:57,6,6,0,12
2022-06-16T12:47:30,6,6,0,12
2022-06-16T12:58:01,6,6,0,12
2022-06-16T13:08:33,6,6,0,12
2022-06-16T13:19:17,6,6,0,12
2022-06-16T13:29:53,6,6,0,12
2022-06-16T13:40:32,6,6,0,12
2022-06-16T13:51:13,6,6,0,12
2022-06-16T14:01:52,6,6,0,12
2022-06-16T14:12:45,6,6,0,12
2022-06-16T14:23:28,6,6,0,12
2022-06-16T14:34:07,6,6,0,12
2022-06-16T14:44:42,6,6,0,12
2022-06-16T14:55:18,6,6,0,12
2022-06-16T15:05:50,6,6,0,12
2022-06-16T15:16:32,6,6,0,12
2022-06-16T15:27:01,6,6,0,12
2022-06-16T15:37:28,6,6,0,12
2022-06-16T15:47:56,6,6,0,12
2022-06-16T15:58:23,6,6,0,12
2022-06-16T16:09:01,6,6,0,12
2022-06-16T16:19:28,6,6,0,12
2022-06-16T16:29:54,6,6,0,12
2022-06-16T16:40:20,6,6,0,12
2022-06-16T16:50:47,6,6,0,12
2022-06-16T17:01:13,6,6,0,12
2022-06-16T17:11:39,6,6,0,12
2022-06-16T17:22:05,6,6,0,12
2022-06-16T17:32:31,6,6,0,12
2022-06-16T17:43:08,6,6,0,12
2022-06-16T17:53:34,6,6,0,12
2022-06-16T18:04:00,6,6,0,12
2022-06-16T18:14:26,6,6,0,12
2022-06-16T18:24:51,6,6,0,12
2022-06-16T18:35:16,6,6,0,12
2022-06-16T18:45:42,6,6,0,12
2022-06-16T18:56:19,6,6,0,12
2022-06-16T19:06:44,6,6,0,12
2022-06-16T19:17:10,6,6,0,12
2022-06-16T19:27:35,6,6,0,12
2022-06-16T19:38:02,6,6,0,12
2022-06-16T19:48:27,6,6,0,12
2022-06-16T19:58:53,6,6,0,12
2022-06-16T20:09:19,6,6,0,12
2022-06-16T20:19:44,6,6,0,12
2022-06-16T20:30:09,6,6,0,12
2022-06-16T20:40:47,6,6,0,12
2022-06-16T20:51:12,6,6,0,12
2022-06-16T21:01:37,6,6,0,12
2022-06-16T21:12:03,6,6,0,12
2022-06-16T21:22:29,6,6,0,12
2022-06-16T21:32:54,6,6,0,12
2022-06-16T21:43:20,6,6,0,12
2022-06-16T21:53:46,6,6,0,12
2022-06-16T22:04:23,6,6,0,12
2022-06-16T22:14:49,6,6,0,12
2022-06-16T22:25:15,6,6,0,12
2022-06-16T22:35:41,6,6,0,12
2022-06-16T22:46:18,6,6,0,12
2022-06-16T22:56:43,6,6,0,12
2022-06-16T23:07:09,6,6,0,12
2022-06-16T23:17:35,6,6,0,12
2022-06-16T23:28:02,6,6,0,12
2022-06-16T23:38:36,6,6,0,12
2022-06-16T23:49:12,6,6,0,12
2022-06-16T23:59:50,6,6,0,12
2022-06-17T00:10:31,6,6,0,12
2022-06-17T00:21:13,6,6,0,12
2022-06-17T00:32:25,6,6,0,12
2022-06-17T00:43:14,6,6,0,12
2022-06-17T00:53:59,6,6,0,12
2022-06-17T01:04:40,6,6,0,12
2022-06-17T01:15:18,6,6,0,12
2022-06-17T01:25:54,6,6,0,12
2022-06-17T01:36:29,6,6,0,12
2022-06-17T01:47:03,6,6,0,12
2022-06-17T01:57:35,6,6,0,12
2022-06-17T02:08:05,6,6,0,12
2022-06-17T02:18:46,6,6,0,12
2022-06-17T02:29:11,6,6,0,12
2022-06-17T02:39:37,6,6,0,12
2022-06-17T02:50:01,6,6,0,12
2022-06-17T03:00:26,6,6,0,12
2022-06-17T03:10:50,6,6,0,12
2022-06-17T03:21:15,6,6,0,12
2022-06-17T03:31:39,6,6,0,12
2022-06-17T03:42:05,6,6,0,12
2022-06-17T03:52:32,6,6,0,12
2022-06-17T04:02:58,6,6,0,12
2022-06-17T04:20:23,6,6,0,12
2022-06-17T04:31:13,6,6,0,12
2022-06-17T04:45:11,6,6,0,12
2022-06-17T04:59:00,6,6,0,12
2022-06-17T05:19:23,6,6,0,12
2022-06-17T05:39:27,6,6,0,12
2022-06-17T05:58:56,6,6,0,12
2022-06-17T06:09:21,6,6,0,12
2022-06-17T06:19:47,6,6,0,12
2022-06-17T06:30:15,6,6,0,12
2022-06-17T06:40:58,6,6,0,12
2022-06-17T06:51:26,6,6,0,12
2022-06-17T07:01:54,6,6,0,12
2022-06-17T07:12:23,6,6,0,12
2022-06-17T07:22:52,6,6,0,12
2022-06-17T07:33:20,6,6,0,12
2022-06-17T07:43:47,6,6,0,12
2022-06-17T07:54:15,6,6,0,12
2022-06-17T08:04:43,6,6,0,12
2022-06-17T08:15:10,6,6,0,12
2022-06-17T08:25:38,6,6,0,12
2022-06-17T08:36:06,6,6,0,12
2022-06-17T08:46:34,6,6,0,12
2022-06-17T08:57:11,6,6,0,12
2022-06-17T09:07:39,6,6,0,12
2022-06-17T09:18:07,6,6,0,12
2022-06-17T09:28:35,6,6,0,12
2022-06-17T09:39:04,6,6,0,12
2022-06-17T09:49:34,6,6,0,12
2022-06-17T10:00:03,6,6,0,12
2022-06-17T10:10:32,6,6,0,12
2022-06-17T10:21:01,6,6,0,12
2022-06-17T10:31:29,6,6,0,12
2022-06-17T10:41:56,6,6,0,12
2022-06-17T10:52:24,6,6,0,12
2022-06-17T11:03:06,6,6,0,12
2022-06-17T11:13:34,6,6,0,12
2022-06-17T11:24:02,6,6,0,12
2022-06-17T11:34:29,6,6,0,12
2022-06-17T11:44:57,6,6,0,12
2022-06-17T11:55:35,6,6,0,12
2022-06-17T12:06:03,6,6,0,12
2022-06-17T12:16:30,6,6,0,12
2022-06-17T12:26:58,6,6,0,12
2022-06-17T12:37:26,6,6,0,12
2022-06-17T12:47:53,6,6,0,12
2022-06-17T12:58:20,6,6,0,12
2022-06-17T13:08:48,6,6,0,12
2022-06-17T13:19:26,6,6,0,12
2022-06-17T13:29:54,6,6,0,12
2022-06-17T13:40:22,6,6,0,12
2022-06-17T13:50:50,6,6,0,12
2022-06-17T14:01:18,6,6,0,12
2022-06-17T14:11:45,6,6,0,12
2022-06-17T14:22:13,6,6,0,12
2022-06-17T14:32:41,6,6,0,12
2022-06-17T14:43:09,6,6,0,12
2022-06-17T14:53:53,6,6,0,12
2022-06-17T15:04:21,6,6,0,12
2022-06-17T15:14:49,6,6,0,12
2022-06-17T15:25:16,6,6,0,12
2022-06-17T15:35:44,6,6,0,12
2022-06-17T15:46:12,6,6,0,12
2022-06-17T15:56:40,6,6,0,12
2022-06-17T16:07:07,6,6,0,12
2022-06-17T16:17:35,6,6,0,12
2022-06-17T16:28:02,6,6,0,12
2022-06-17T16:38:41,6,6,0,12
2022-06-17T16:49:08,6,6,0,12
2022-06-17T16:59:35,6,6,0,12
2022-06-17T17:10:03,6,6,0,12
2022-06-17T17:20:30,6,6,0,12
2022-06-17T17:30:56,6,6,0,12
2022-06-17T17:41:23,6,6,0,12
2022-06-17T17:52:01,6,6,0,12
2022-06-17T18:02:28,6,6,0,12
2022-06-17T18:12:55,6,6,0,12
2022-06-17T18:23:21,6,6,0,12
2022-06-17T18:33:48,6,6,0,12
2022-06-17T18:44:15,6,6,0,12
2022-06-17T18:54:41,6,6,0,12
2022-06-17T19:05:08,6,6,0,12
2022-06-17T19:15:34,6,6,0,12
2022-06-17T19:26:01,6,6,0,12
2022-06-17T19:36:39,6,6,0,12
2022-06-17T19:47:05,6,6,0,12
2022-06-17T19:57:32,6,6,0,12
2022-06-17T20:07:59,6,6,0,12
2022-06-17T20:18:25,6,6,0,12
2022-06-17T20:28:52,6,6,0,12
2022-06-17T20:39:18,6,6,0,12
2022-06-17T20:49:44,6,6,0,12
2022-06-17T21:00:11,6,6,0,12
2022-06-17T21:10:37,6,6,0,12
2022-06-17T21:21:15,6,6,0,12
2022-06-17T21:31:41,6,6,0,12
2022-06-17T21:42:08,6,6,0,12
2022-06-17T21:52:35,6,6,0,12
2022-06-17T22:03:01,6,6,0,12
2022-06-17T22:13:27,6,6,0,12
2022-06-17T22:23:53,6,6,0,12
2022-06-17T22:34:21,6,6,0,12
2022-06-17T22:44:58,6,6,0,12
2022-06-17T22:55:25,6,6,0,12
2022-06-17T23:05:52,6,6,0,12
2022-06-17T23:16:18,6,6,0,12
2022-06-17T23:26:46,6,6,0,12
2022-06-17T23:37:15,6,6,0,12
2022-06-17T23:47:41,6,6,0,12
2022-06-17T23:58:08,6,6,0,12
2022-06-18T00:08:35,6,6,0,12
2022-06-18T00:19:05,6,6,0,12
2022-06-18T00:29:33,6,6,0,12
2022-06-18T00:40:02,6,6,0,12
2022-06-18T00:50:31,6,6,0,12
2022-06-18T01:00:59,6,6,0,12
2022-06-18T01:11:30,6,6,0,12
2022-06-18T01:22:05,6,6,0,12
2022-06-18T01:32:39,6,6,0,12
2022-06-18T01:43:14,6,6,0,12
2022-06-18T01:53:58,6,6,0,12
2022-06-18T02:04:28,6,6,0,12
2022-06-18T02:15:08,6,6,0,12
2022-06-18T02:25:46,6,6,0,12
2022-06-18T02:36:23,6,6,0,12
2022-06-18T02:47:01,6,6,0,12
2022-06-18T02:57:37,6,6,0,12
2022-06-18T03:08:13,6,6,0,12
2022-06-18T03:18:51,6,6,0,12
2022-06-18T03:29:27,6,6,0,12
2022-06-18T03:40:03,6,6,0,12
2022-06-18T03:50:41,6,6,0,12
2022-06-18T04:03:42,6,6,0,12
2022-06-18T04:21:52,6,6,0,12
2022-06-18T04:32:45,6,6,0,12
2022-06-18T04:43:16,6,6,0,12
2022-06-18T04:53:44,6,6,0,12
2022-06-18T05:04:13,6,6,0,12
2022-06-18T05:14:42,6,6,0,12
2022-06-18T05:25:10,6,6,0,12
2022-06-18T05:35:39,6,6,0,12
2022-06-18T05:46:07,6,6,0,12
2022-06-18T05:56:38,6,6,0,12
2022-06-18T06:07:06,6,6,0,12
2022-06-18T06:17:34,6,6,0,12
2022-06-18T06:28:02,6,6,0,12
2022-06-18T06:38:30,6,6,0,12
2022-06-18T06:48:57,6,6,0,12
2022-06-18T06:59:34,6,6,0,12
2022-06-18T07:10:02,6,6,0,12
2022-06-18T07:20:30,6,6,0,12
2022-06-18T07:30:58,6,6,0,12
2022-06-18T07:41:27,6,6,0,12
2022-06-18T07:51:54,6,6,0,12
2022-06-18T08:02:23,6,6,0,12
2022-06-18T08:12:51,6,6,0,12
2022-06-18T08:23:19,6,6,0,12
2022-06-18T08:33:46,6,6,0,12
2022-06-18T08:44:14,6,6,0,12
2022-06-18T08:54:53,6,6,0,12
2022-06-18T09:05:21,6,6,0,12
2022-06-18T09:15:48,6,6,0,12
2022-06-18T09:26:15,6,6,0,12
2022-06-18T09:36:43,6,6,0,12
2022-06-18T09:47:10,6,6,0,12
2022-06-18T09:57:38,6,6,0,12
2022-06-18T10:08:04,6,6,0,12
2022-06-18T10:18:30,6,6,0,12
2022-06-18T10:28:56,6,6,0,12
2022-06-18T10:39:33,6,6,0,12
2022-06-18T10:50:12,6,6,0,12
2022-06-18T11:00:39,6,6,0,12
2022-06-18T11:11:06,6,6,0,12
2022-06-18T11:21:32,6,6,0,12
2022-06-18T11:31:58,6,6,0,12
2022-06-18T11:42:24,6,6,0,12
2022-06-18T11:52:49,6,6,0,12
2022-06-18T12:03:16,6,6,0,12
2022-06-18T12:13:42,6,6,0,12
2022-06-18T12:24:19,6,6,0,12
2022-06-18T12:34:45,6,6,0,12
2022-06-18T12:45:12,6,6,0,12
2022-06-18T12:55:37,6,6,0,12
2022-06-18T13:06:03,6,6,0,12
2022-06-18T13:16:29,6,6,0,12
2022-06-18T13:26:55,6,6,0,12
2022-06-18T13:37:21,6,6,0,12
2022-06-18T13:47:47,6,6,0,12
2022-06-18T13:58:13,6,6,0,12
2022-06-18T14:08:46,6,6,0,12
2022-06-18T14:19:23,6,6,0,12
2022-06-18T14:29:48,6,6,0,12
2022-06-18T14:40:14,6,6,0,12
2022-06-18T14:50:39,6,6,0,12
2022-06-18T15:01:05,6,6,0,12
2022-06-18T15:11:30,6,6,0,12
2022-06-18T15:21:56,6,6,0,12
2022-06-18T15:32:22,6,6,0,12
2022-06-18T15:42:47,6,6,0,12
2022-06-18T15:53:13,6,6,0,12
2022-06-18T16:03:40,6,6,0,12
2022-06-18T16:14:16,6,6,0,12
2022-06-18T16:24:42,6,6,0,12
2022-06-18T16:35:07,6,6,0,12
2022-06-18T16:45:33,6,6,0,12
2022-06-18T16:55:58,6,6,0,12
2022-06-18T17:06:24,6,6,0,12
2022-06-18T17:16:50,6,6,0,12
2022-06-18T17:27:16,6,6,0,12
2022-06-18T17:37:42,6,6,0,12
2022-06-18T17:48:07,6,6,0,12
2022-06-18T17:58:34,6,6,0,12
2022-06-18T18:09:00,6,6,0,12
2022-06-18T18:19:35,6,6,0,12
2022-06-18T18:30:01,6,6,0,12
2022-06-18T18:40:28,6,6,0,12
2022-06-18T18:50:54,6,6,0,12
2022-06-18T19:01:19,6,6,0,12
2022-06-18T19:11:45,6,6,0,12
2022-06-18T19:22:14,6,6,0,12
2022-06-18T19:32:45,6,6,0,12
2022-06-18T19:43:17,6,6,0,12
2022-06-18T19:53:49,6,6,0,12
2022-06-18T20:04:21,6,6,0,12
2022-06-18T20:14:57,6,6,0,12
2022-06-18T20:25:31,6,6,0,12
2022-06-18T20:36:04,6,6,0,12
2022-06-18T20:46:46,6,6,0,12
2022-06-18T20:57:19,6,6,0,12
2022-06-18T21:07:48,6,6,0,12
2022-06-18T21:18:18,6,6,0,12
2022-06-18T21:28:51,6,6,0,12
2022-06-18T21:39:23,6,6,0,12
2022-06-18T21:49:57,6,6,0,12
2022-06-18T22:00:30,6,6,0,12
2022-06-18T22:11:02,6,6,0,12
2022-06-18T22:21:35,6,6,0,12
2022-06-18T22:32:08,6,6,0,12
2022-06-18T22:42:53,6,6,0,12
2022-06-18T22:53:22,6,6,0,12
2022-06-18T23:03:52,6,6,0,12
2022-06-18T23:14:22,6,6,0,12
2022-06-18T23:24:48,6,6,0,12
2022-06-18T23:35:14,6,6,0,12
2022-06-18T23:45:40,6,6,0,12
2022-06-18T23:56:06,6,6,0,12
2022-06-19T00:06:33,6,6,0,12
2022-06-19T02:24:12,6,6,0,12
2022-06-19T02:34:43,6,6,0,12
2022-06-19T02:45:12,6,6,0,12
2022-06-19T06:52:01,6,6,0,12
2022-06-19T07:02:33,6,6,0,12
2022-06-19T07:13:01,6,6,0,12
2022-06-19T07:23:29,6,6,0,12
2022-06-19T07:34:07,6,6,0,12
2022-06-19T07:44:34,6,6,0,12
2022-06-19T07:55:02,6,6,0,12
2022-06-19T08:05:30,6,6,0,12
2022-06-19T08:15:56,6,6,0,12
2022-06-19T08:26:23,6,6,0,12
2022-06-19T08:36:49,6,6,0,12
2022-06-19T08:47:14,6,6,0,12
2022-06-19T08:57:41,6,6,0,12
2022-06-19T09:08:07,6,6,0,12
2022-06-19T09:18:33,6,6,0,12
2022-06-19T09:28:59,6,6,0,12
2022-06-19T09:39:25,6,6,0,12
2022-06-19T09:49:52,6,6,0,12
2022-06-19T10:00:18,6,6,0,12
2022-06-19T10:10:45,6,6,0,12
2022-06-19T10:21:11,6,6,0,12
2022-06-19T10:31:48,6,6,0,12
2022-06-19T10:42:14,6,6,0,12
2022-06-19T10:52:43,6,6,0,12
2022-06-19T11:03:11,6,6,0,12
2022-06-19T11:13:38,6,6,0,12
2022-06-19T11:24:05,6,6,0,12
2022-06-19T11:34:32,6,6,0,12
2022-06-19T11:44:58,6,6,0,12
2022-06-19T11:55:24,6,6,0,12
2022-06-19T12:05:51,6,6,0,12
2022-06-19T12:16:16,6,6,0,12
2022-06-19T12:26:54,6,6,0,12
2022-06-19T12:37:20,6,6,0,12
2022-06-19T12:47:45,6,6,0,12
2022-06-19T12:58:12,6,6,0,12
2022-06-19T13:08:40,6,6,0,12
2022-06-19T13:19:10,6,6,0,12
2022-06-19T13:29:41,6,6,0,12
2022-06-19T13:40:12,6,6,0,12
2022-06-19T13:50:45,6,6,0,12
2022-06-19T14:01:15,6,6,0,12
2022-06-19T14:11:48,6,6,0,12
2022-06-19T14:22:24,6,6,0,12
2022-06-19T14:33:13,6,6,0,12
2022-06-19T14:43:53,6,6,0,12
2022-06-19T14:54:33,6,6,0,12
2022-06-19T15:05:13,6,6,0,12
2022-06-19T15:15:55,6,6,0,12
2022-06-19T15:26:30,6,6,0,12
2022-06-19T15:37:04,6,6,0,12
2022-06-19T15:47:36,6,6,0,12
2022-06-19T15:58:05,6,6,0,12
2022-06-19T16:08:34,6,6,0,12
2022-06-19T16:19:01,6,6,0,12
2022-06-19T16:29:39,6,6,0,12
2022-06-19T16:40:05,6,6,0,12
2022-06-19T16:50:32,6,6,0,12
2022-06-19T17:00:58,6,6,0,12
2022-06-19T17:11:24,6,6,0,12
2022-06-19T17:21:50,6,6,0,12
2022-06-19T17:32:15,6,6,0,12
2022-06-19T17:42:41,6,6,0,12
2022-06-19T17:53:07,6,6,0,12
2022-06-19T18:03:33,6,6,0,12
2022-06-19T18:13:59,6,6,0,12
2022-06-19T18:24:25,6,6,0,12
2022-06-19T18:34:53,6,6,0,12
2022-06-19T18:45:29,6,6,0,12
2022-06-19T18:55:56,6,6,0,12
2022-06-19T19:06:22,6,6,0,12
2022-06-19T19:16:48,6,6,0,12
2022-06-19T19:27:14,6,6,0,12
2022-06-19T19:37:40,6,6,0,12
2022-06-19T19:48:08,6,6,0,12
2022-06-19T19:58:34,6,6,0,12
2022-06-19T20:09:00,6,6,0,12
2022-06-19T20:19:26,6,6,0,12
2022-06-19T20:29:52,6,6,0,12
2022-06-19T20:40:18,6,6,0,12
2022-06-19T20:50:56,6,6,0,12
2022-06-19T21:01:22,6,6,0,12
2022-06-19T21:11:48,6,6,0,12
2022-06-19T21:22:15,6,6,0,12
2022-06-19T21:32:42,6,6,0,12
2022-06-19T21:43:09,6,6,0,12
2022-06-19T21:53:36,6,6,0,12
2022-06-19T22:04:02,6,6,0,12
2022-06-19T22:14:29,6,6,0,12
2022-06-19T22:24:55,6,6,0,12
2022-06-19T22:35:22,6,6,0,12
2022-06-19T22:46:01,6,6,0,12
2022-06-19T22:56:26,6,6,0,12
2022-06-19T23:06:53,6,6,0,12
2022-06-19T23:17:20,6,6,0,12
2022-06-19T23:27:47,6,6,0,12
2022-06-19T23:38:13,6,6,0,12
2022-06-19T23:48:39,6,6,0,12
2022-06-19T23:59:06,6,6,0,12
2022-06-20T00:09:33,6,6,0,12
2022-06-20T00:20:10,6,6,0,12
2022-06-20T00:30:39,6,6,0,12
2022-06-20T00:41:24,6,6,0,12
2022-06-20T00:51:52,6,6,0,12
2022-06-20T01:02:19,6,6,0,12
2022-06-20T01:12:49,6,6,0,12
2022-06-20T01:23:20,6,6,0,12
2022-06-20T01:33:49,6,6,0,12
2022-06-20T01:44:17,6,6,0,12
2022-06-20T01:54:44,6,6,0,12
2022-06-20T02:05:21,6,6,0,12
2022-06-20T02:15:48,6,6,0,12
2022-06-20T02:26:15,6,6,0,12
2022-06-20T02:36:42,6,6,0,12
2022-06-20T02:47:09,6,6,0,12
2022-06-20T02:57:35,6,6,0,12
2022-06-20T03:08:02,6,6,0,12
2022-06-20T03:18:28,6,6,0,12
2022-06-20T03:28:55,6,6,0,12
2022-06-20T03:39:22,6,6,0,12
2022-06-20T03:49:51,6,6,0,12
2022-06-20T04:00:32,6,6,0,12
2022-06-20T04:11:00,6,6,0,12
2022-06-20T04:24:59,6,6,0,12
2022-06-20T04:35:55,6,6,0,12
2022-06-20T04:46:25,6,6,0,12
2022-06-20T04:56:54,6,6,0,12
2022-06-20T05:07:25,6,6,0,12
2022-06-20T05:17:55,6,6,0,12
2022-06-20T05:28:25,6,6,0,12
2022-06-20T05:38:54,6,6,0,12
2022-06-20T05:49:22,6,6,0,12
2022-06-20T05:59:50,6,6,0,12
2022-06-20T06:10:20,6,6,0,12
2022-06-20T06:20:49,6,6,0,12
2022-06-20T06:31:16,6,6,0,12
2022-06-20T06:41:43,6,6,0,12
2022-06-20T06:52:09,6,6,0,12
2022-06-20T07:02:38,6,6,0,12
2022-06-20T07:13:04,6,6,0,12
2022-06-20T07:23:30,6,6,0,12
2022-06-20T07:33:56,6,6,0,12
2022-06-20T07:44:22,6,6,0,12
2022-06-20T07:54:47,6,6,0,12
2022-06-20T08:05:13,6,6,0,12
2022-06-20T08:15:39,6,6,0,12
2022-06-20T08:26:16,6,6,0,12
2022-06-20T08:36:42,6,6,0,12
2022-06-20T08:47:08,6,6,0,12
2022-06-20T08:57:34,6,6,0,12
2022-06-20T09:08:02,6,6,0,12
2022-06-20T09:18:32,6,6,0,12
2022-06-20T09:29:03,6,6,0,12
2022-06-20T09:39:37,6,6,0,12
2022-06-20T09:50:13,6,6,0,12
2022-06-20T10:00:46,6,6,0,12
2022-06-20T10:11:17,6,6,0,12
2022-06-20T10:21:57,6,6,0,12
2022-06-20T10:32:47,6,6,0,12
2022-06-20T10:43:25,6,6,0,12
2022-06-20T10:54:06,6,6,0,12
2022-06-20T11:04:43,6,6,0,12
2022-06-20T11:15:18,6,6,0,12
2022-06-20T11:25:54,6,6,0,12
2022-06-20T11:36:29,6,6,0,12
2022-06-20T11:47:00,6,6,0,12
2022-06-20T11:57:28,6,6,0,12
2022-06-20T12:07:56,6,6,0,12
2022-06-20T12:18:34,6,6,0,12
2022-06-20T12:29:01,6,6,0,12
2022-06-20T12:39:27,6,6,0,12
2022-06-20T12:49:53,6,6,0,12
2022-06-20T13:00:19,6,6,0,12
2022-06-20T13:10:45,6,6,0,12
2022-06-20T13:21:12,6,6,0,12
2022-06-20T13:31:38,6,6,0,12
2022-06-20T13:42:04,6,6,0,12
2022-06-20T13:52:39,6,6,0,12
2022-06-20T14:03:06,6,6,0,12
2022-06-20T14:13:32,6,6,0,12
2022-06-20T14:23:58,6,6,0,12
2022-06-20T14:34:24,6,6,0,12
2022-06-20T14:44:50,6,6,0,12
2022-06-20T14:55:15,6,6,0,12
2022-06-20T15:05:41,6,6,0,12
2022-06-20T15:16:07,6,6,0,12
2022-06-20T15:26:34,6,6,0,12
2022-06-20T15:37:00,6,6,0,12
2022-06-20T15:47:38,6,6,0,12
2022-06-20T15:58:04,6,6,0,12
2022-06-20T16:08:31,6,6,0,12
2022-06-20T16:18:57,6,6,0,12
2022-06-20T16:29:23,6,6,0,12
2022-06-20T16:39:50,6,6,0,12
2022-06-20T16:50:22,6,6,0,12
2022-06-20T17:00:49,6,6,0,12
2022-06-20T17:11:15,6,6,0,12
2022-06-20T17:21:44,6,6,0,12
2022-06-20T17:32:10,6,6,0,12
2022-06-20T17:42:36,6,6,0,12
2022-06-20T17:53:03,6,6,0,12
2022-06-20T18:03:39,6,6,0,12
2022-06-20T18:14:05,6,6,0,12
2022-06-20T18:24:31,6,6,0,12
2022-06-20T18:34:58,6,6,0,12
2022-06-20T18:45:23,6,6,0,12
2022-06-20T18:55:49,6,6,0,12
2022-06-20T19:06:15,6,6,0,12
2022-06-20T19:16:41,6,6,0,12
2022-06-20T19:27:07,6,6,0,12
2022-06-20T19:37:33,6,6,0,12
2022-06-20T19:48:09,6,6,0,12
2022-06-20T19:58:35,6,6,0,12
2022-06-20T20:09:01,6,6,0,12
2022-06-20T20:19:27,6,6,0,12
2022-06-20T20:29:53,6,6,0,12
2022-06-20T20:40:19,6,6,0,12
2022-06-20T20:50:45,6,6,0,12
2022-06-20T21:01:11,6,6,0,12
2022-06-20T21:11:37,6,6,0,12
2022-06-20T21:22:03,6,6,0,12
2022-06-20T21:32:41,6,6,0,12
2022-06-20T21:43:08,6,6,0,12
2022-06-20T21:53:34,6,6,0,12
2022-06-20T22:04:00,6,6,0,12
2022-06-20T22:14:26,6,6,0,12
2022-06-20T22:24:52,6,6,0,12
2022-06-20T22:35:20,6,6,0,12
2022-06-20T22:45:47,6,6,0,12
2022-06-20T22:56:13,6,6,0,12
2022-06-20T23:07:01,6,6,0,12
2022-06-20T23:17:27,6,6,0,12
2022-06-20T23:27:53,6,6,0,12
2022-06-20T23:38:19,6,6,0,12
2022-06-20T23:48:45,6,6,0,12
2022-06-20T23:59:11,6,6,0,12
2022-06-21T00:09:38,6,6,0,12
2022-06-21T00:20:06,6,6,0,12
2022-06-21T00:30:45,6,6,0,12
2022-06-21T00:41:12,6,6,0,12
2022-06-21T00:51:39,6,6,0,12
2022-06-21T01:02:07,6,6,0,12
2022-06-21T01:12:35,6,6,0,12
2022-06-21T01:23:02,6,6,0,12
2022-06-21T01:33:29,6,6,0,12
2022-06-21T01:43:55,6,6,0,12
2022-06-21T01:54:24,6,6,0,12
2022-06-21T02:05:08,6,6,0,12
2022-06-21T02:15:36,6,6,0,12
2022-06-21T02:26:07,6,6,0,12
2022-06-21T02:36:41,6,6,0,12
2022-06-21T02:47:15,6,6,0,12
2022-06-21T02:57:46,6,6,0,12
2022-06-21T03:08:18,6,6,0,12
2022-06-21T03:18:51,6,6,0,12
2022-06-21T03:29:33,6,6,0,12
2022-06-21T03:40:08,6,6,0,12
2022-06-21T03:50:46,6,6,0,12
2022-06-21T04:01:25,6,6,0,12
2022-06-21T04:12:03,6,6,0,12
2022-06-21T04:32:58,6,6,0,12
2022-06-21T04:43:51,6,6,0,12
2022-06-21T04:54:26,6,6,0,12
2022-06-21T05:05:01,6,6,0,12
2022-06-21T05:15:34,6,6,0,12
2022-06-21T05:26:05,6,6,0,12
2022-06-21T05:36:37,6,6,0,12
2022-06-21T05:47:04,6,6,0,12
2022-06-21T05:57:31,6,6,0,12
2022-06-21T06:08:02,6,6,0,12
2022-06-21T06:18:32,6,6,0,12
2022-06-21T06:28:59,6,6,0,12
2022-06-21T06:39:25,6,6,0,12
2022-06-21T06:49:51,6,6,0,12
2022-06-21T07:00:20,6,6,0,12
2022-06-21T07:10:46,6,6,0,12
2022-06-21T07:21:13,6,6,0,12
2022-06-21T07:31:39,6,6,0,12
2022-06-21T07:42:06,6,6,0,12
2022-06-21T07:52:33,6,6,0,12
2022-06-21T08:03:00,6,6,0,12
2022-06-21T08:13:27,6,6,0,12
2022-06-21T08:24:04,6,6,0,12
2022-06-21T08:34:32,6,6,0,12
2022-06-21T08:45:00,6,6,0,12
2022-06-21T08:55:28,6,6,0,12
2022-06-21T09:05:55,6,6,0,12
2022-06-21T09:16:23,6,6,0,12
2022-06-21T09:26:52,6,6,0,12
2022-06-21T09:37:21,6,6,0,12
2022-06-21T09:47:50,6,6,0,12
2022-06-21T09:58:19,6,6,0,12
2022-06-21T10:08:58,6,6,0,12
2022-06-21T10:19:27,6,6,0,12
2022-06-21T10:29:55,6,6,0,12
2022-06-21T10:40:24,6,6,0,12
2022-06-21T10:50:52,6,6,0,12
2022-06-21T11:01:21,6,6,0,12
2022-06-21T11:11:49,6,6,0,12
2022-06-21T11:22:18,6,6,0,12
2022-06-21T11:32:56,6,6,0,12
2022-06-21T11:43:25,6,6,0,12
2022-06-21T11:53:53,6,6,0,12
2022-06-21T12:04:22,6,6,0,12
2022-06-21T12:14:50,6,6,0,12
2022-06-21T12:25:20,6,6,0,12
2022-06-21T12:35:49,6,6,0,12
2022-06-21T12:46:17,6,6,0,12
2022-06-21T12:56:57,6,6,0,12
2022-06-21T13:07:25,6,6,0,12
2022-06-21T13:17:55,6,6,0,12
2022-06-21T13:28:25,6,6,0,12
2022-06-21T13:38:56,6,6,0,12
2022-06-21T13:49:26,6,6,0,12
2022-06-21T13:59:55,6,6,0,12
2022-06-21T14:10:25,6,6,0,12
2022-06-21T14:20:55,6,6,0,12
2022-06-21T14:31:24,6,6,0,12
2022-06-21T14:42:05,6,6,0,12
2022-06-21T14:52:34,6,6,0,12
2022-06-21T15:03:03,6,6,0,12
2022-06-21T15:13:32,6,6,0,12
2022-06-21T15:24:00,6,6,0,12
2022-06-21T15:34:29,6,6,0,12
2022-06-21T15:44:59,6,6,0,12
2022-06-21T15:55:27,6,6,0,12
2022-06-21T16:06:06,6,6,0,12
2022-06-21T16:16:35,6,6,0,12
2022-06-21T16:27:03,6,6,0,12
2022-06-21T16:37:31,6,6,0,12
2022-06-21T16:47:59,6,6,0,12
2022-06-21T16:58:27,6,6,0,12
2022-06-21T17:08:56,6,6,0,12
2022-06-21T17:19:24,6,6,0,12
2022-06-21T17:30:03,6,6,0,12
2022-06-21T17:40:30,6,6,0,12
2022-06-21T17:50:58,6,6,0,12
2022-06-21T18:01:26,6,6,0,12
2022-06-21T18:11:53,6,6,0,12
2022-06-21T18:22:20,6,6,0,12
2022-06-21T18:32:47,6,6,0,12
2022-06-21T18:43:15,6,6,0,12
2022-06-21T18:53:54,6,6,0,12
2022-06-21T19:04:22,6,6,0,12
2022-06-21T19:14:49,6,6,0,12
2022-06-21T19:25:17,6,6,0,12
2022-06-21T19:35:45,6,6,0,12
2022-06-21T19:46:12,6,6,0,12
2022-06-21T19:56:39,6,6,0,12
2022-06-21T20:07:09,6,6,0,12
2022-06-21T20:17:48,6,6,0,12
2022-06-21T20:28:16,6,6,0,12
2022-06-21T20:38:43,6,6,0,12
2022-06-21T20:49:11,6,6,0,12
2022-06-21T20:59:38,6,6,0,12
2022-06-21T21:10:06,6,6,0,12
2022-06-21T21:20:34,6,6,0,12
2022-06-21T21:31:02,6,6,0,12
2022-06-21T21:41:43,6,6,0,12
2022-06-21T21:52:10,6,6,0,12
2022-06-21T22:02:38,6,6,0,12
2022-06-21T22:13:07,6,6,0,12
2022-06-21T22:23:35,6,6,0,12
2022-06-21T22:34:04,6,6,0,12
2022-06-21T22:44:32,6,6,0,12
2022-06-21T22:55:00,6,6,0,12
2022-06-21T23:05:40,6,6,0,12
2022-06-21T23:16:08,6,6,0,12
2022-06-21T23:26:36,6,6,0,12
2022-06-21T23:37:04,6,6,0,12
2022-06-21T23:47:31,6,6,0,12
2022-06-21T23:57:57,6,6,0,12
2022-06-22T00:08:25,6,6,0,12
2022-06-22T00:18:55,6,6,0,12
2022-06-22T00:29:24,6,6,0,12
2022-06-22T00:40:06,6,6,0,12
2022-06-22T00:50:35,6,6,0,12
2022-06-22T01:01:05,6,6,0,12
2022-06-22T01:11:35,6,6,0,12
2022-06-22T01:22:05,6,6,0,12
2022-06-22T01:32:34,6,6,0,12
2022-06-22T01:43:03,6,6,0,12
2022-06-22T01:53:32,6,6,0,12
2022-06-22T02:04:00,6,6,0,12
2022-06-22T02:14:29,6,6,0,12
2022-06-22T02:24:56,6,6,0,12
2022-06-22T02:35:25,6,6,0,12
2022-06-22T02:46:03,6,6,0,12
2022-06-22T02:56:33,6,6,0,12
2022-06-22T03:07:01,6,6,0,12
2022-06-22T03:17:29,6,6,0,12
2022-06-22T03:27:57,6,6,0,12
2022-06-22T03:38:24,6,6,0,12
2022-06-22T03:48:52,6,6,0,12
2022-06-22T03:59:21,6,6,0,12
2022-06-22T04:09:50,6,6,0,12
2022-06-22T04:29:36,6,6,0,12
2022-06-22T04:40:29,6,6,0,12
2022-06-22T04:50:58,6,6,0,12
2022-06-22T05:01:27,6,6,0,12
2022-06-22T05:11:56,6,6,0,12
2022-06-22T05:22:25,6,6,0,12
2022-06-22T05:34:21,6,6,0,12
2022-06-22T05:45:17,6,6,0,12
2022-06-22T05:55:47,6,6,0,12
2022-06-22T06:06:16,6,6,0,12
2022-06-22T06:16:46,6,6,0,12
2022-06-22T06:27:15,6,6,0,12
2022-06-22T06:37:44,6,6,0,12
2022-06-22T06:48:10,6,6,0,12
2022-06-22T06:58:40,6,6,0,12
2022-06-22T07:09:08,6,6,0,12
2022-06-22T07:19:36,6,6,0,12
2022-06-22T07:30:03,6,6,0,12
2022-06-22T07:40:30,6,6,0,12
2022-06-22T07:50:57,6,6,0,12
2022-06-22T08:01:34,6,6,0,12
2022-06-22T08:12:01,6,6,0,12
2022-06-22T08:22:29,6,6,0,12
2022-06-22T08:32:57,6,6,0,12
2022-06-22T08:43:25,6,6,0,12
2022-06-22T08:53:52,6,6,0,12
2022-06-22T09:04:20,6,6,0,12
2022-06-22T09:14:48,6,6,0,12
2022-06-22T09:25:17,6,6,0,12
2022-06-22T09:35:48,6,6,0,12
2022-06-22T09:46:16,6,6,0,12
2022-06-22T09:56:56,6,6,0,12
2022-06-22T10:07:24,6,6,0,12
2022-06-22T10:17:53,6,6,0,12
2022-06-22T10:28:23,6,6,0,12
2022-06-22T10:38:53,6,6,0,12
2022-06-22T10:49:23,6,6,0,12
2022-06-22T10:59:53,6,6,0,12
2022-06-22T11:10:22,6,6,0,12
2022-06-22T11:20:51,6,6,0,12
2022-06-22T11:31:31,6,6,0,12
2022-06-22T11:42:00,6,6,0,12
2022-06-22T11:52:29,6,6,0,12
2022-06-22T12:02:57,6,6,0,12
2022-06-22T12:13:29,6,6,0,12
2022-06-22T12:23:57,6,6,0,12
2022-06-22T12:34:27,6,6,0,12
2022-06-22T12:44:58,6,6,0,12
2022-06-22T12:55:38,6,6,0,12
2022-06-22T13:06:07,6,6,0,12
2022-06-22T13:16:36,6,6,0,12
2022-06-22T13:27:10,6,6,0,12
2022-06-22T13:37:40,6,6,0,12
2022-06-22T13:48:10,6,6,0,12
2022-06-22T13:58:41,6,6,0,12
2022-06-22T14:09:14,6,6,0,12
2022-06-22T14:19:44,6,6,0,12
2022-06-22T14:30:25,6,6,0,12
2022-06-22T14:40:56,6,6,0,12
2022-06-22T14:51:28,6,6,0,12
2022-06-22T15:02:05,6,6,0,12
2022-06-22T15:12:37,6,6,0,12
2022-06-22T15:23:12,6,6,0,12
2022-06-22T15:33:46,6,6,0,12
2022-06-22T15:44:20,6,6,0,12
2022-06-22T15:55:09,6,6,0,12
2022-06-22T16:05:44,6,6,0,12
2022-06-22T16:16:17,6,6,0,12
2022-06-22T16:26:55,6,6,0,12
2022-06-22T16:37:39,6,6,0,12
2022-06-22T16:48:20,6,6,0,12
2022-06-22T16:59:00,6,6,0,12
2022-06-22T17:09:46,6,6,0,12
2022-06-22T17:20:23,6,6,0,12
2022-06-22T17:31:08,6,6,0,12
2022-06-22T17:41:42,6,6,0,12
2022-06-22T17:52:16,6,6,0,12
2022-06-22T18:02:47,6,6,0,12
2022-06-22T18:13:18,6,6,0,12
2022-06-22T18:23:48,6,6,0,12
2022-06-22T18:34:15,6,6,0,12
2022-06-22T18:44:46,6,6,0,12
2022-06-22T18:55:13,6,6,0,12
2022-06-22T19:05:52,6,6,0,12
2022-06-22T19:16:20,6,6,0,12
2022-06-22T19:26:48,6,6,0,12
2022-06-22T19:37:16,6,6,0,12
2022-06-22T19:47:45,6,6,0,12
2022-06-22T19:58:12,6,6,0,12
2022-06-22T20:08:40,6,6,0,12
2022-06-22T20:19:08,6,6,0,12
2022-06-22T20:29:35,6,6,0,12
2022-06-22T20:40:02,6,6,0,12
2022-06-22T20:50:33,6,6,0,12
2022-06-22T21:01:11,6,6,0,12
2022-06-22T21:11:39,6,6,0,12
2022-06-22T21:22:06,6,6,0,12
2022-06-22T21:32:34,6,6,0,12
2022-06-22T21:43:02,6,6,0,12
2022-06-22T21:53:31,6,6,0,12
2022-06-22T22:03:59,6,6,0,12
2022-06-22T22:14:27,6,6,0,12
2022-06-22T22:24:58,6,6,0,12
2022-06-22T22:35:26,6,6,0,12
2022-06-22T22:46:05,6,6,0,12
2022-06-22T22:56:32,6,6,0,12
2022-06-22T23:07:01,6,6,0,12
2022-06-22T23:17:30,6,6,0,12
2022-06-22T23:27:58,6,6,0,12
2022-06-22T23:38:26,6,6,0,12
2022-06-22T23:48:54,6,6,0,12
2022-06-22T23:59:21,6,6,0,12
2022-06-23T00:09:49,6,6,0,12
2022-06-23T00:20:21,6,6,0,12
2022-06-23T00:31:01,6,6,0,12
2022-06-23T00:41:30,6,6,0,12
2022-06-23T00:51:59,6,6,0,12
2022-06-23T01:02:30,6,6,0,12
2022-06-23T01:12:59,6,6,0,12
2022-06-23T01:23:28,6,6,0,12
2022-06-23T01:33:58,6,6,0,12
2022-06-23T01:44:26,6,6,0,12
2022-06-23T01:54:55,6,6,0,12
2022-06-23T02:05:25,6,6,0,12
2022-06-23T02:15:53,6,6,0,12
2022-06-23T02:26:20,6,6,0,12
2022-06-23T02:36:46,6,6,0,12
2022-06-23T02:47:13,6,6,0,12
2022-06-23T02:57:39,6,6,0,12
2022-06-23T03:08:08,6,6,0,12
2022-06-23T03:18:45,6,6,0,12
2022-06-23T03:29:11,6,6,0,12
2022-06-23T03:39:37,6,6,0,12
2022-06-23T03:50:19,6,6,0,12
2022-06-23T04:03:11,6,6,0,12
2022-06-23T04:13:38,6,6,0,12
2022-06-23T04:28:14,6,6,0,12
2022-06-23T04:39:06,6,6,0,12
2022-06-23T04:49:34,6,6,0,12
2022-06-23T05:00:03,6,6,0,12
2022-06-23T05:10:36,6,6,0,12
2022-06-23T05:21:09,6,6,0,12
2022-06-23T05:31:41,6,6,0,12
2022-06-23T05:42:14,6,6,0,12
2022-06-23T05:53:06,6,6,0,12
2022-06-23T06:03:36,6,6,0,12
2022-06-23T06:14:07,6,6,0,12
2022-06-23T06:24:37,6,6,0,12
2022-06-23T06:35:10,6,6,0,12
2022-06-23T06:45:40,6,6,0,12
2022-06-23T06:56:10,6,6,0,12
2022-06-23T07:06:46,6,6,0,12
2022-06-23T07:17:15,6,6,0,12
2022-06-23T07:27:43,6,6,0,12
2022-06-23T07:38:13,6,6,0,12
2022-06-23T07:48:48,6,6,0,12
2022-06-23T07:59:20,6,6,0,12
2022-06-23T08:09:53,6,6,0,12
2022-06-23T08:20:29,6,6,0,12
2022-06-23T08:31:04,6,6,0,12
2022-06-23T08:41:38,6,6,0,12
2022-06-23T08:52:25,6,6,0,12
2022-06-23T09:03:07,6,6,0,12
2022-06-23T09:13:43,6,6,0,12
2022-06-23T09:24:16,6,6,0,12
2022-06-23T09:34:56,6,6,0,12
2022-06-23T09:45:33,6,6,0,12
2022-06-23T09:56:13,6,6,0,12
2022-06-23T10:06:59,6,6,0,12
2022-06-23T10:17:34,6,6,0,12
2022-06-23T10:28:10,6,6,0,12
2022-06-23T10:38:43,6,6,0,12
2022-06-23T10:49:17,6,6,0,12
2022-06-23T11:00:03,6,6,0,12
2022-06-23T11:10:36,6,6,0,12
2022-06-23T11:21:10,6,6,0,12
2022-06-23T11:31:41,6,6,0,12
2022-06-23T11:42:09,6,6,0,12
2022-06-23T11:52:38,6,6,0,12
2022-06-23T12:03:08,6,6,0,12
2022-06-23T12:13:37,6,6,0,12
2022-06-23T12:24:06,6,6,0,12
2022-06-23T12:34:37,6,6,0,12
2022-06-23T12:45:06,6,6,0,12
2022-06-23T12:55:49,6,6,0,12
2022-06-23T13:06:18,6,6,0,12
2022-06-23T13:16:50,6,6,0,12
2022-06-23T13:27:20,6,6,0,12
2022-06-23T13:37:49,6,6,0,12
2022-06-23T13:48:19,6,6,0,12
2022-06-23T13:58:50,6,6,0,12
2022-06-23T14:09:19,6,6,0,12
2022-06-23T14:20:02,6,6,0,12
2022-06-23T14:30:32,6,6,0,12
2022-06-23T14:41:01,6,6,0,12
2022-06-23T14:51:30,6,6,0,12
2022-06-23T15:02:00,6,6,0,12
2022-06-23T15:12:29,6,6,0,12
2022-06-23T15:22:57,6,6,0,12
2022-06-23T15:33:27,6,6,0,12
2022-06-23T15:44:08,6,6,0,12
2022-06-23T15:54:37,6,6,0,12
2022-06-23T16:05:06,6,6,0,12
2022-06-23T16:15:36,6,6,0,12
2022-06-23T16:26:04,6,6,0,12
2022-06-23T16:36:34,6,6,0,12
2022-06-23T16:47:03,6,6,0,12
2022-06-23T16:57:33,6,6,0,12
2022-06-23T17:08:01,6,6,0,12
2022-06-23T17:18:41,6,6,0,12
2022-06-23T17:29:09,6,6,0,12
2022-06-23T17:39:37,6,6,0,12
2022-06-23T17:50:05,6,6,0,12
2022-06-23T18:00:34,6,6,0,12
2022-06-23T18:11:02,6,6,0,12
2022-06-23T18:21:31,6,6,0,12
2022-06-23T18:31:58,6,6,0,12
2022-06-23T18:42:26,6,6,0,12
2022-06-23T18:52:54,6,6,0,12
2022-06-23T19:03:22,6,6,0,12
2022-06-23T19:14:01,6,6,0,12
2022-06-23T19:24:29,6,6,0,12
2022-06-23T19:34:57,6,6,0,12
2022-06-23T19:45:25,6,6,0,12
2022-06-23T19:55:53,6,6,0,12
2022-06-23T20:06:20,6,6,0,12
2022-06-23T20:16:48,6,6,0,12
2022-06-23T20:27:15,6,6,0,12
2022-06-23T20:37:43,6,6,0,12
2022-06-23T20:48:11,6,6,0,12
2022-06-23T20:58:38,6,6,0,12
2022-06-23T21:09:08,6,6,0,12
2022-06-23T21:19:35,6,6,0,12
2022-06-23T21:30:13,6,6,0,12
2022-06-23T21:40:41,6,6,0,12
2022-06-23T21:51:11,6,6,0,12
2022-06-23T22:01:39,6,6,0,12
2022-06-23T22:12:07,6,6,0,12
2022-06-23T22:22:35,6,6,0,12
2022-06-23T22:33:03,6,6,0,12
2022-06-23T22:43:31,6,6,0,12
2022-06-23T22:53:58,6,6,0,12
2022-06-23T23:04:38,6,6,0,12
2022-06-23T23:15:07,6,6,0,12
2022-06-23T23:25:35,6,6,0,12
2022-06-23T23:36:03,6,6,0,12
2022-06-23T23:46:31,6,6,0,12
2022-06-23T23:56:59,6,6,0,12
2022-06-24T00:07:28,6,6,0,12
2022-06-24T00:18:00,6,6,0,12
2022-06-24T00:28:29,6,6,0,12
2022-06-24T00:38:58,6,6,0,12
2022-06-24T00:49:29,6,6,0,12
2022-06-24T01:00:00,6,6,0,12
2022-06-24T01:10:31,6,6,0,12
2022-06-24T01:21:01,6,6,0,12
2022-06-24T01:31:42,6,6,0,12
2022-06-24T01:42:11,6,6,0,12
2022-06-24T01:52:45,6,6,0,12
2022-06-24T02:03:19,6,6,0,12
2022-06-24T02:13:52,6,6,0,12
2022-06-24T02:24:26,6,6,0,12
2022-06-24T02:35:02,6,6,0,12
2022-06-24T02:45:38,6,6,0,12
2022-06-24T02:56:12,6,6,0,12
2022-06-24T03:06:51,6,6,0,12
2022-06-24T03:17:34,6,6,0,12
2022-06-24T03:28:12,6,6,0,12
2022-06-24T03:38:53,6,6,0,12
2022-06-24T03:49:31,6,6,0,12
2022-06-24T04:00:10,6,6,0,12
2022-06-24T04:10:46,6,6,0,12
2022-06-24T04:37:12,6,6,0,12
2022-06-24T04:47:47,6,6,0,12
2022-06-24T04:58:21,6,6,0,12
2022-06-24T05:08:55,6,6,0,12
2022-06-24T05:19:26,6,6,0,12
2022-06-24T05:29:56,6,6,0,12
2022-06-24T05:40:29,6,6,0,12
2022-06-24T05:50:59,6,6,0,12
2022-06-24T06:01:29,6,6,0,12
2022-06-24T06:12:00,6,6,0,12
2022-06-24T06:22:30,6,6,0,12
2022-06-24T06:32:59,6,6,0,12
2022-06-24T06:43:30,6,6,0,12
2022-06-24T06:53:59,6,6,0,12
2022-06-24T07:04:31,6,6,0,12
2022-06-24T07:15:01,6,6,0,12
2022-06-24T07:25:29,6,6,0,12
2022-06-24T07:35:57,6,6,0,12
2022-06-24T07:46:25,6,6,0,12
2022-06-24T07:56:53,6,6,0,12
2022-06-24T08:07:21,6,6,0,12
2022-06-24T08:17:49,6,6,0,12
2022-06-24T08:28:18,6,6,0,12
2022-06-24T08:38:47,6,6,0,12
2022-06-24T08:49:25,6,6,0,12
2022-06-24T08:59:55,6,6,0,12
2022-06-24T09:10:23,6,6,0,12
2022-06-24T09:20:52,6,6,0,12
2022-06-24T09:31:20,6,6,0,12
2022-06-24T09:41:54,6,6,0,12
2022-06-24T09:52:22,6,6,0,12
2022-06-24T10:02:52,6,6,0,12
2022-06-24T10:13:26,6,6,0,12
2022-06-24T10:24:05,6,6,0,12
2022-06-24T10:34:35,6,6,0,12
2022-06-24T10:45:03,6,6,0,12
2022-06-24T10:55:33,6,6,0,12
2022-06-24T11:06:03,6,6,0,12
2022-06-24T11:16:32,6,6,0,12
2022-06-24T11:27:01,6,6,0,12
2022-06-24T11:37:30,6,6,0,12
2022-06-24T11:48:00,6,6,0,12
2022-06-24T11:58:41,6,6,0,12
2022-06-24T12:09:10,6,6,0,12
2022-06-24T12:19:39,6,6,0,12
2022-06-24T12:30:08,6,6,0,12
2022-06-24T12:40:37,6,6,0,12
2022-06-24T12:51:05,6,6,0,12
2022-06-24T13:01:34,6,6,0,12
2022-06-24T13:12:03,6,6,0,12
2022-06-24T13:22:32,6,6,0,12
2022-06-24T13:33:14,6,6,0,12
2022-06-24T13:43:43,6,6,0,12
2022-06-24T13:54:13,6,6,0,12
2022-06-24T14:04:44,6,6,0,12
2022-06-24T14:15:13,6,6,0,12
2022-06-24T14:25:42,6,6,0,12
2022-06-24T14:36:16,6,6,0,12
2022-06-24T14:46:45,6,6,0,12
2022-06-24T14:57:25,6,6,0,12
2022-06-24T15:07:54,6,6,0,12
2022-06-24T15:18:23,6,6,0,12
2022-06-24T15:28:52,6,6,0,12
2022-06-24T15:39:21,6,6,0,12
2022-06-24T15:49:50,6,6,0,12
2022-06-24T16:00:20,6,6,0,12
2022-06-24T16:10:48,6,6,0,12
2022-06-24T16:21:17,6,6,0,12
2022-06-24T16:31:46,6,6,0,12
2022-06-24T16:42:14,6,6,0,12
2022-06-24T16:52:42,6,6,0,12
2022-06-24T17:03:23,6,6,0,12
2022-06-24T17:13:51,6,6,0,12
2022-06-24T17:24:20,6,6,0,12
2022-06-24T17:34:47,6,6,0,12
2022-06-24T17:45:14,6,6,0,12
2022-06-24T17:55:42,6,6,0,12
2022-06-24T18:06:10,6,6,0,12
2022-06-24T18:16:38,6,6,0,12
2022-06-24T18:27:06,6,6,0,12
2022-06-24T18:37:33,6,6,0,12
2022-06-24T18:48:01,6,6,0,12
2022-06-24T18:58:28,6,6,0,12
2022-06-24T19:08:56,6,6,0,12
2022-06-24T19:19:24,6,6,0,12
2022-06-24T19:29:51,6,6,0,12
2022-06-24T19:40:30,6,6,0,12
2022-06-24T19:50:57,6,6,0,12
2022-06-24T20:01:25,6,6,0,12
2022-06-24T20:11:52,6,6,0,12
2022-06-24T20:22:20,6,6,0,12
2022-06-24T20:32:47,6,6,0,12
2022-06-24T20:43:15,6,6,0,12
2022-06-24T20:53:42,6,6,0,12
2022-06-24T21:04:09,6,6,0,12
2022-06-24T21:14:37,6,6,0,12
2022-06-24T21:25:04,6,6,0,12
2022-06-24T21:35:43,6,6,0,12
2022-06-24T21:46:12,6,6,0,12
2022-06-24T21:56:39,6,6,0,12
2022-06-24T22:07:07,6,6,0,12
2022-06-24T22:17:35,6,6,0,12
2022-06-24T22:28:02,6,6,0,12
2022-06-24T22:38:32,6,6,0,12
2022-06-24T22:49:02,6,6,0,12
2022-06-24T22:59:29,6,6,0,12
2022-06-24T23:09:59,6,6,0,12
2022-06-24T23:20:26,6,6,0,12
2022-06-24T23:31:06,6,6,0,12
2022-06-24T23:41:33,6,6,0,12
2022-06-24T23:52:00,6,6,0,12
2022-06-25T00:02:29,6,6,0,12
2022-06-25T00:13:06,6,6,0,12
2022-06-25T00:23:36,6,6,0,12
2022-06-25T00:34:05,6,6,0,12
2022-06-25T00:44:35,6,6,0,12
2022-06-25T00:55:05,6,6,0,12
2022-06-25T01:05:37,6,6,0,12
2022-06-25T01:16:07,6,6,0,12
2022-06-25T01:26:36,6,6,0,12
2022-06-25T01:37:05,6,6,0,12
2022-06-25T01:47:35,6,6,0,12
2022-06-25T01:58:15,6,6,0,12
2022-06-25T02:08:44,6,6,0,12
2022-06-25T02:19:12,6,6,0,12
2022-06-25T02:29:40,6,6,0,12
2022-06-25T02:40:10,6,6,0,12
2022-06-25T02:50:37,6,6,0,12
2022-06-25T03:01:04,6,6,0,12
2022-06-25T03:11:31,6,6,0,12
2022-06-25T03:21:58,6,6,0,12
2022-06-25T03:32:25,6,6,0,12
2022-06-25T03:42:53,6,6,0,12
2022-06-25T03:53:22,6,6,0,12
2022-06-25T04:03:51,6,6,0,12
2022-06-25T04:21:36,6,6,0,12
2022-06-25T04:32:30,6,6,0,12
2022-06-25T04:43:01,6,6,0,12
2022-06-25T04:53:32,6,6,0,12
2022-06-25T05:04:02,6,6,0,12
2022-06-25T05:14:34,6,6,0,12
2022-06-25T05:25:06,6,6,0,12
2022-06-25T05:35:36,6,6,0,12
2022-06-25T05:46:06,6,6,0,12
2022-06-25T05:56:35,6,6,0,12
2022-06-25T06:07:05,6,6,0,12
2022-06-25T06:17:35,6,6,0,12
2022-06-25T06:28:05,6,6,0,12
2022-06-25T06:38:35,6,6,0,12
2022-06-25T06:49:15,6,6,0,12
2022-06-25T06:59:48,6,6,0,12
2022-06-25T07:10:18,6,6,0,12
2022-06-25T07:20:48,6,6,0,12
2022-06-25T07:31:17,6,6,0,12
2022-06-25T07:41:46,6,6,0,12
2022-06-25T07:52:16,6,6,0,12
2022-06-25T08:02:48,6,6,0,12
2022-06-25T08:13:27,6,6,0,12
2022-06-25T08:23:56,6,6,0,12
2022-06-25T08:34:25,6,6,0,12
2022-06-25T08:44:54,6,6,0,12
2022-06-25T08:55:23,6,6,0,12
2022-06-25T09:05:52,6,6,0,12
2022-06-25T09:16:20,6,6,0,12
2022-06-25T09:26:49,6,6,0,12
2022-06-25T09:37:29,6,6,0,12
2022-06-25T09:47:58,6,6,0,12
2022-06-25T09:58:25,6,6,0,12
2022-06-25T10:08:53,6,6,0,12
2022-06-25T10:19:20,6,6,0,12
2022-06-25T10:29:49,6,6,0,12
2022-06-25T10:40:15,6,6,0,12
2022-06-25T10:50:43,6,6,0,12
2022-06-25T11:01:20,6,6,0,12
2022-06-25T11:11:47,6,6,0,12
2022-06-25T11:22:14,6,6,0,12
2022-06-25T11:32:41,6,6,0,12
2022-06-25T11:43:08,6,6,0,12
2022-06-25T11:53:36,6,6,0,12
2022-06-25T12:04:13,6,6,0,12
2022-06-25T12:14:40,6,6,0,12
2022-06-25T12:25:08,6,6,0,12
2022-06-25T12:35:35,6,6,0,12
2022-06-25T12:46:02,6,6,0,12
2022-06-25T12:56:29,6,6,0,12
2022-06-25T13:06:56,6,6,0,12
2022-06-25T13:17:24,6,6,0,12
2022-06-25T13:27:51,6,6,0,12
2022-06-25T13:38:19,6,6,0,12
2022-06-25T13:48:45,6,6,0,12
2022-06-25T13:59:13,6,6,0,12
2022-06-25T14:09:40,6,6,0,12
2022-06-25T14:20:17,6,6,0,12
2022-06-25T14:30:45,6,6,0,12
2022-06-25T14:41:11,6,6,0,12
2022-06-25T14:51:38,6,6,0,12
2022-06-25T15:02:06,6,6,0,12
2022-06-25T15:12:33,6,6,0,12
2022-06-25T15:23:02,6,6,0,12
2022-06-25T15:33:29,6,6,0,12
2022-06-25T15:43:56,6,6,0,12
2022-06-25T15:54:23,6,6,0,12
2022-06-25T16:04:50,6,6,0,12
2022-06-25T16:15:17,6,6,0,12
2022-06-25T16:25:45,6,6,0,12
2022-06-25T16:36:13,6,6,0,12
2022-06-25T16:46:40,6,6,0,12
2022-06-25T16:57:16,6,6,0,12
2022-06-25T17:07:44,6,6,0,12
2022-06-25T17:18:12,6,6,0,12
2022-06-25T17:28:39,6,6,0,12
2022-06-25T17:39:06,6,6,0,12
2022-06-25T17:49:34,6,6,0,12
2022-06-25T18:00:01,6,6,0,12
2022-06-25T18:10:30,6,6,0,12
2022-06-25T18:20:58,6,6,0,12
2022-06-25T18:31:25,6,6,0,12
2022-06-25T18:41:53,6,6,0,12
2022-06-25T18:52:20,6,6,0,12
2022-06-25T19:02:47,6,6,0,12
2022-06-25T19:13:14,6,6,0,12
2022-06-25T19:23:42,6,6,0,12
2022-06-25T19:34:09,6,6,0,12
2022-06-25T19:44:36,6,6,0,12
2022-06-25T19:55:14,6,6,0,12
2022-06-25T20:05:41,6,6,0,12
2022-06-25T20:16:09,6,6,0,12
2022-06-25T20:26:36,6,6,0,12
2022-06-25T20:37:03,6,6,0,12
2022-06-25T20:47:30,6,6,0,12
2022-06-25T20:57:57,6,6,0,12
2022-06-25T21:08:25,6,6,0,12
2022-06-25T21:18:52,6,6,0,12
2022-06-25T21:29:19,6,6,0,12
2022-06-25T21:39:46,6,6,0,12
2022-06-25T21:50:14,6,6,0,12
2022-06-25T22:00:42,6,6,0,12
2022-06-25T22:11:09,6,6,0,12
2022-06-25T22:21:36,6,6,0,12
2022-06-25T22:32:04,6,6,0,12
2022-06-25T22:42:32,6,6,0,12
2022-06-25T22:52:59,6,6,0,12
2022-06-25T23:03:27,6,6,0,12
2022-06-25T23:13:55,6,6,0,12
2022-06-25T23:24:33,6,6,0,12
2022-06-25T23:35:01,6,6,0,12
2022-06-25T23:45:28,6,6,0,12
2022-06-25T23:55:55,6,6,0,12
2022-06-26T00:06:23,6,6,0,12
2022-06-26T00:16:52,6,6,0,12
2022-06-26T00:27:21,6,6,0,12
2022-06-26T00:37:49,6,6,0,12
2022-06-26T00:48:16,6,6,0,12
2022-06-26T00:58:43,6,6,0,12
2022-06-26T01:09:21,6,6,0,12
2022-06-26T01:19:48,6,6,0,12
2022-06-26T01:30:15,6,6,0,12
2022-06-26T01:40:42,6,6,0,12
2022-06-26T01:51:09,6,6,0,12
2022-06-26T02:01:36,6,6,0,12
2022-06-26T02:12:03,6,6,0,12
2022-06-26T02:22:30,6,6,0,12
2022-06-26T02:33:03,6,6,0,12
2022-06-26T02:43:33,6,6,0,12
2022-06-26T02:54:04,6,6,0,12
2022-06-26T03:04:43,6,6,0,12
2022-06-26T03:15:24,6,6,0,12
2022-06-26T03:25:54,6,6,0,12
2022-06-26T03:36:24,6,6,0,12
2022-06-26T03:46:55,6,6,0,12
2022-06-26T03:57:25,6,6,0,12
2022-06-26T04:07:55,6,6,0,12
2022-06-26T04:34:33,6,6,0,12
2022-06-26T04:45:05,6,6,0,12
2022-06-26T04:55:35,6,6,0,12
2022-06-26T05:06:08,6,6,0,12
2022-06-26T05:16:39,6,6,0,12
2022-06-26T05:27:08,6,6,0,12
2022-06-26T05:37:37,6,6,0,12
2022-06-26T05:48:07,6,6,0,12
2022-06-26T05:58:36,6,6,0,12
2022-06-26T06:09:06,6,6,0,12
2022-06-26T06:19:40,6,6,0,12
2022-06-26T06:30:10,6,6,0,12
2022-06-26T06:40:39,6,6,0,12
2022-06-26T06:51:08,6,6,0,12
2022-06-26T07:01:38,6,6,0,12
2022-06-26T07:12:06,6,6,0,12
2022-06-26T07:22:39,6,6,0,12
2022-06-26T07:33:11,6,6,0,12
2022-06-26T07:43:44,6,6,0,12
2022-06-26T07:54:21,6,6,0,12
2022-06-26T08:04:56,6,6,0,12
2022-06-26T08:15:33,6,6,0,12
2022-06-26T08:26:22,6,6,0,12
2022-06-26T08:36:58,6,6,0,12
2022-06-26T08:47:32,6,6,0,12
2022-06-26T08:58:08,6,6,0,12
2022-06-26T09:08:40,6,6,0,12
2022-06-26T09:19:12,6,6,0,12
2022-06-26T09:29:49,6,6,0,12
2022-06-26T09:40:24,6,6,0,12
2022-06-26T09:51:00,6,6,0,12
2022-06-26T10:01:36,6,6,0,12
2022-06-26T10:12:13,6,6,0,12
2022-06-26T10:22:49,6,6,0,12
2022-06-26T10:33:26,6,6,0,12
2022-06-26T10:44:01,6,6,0,12
2022-06-26T10:54:33,6,6,0,12
2022-06-26T11:05:05,6,6,0,12
2022-06-26T11:15:46,6,6,0,12
2022-06-26T11:26:14,6,6,0,12
2022-06-26T11:36:41,6,6,0,12
2022-06-26T11:47:08,6,6,0,12
2022-06-26T11:57:35,6,6,0,12
2022-06-26T12:08:02,6,6,0,12
2022-06-26T12:18:30,6,6,0,12
2022-06-26T12:28:57,6,6,0,12
2022-06-26T12:39:25,6,6,0,12
2022-06-26T12:49:52,6,6,0,12
2022-06-26T13:00:19,6,6,0,12
2022-06-26T13:10:56,6,6,0,12
2022-06-26T13:21:23,6,6,0,12
2022-06-26T13:31:50,6,6,0,12
2022-06-26T13:42:17,6,6,0,12
2022-06-26T13:52:45,6,6,0,12
2022-06-26T14:03:12,6,6,0,12
2022-06-26T14:13:39,6,6,0,12
2022-06-26T14:24:06,6,6,0,12
2022-06-26T14:34:33,6,6,0,12
2022-06-26T14:45:00,6,6,0,12
2022-06-26T14:55:27,6,6,0,12
2022-06-26T15:05:56,6,6,0,12
2022-06-26T15:16:34,6,6,0,12
2022-06-26T15:27:01,6,6,0,12
2022-06-26T15:37:28,6,6,0,12
2022-06-26T15:47:55,6,6,0,12
2022-06-26T15:58:22,6,6,0,12
2022-06-26T16:08:49,6,6,0,12
2022-06-26T16:19:17,6,6,0,12
2022-06-26T16:29:45,6,6,0,12
2022-06-26T16:40:12,6,6,0,12
2022-06-26T16:50:40,6,6,0,12
2022-06-26T17:01:08,6,6,0,12
2022-06-26T17:11:35,6,6,0,12
2022-06-26T17:22:12,6,6,0,12
2022-06-26T17:32:40,6,6,0,12
2022-06-26T17:43:07,6,6,0,12
2022-06-26T17:53:35,6,6,0,12
2022-06-26T18:04:03,6,6,0,12
2022-06-26T18:14:30,6,6,0,12
2022-06-26T18:24:58,6,6,0,12
2022-06-26T18:35:25,6,6,0,12
2022-06-26T18:45:52,6,6,0,12
2022-06-26T18:56:20,6,6,0,12
2022-06-26T19:06:47,6,6,0,12
2022-06-26T19:17:25,6,6,0,12
2022-06-26T19:27:52,6,6,0,12
2022-06-26T19:38:19,6,6,0,12
2022-06-26T19:48:47,6,6,0,12
2022-06-26T19:59:14,6,6,0,12
2022-06-26T20:09:41,6,6,0,12
2022-06-26T20:20:09,6,6,0,12
2022-06-26T20:30:36,6,6,0,12
2022-06-26T20:41:03,6,6,0,12
2022-06-26T20:51:30,6,6,0,12
2022-06-26T21:02:09,6,6,0,12
2022-06-26T21:12:36,6,6,0,12
2022-06-26T21:23:04,6,6,0,12
2022-06-26T21:33:32,6,6,0,12
2022-06-26T21:43:59,6,6,0,12
2022-06-26T21:54:27,6,6,0,12
2022-06-26T22:04:55,6,6,0,12
2022-06-26T22:15:22,6,6,0,12
2022-06-26T22:26:01,6,6,0,12
2022-06-26T22:36:29,6,6,0,12
2022-06-26T22:46:57,6,6,0,12
2022-06-26T22:57:24,6,6,0,12
2022-06-26T23:07:53,6,6,0,12
2022-06-26T23:18:21,6,6,0,12
2022-06-26T23:28:50,6,6,0,12
2022-06-26T23:39:18,6,6,0,12
2022-06-26T23:49:46,6,6,0,12
2022-06-27T00:00:14,6,6,0,12
2022-06-27T00:10:44,6,6,0,12
2022-06-27T00:21:27,6,6,0,12
2022-06-27T00:31:56,6,6,0,12
2022-06-27T00:42:24,6,6,0,12
2022-06-27T00:52:53,6,6,0,12
2022-06-27T01:03:21,6,6,0,12
2022-06-27T01:13:49,6,6,0,12
2022-06-27T01:24:24,6,6,0,12
2022-06-27T01:34:56,6,6,0,12
2022-06-27T01:45:26,6,6,0,12
2022-06-27T01:55:56,6,6,0,12
2022-06-27T02:06:40,6,6,0,12
2022-06-27T02:17:11,6,6,0,12
2022-06-27T02:27:52,6,6,0,12
2022-06-27T02:38:21,6,6,0,12
2022-06-27T02:48:49,6,6,0,12
2022-06-27T02:59:17,6,6,0,12
2022-06-27T03:09:45,6,6,0,12
2022-06-27T03:20:13,6,6,0,12
2022-06-27T03:30:40,6,6,0,12
2022-06-27T03:41:10,6,6,0,12
2022-06-27T03:51:40,6,6,0,12
2022-06-27T04:02:09,6,6,0,12
2022-06-27T04:21:40,6,6,0,12
2022-06-27T04:33:35,6,6,0,12
2022-06-27T04:44:28,6,6,0,12
2022-06-27T04:54:59,6,6,0,12
2022-06-27T05:05:31,6,6,0,12
2022-06-27T05:16:02,6,6,0,12
2022-06-27T05:26:33,6,6,0,12
2022-06-27T05:37:03,6,6,0,12
2022-06-27T05:47:33,6,6,0,12
2022-06-27T05:58:03,6,6,0,12
2022-06-27T06:08:32,6,6,0,12
2022-06-27T06:19:01,6,6,0,12
2022-06-27T06:29:31,6,6,0,12
2022-06-27T06:39:59,6,6,0,12
2022-06-27T06:50:27,6,6,0,12
2022-06-27T07:00:55,6,6,0,12
2022-06-27T07:11:24,6,6,0,12
2022-06-27T07:21:52,6,6,0,12
2022-06-27T07:32:21,6,6,0,12
2022-06-27T07:42:51,6,6,0,12
2022-06-27T07:53:19,6,6,0,12
2022-06-27T08:04:05,6,6,0,12
2022-06-27T08:14:34,6,6,0,12
2022-06-27T08:25:04,6,6,0,12
2022-06-27T08:35:33,6,6,0,12
2022-06-27T08:46:02,6,6,0,12
2022-06-27T08:56:31,6,6,0,12
2022-06-27T09:07:01,6,6,0,12
2022-06-27T09:17:31,6,6,0,12
2022-06-27T09:28:13,6,6,0,12
2022-06-27T09:38:45,6,6,0,12
2022-06-27T09:49:16,6,6,0,12
2022-06-27T09:59:48,6,6,0,12
2022-06-27T10:10:20,6,6,0,12
2022-06-27T10:20:51,6,6,0,12
2022-06-27T10:31:25,6,6,0,12
2022-06-27T10:42:10,6,6,0,12
2022-06-27T10:52:42,6,6,0,12
2022-06-27T11:03:14,6,6,0,12
2022-06-27T11:13:46,6,6,0,12
2022-06-27T11:24:16,6,6,0,12
2022-06-27T11:34:58,6,6,0,12
2022-06-27T11:45:29,6,6,0,12
2022-06-27T11:55:59,6,6,0,12
2022-06-27T12:06:30,6,6,0,12
2022-06-27T12:17:00,6,6,0,12
2022-06-27T12:27:42,6,6,0,12
2022-06-27T12:38:12,6,6,0,12
2022-06-27T12:48:42,6,6,0,12
2022-06-27T12:59:12,6,6,0,12
2022-06-27T13:09:42,6,6,0,12
2022-06-27T13:20:12,6,6,0,12
2022-06-27T13:30:42,6,6,0,12
2022-06-27T13:41:31,6,6,0,12
2022-06-27T13:52:01,6,6,0,12
2022-06-27T14:02:32,6,6,0,12
2022-06-27T14:13:01,6,6,0,12
2022-06-27T14:23:31,6,6,0,12
2022-06-27T14:34:01,6,6,0,12
2022-06-27T14:44:32,6,6,0,12
2022-06-27T14:55:13,6,6,0,12
2022-06-27T15:05:43,6,6,0,12
2022-06-27T15:16:13,6,6,0,12
2022-06-27T15:26:42,6,6,0,12
2022-06-27T15:37:12,6,6,0,12
2022-06-27T15:47:42,6,6,0,12
2022-06-27T15:58:11,6,6,0,12
2022-06-27T16:08:40,6,6,0,12
2022-06-27T16:19:19,6,6,0,12
2022-06-27T16:29:49,6,6,0,12
2022-06-27T16:40:18,6,6,0,12
2022-06-27T16:50:46,6,6,0,12
2022-06-27T17:01:14,6,6,0,12
2022-06-27T17:11:45,6,6,0,12
2022-06-27T17:22:14,6,6,0,12
2022-06-27T17:32:42,6,6,0,12
2022-06-27T17:43:20,6,6,0,12
2022-06-27T17:53:47,6,6,0,12
2022-06-27T18:04:16,6,6,0,12
2022-06-27T18:14:45,6,6,0,12
2022-06-27T18:25:16,6,6,0,12
2022-06-27T18:35:48,6,6,0,12
2022-06-27T18:46:21,6,6,0,12
2022-06-27T18:56:55,6,6,0,12
2022-06-27T19:07:29,6,6,0,12
2022-06-27T19:18:23,6,6,0,12
2022-06-27T19:28:56,6,6,0,12
2022-06-27T19:39:30,6,6,0,12
2022-06-27T19:50:05,6,6,0,12
2022-06-27T20:00:43,6,6,0,12
2022-06-27T20:11:20,6,6,0,12
2022-06-27T20:21:56,6,6,0,12
2022-06-27T20:32:34,6,6,0,12
2022-06-27T20:43:11,6,6,0,12
2022-06-27T20:53:44,6,6,0,12
2022-06-27T21:04:24,6,6,0,12
2022-06-27T21:14:54,6,6,0,12
2022-06-27T21:25:23,6,6,0,12
2022-06-27T21:35:52,6,6,0,12
2022-06-27T21:46:20,6,6,0,12
2022-06-27T21:56:48,6,6,0,12
2022-06-27T22:07:15,6,6,0,12
2022-06-27T22:17:43,6,6,0,12
2022-06-27T22:28:11,6,6,0,12
2022-06-27T22:38:39,6,6,0,12
2022-06-27T22:49:19,6,6,0,12
2022-06-27T22:59:46,6,6,0,12
2022-06-27T23:10:15,6,6,0,12
2022-06-27T23:20:43,6,6,0,12
2022-06-27T23:31:11,6,6,0,12
2022-06-27T23:41:39,6,6,0,12
2022-06-27T23:52:06,6,6,0,12
2022-06-28T00:02:34,6,6,0,12
2022-06-28T00:13:05,6,6,0,12
2022-06-28T00:23:56,6,6,0,12
2022-06-28T00:34:26,6,6,0,12
2022-06-28T00:44:56,6,6,0,12
2022-06-28T00:55:26,6,6,0,12
2022-06-28T01:05:56,6,6,0,12
2022-06-28T01:16:25,6,6,0,12
2022-06-28T01:26:55,6,6,0,12
2022-06-28T01:37:25,6,6,0,12
2022-06-28T01:48:05,6,6,0,12
2022-06-28T01:58:34,6,6,0,12
2022-06-28T02:09:03,6,6,0,12
2022-06-28T02:19:32,6,6,0,12
2022-06-28T02:30:00,6,6,0,12
2022-06-28T02:40:27,6,6,0,12
2022-06-28T02:50:54,6,6,0,12
2022-06-28T03:01:21,6,6,0,12
2022-06-28T03:11:49,6,6,0,12
2022-06-28T03:22:16,6,6,0,12
2022-06-28T03:32:43,6,6,0,12
2022-06-28T03:43:13,6,6,0,12
2022-06-28T03:53:53,6,6,0,12
2022-06-28T04:04:24,6,6,0,12
2022-06-28T04:14:54,6,6,0,12
2022-06-28T04:29:44,6,6,0,12
2022-06-28T04:41:38,6,6,0,12
2022-06-28T04:52:11,6,6,0,12
2022-06-28T05:02:42,6,6,0,12
2022-06-28T05:13:12,6,6,0,12
2022-06-28T05:23:45,6,6,0,12
2022-06-28T05:34:15,6,6,0,12
2022-06-28T05:44:43,6,6,0,12
2022-06-28T05:55:12,6,6,0,12
2022-06-28T06:05:42,6,6,0,12
2022-06-28T06:16:12,6,6,0,12
2022-06-28T06:26:41,6,6,0,12
2022-06-28T06:37:10,6,6,0,12
2022-06-28T06:47:39,6,6,0,12
2022-06-28T06:58:09,6,6,0,12
2022-06-28T07:08:39,6,6,0,12
2022-06-28T07:19:08,6,6,0,12
2022-06-28T07:29:38,6,6,0,12
2022-06-28T07:40:17,6,6,0,12
2022-06-28T07:50:46,6,6,0,12
2022-06-28T08:01:16,6,6,0,12
2022-06-28T08:11:45,6,6,0,12
2022-06-28T08:22:15,6,6,0,12
2022-06-28T08:32:44,6,6,0,12
2022-06-28T08:43:14,6,6,0,12
2022-06-28T08:53:44,6,6,0,12
2022-06-28T09:04:14,6,6,0,12
2022-06-28T09:14:44,6,6,0,12
2022-06-28T09:25:14,6,6,0,12
2022-06-28T09:35:45,6,6,0,12
2022-06-28T09:46:25,6,6,0,12
2022-06-28T09:56:56,6,6,0,12
2022-06-28T10:07:26,6,6,0,12
2022-06-28T10:17:57,6,6,0,12
2022-06-28T10:28:32,6,6,0,12
2022-06-28T10:39:08,6,6,0,12
2022-06-28T10:49:41,6,6,0,12
2022-06-28T11:00:26,6,6,0,12
2022-06-28T11:11:00,6,6,0,12
2022-06-28T11:21:36,6,6,0,12
2022-06-28T11:32:13,6,6,0,12
2022-06-28T11:42:47,6,6,0,12
2022-06-28T11:53:23,6,6,0,12
2022-06-28T12:04:04,6,6,0,12
2022-06-28T12:15:08,6,6,0,12
2022-06-28T12:25:49,6,6,0,12
2022-06-28T12:36:31,6,6,0,12
2022-06-28T12:47:16,6,6,0,12
2022-06-28T12:57:56,6,6,0,12
2022-06-28T13:08:31,6,6,0,12
2022-06-28T13:19:07,6,6,0,12
2022-06-28T13:29:54,6,6,0,12
2022-06-28T13:40:28,6,6,0,12
2022-06-28T13:51:02,6,6,0,12
2022-06-28T14:01:33,6,6,0,12
2022-06-28T14:12:03,6,6,0,12
2022-06-28T14:22:34,6,6,0,12
2022-06-28T14:33:06,6,6,0,12
2022-06-28T14:43:46,6,6,0,12
2022-06-28T14:54:16,6,6,0,12
2022-06-28T15:04:46,6,6,0,12
2022-06-28T15:15:15,6,6,0,12
2022-06-28T15:25:45,6,6,0,12
2022-06-28T15:36:15,6,6,0,12
2022-06-28T15:46:45,6,6,0,12
2022-06-28T15:57:26,6,6,0,12
2022-06-28T16:07:56,6,6,0,12
2022-06-28T16:18:25,6,6,0,12
2022-06-28T16:28:54,6,6,0,12
2022-06-28T16:39:24,6,6,0,12
2022-06-28T16:50:15,6,6,0,12
2022-06-28T17:00:43,6,6,0,12
2022-06-28T17:11:13,6,6,0,12
2022-06-28T17:21:42,6,6,0,12
2022-06-28T17:32:11,6,6,0,12
2022-06-28T17:42:39,6,6,0,12
2022-06-28T17:53:07,6,6,0,12
2022-06-28T18:03:35,6,6,0,12
2022-06-28T18:14:15,6,6,0,12
2022-06-28T18:24:44,6,6,0,12
2022-06-28T18:35:12,6,6,0,12
2022-06-28T18:45:40,6,6,0,12
2022-06-28T18:56:09,6,6,0,12
2022-06-28T19:06:38,6,6,0,12
2022-06-28T19:17:17,6,6,0,12
2022-06-28T19:27:45,6,6,0,12
2022-06-28T19:38:13,6,6,0,12
2022-06-28T19:48:43,6,6,0,12
2022-06-28T19:59:11,6,6,0,12
2022-06-28T20:09:39,6,6,0,12
2022-06-28T20:20:08,6,6,0,12
2022-06-28T20:30:36,6,6,0,12
2022-06-28T20:41:04,6,6,0,12
2022-06-28T20:51:43,6,6,0,12
2022-06-28T21:02:11,6,6,0,12
2022-06-28T21:12:39,6,6,0,12
2022-06-28T21:23:07,6,6,0,12
2022-06-28T21:33:36,6,6,0,12
2022-06-28T21:44:04,6,6,0,12
2022-06-28T21:54:32,6,6,0,12
2022-06-28T22:05:00,6,6,0,12
2022-06-28T22:15:28,6,6,0,12
2022-06-28T22:25:56,6,6,0,12
2022-06-28T22:36:25,6,6,0,12
2022-06-28T22:47:04,6,6,0,12
2022-06-28T22:57:32,6,6,0,12
2022-06-28T23:08:01,6,6,0,12
2022-06-28T23:18:30,6,6,0,12
2022-06-28T23:28:58,6,6,0,12
2022-06-28T23:39:26,6,6,0,12
2022-06-28T23:49:54,6,6,0,12
2022-06-29T00:00:22,6,6,0,12
2022-06-29T00:10:52,6,6,0,12
2022-06-29T00:21:33,6,6,0,12
2022-06-29T00:32:02,6,6,0,12
2022-06-29T00:42:34,6,6,0,12
2022-06-29T00:53:05,6,6,0,12
2022-06-29T01:03:36,6,6,0,12
2022-06-29T01:14:06,6,6,0,12
2022-06-29T01:24:38,6,6,0,12
2022-06-29T01:35:08,6,6,0,12
2022-06-29T01:45:38,6,6,0,12
2022-06-29T01:56:18,6,6,0,12
2022-06-29T02:06:47,6,6,0,12
2022-06-29T02:17:17,6,6,0,12
2022-06-29T02:27:45,6,6,0,12
2022-06-29T02:38:13,6,6,0,12
2022-06-29T02:48:41,6,6,0,12
2022-06-29T02:59:09,6,6,0,12
2022-06-29T03:09:37,6,6,0,12
2022-06-29T03:20:15,6,6,0,12
2022-06-29T03:30:43,6,6,0,12
2022-06-29T03:41:11,6,6,0,12
2022-06-29T03:51:41,6,6,0,12
2022-06-29T04:02:10,6,6,0,12
2022-06-29T04:25:01,6,6,0,12
2022-06-29T04:35:55,6,6,0,12
2022-06-29T04:46:26,6,6,0,12
2022-06-29T04:56:58,6,6,0,12
2022-06-29T05:07:36,6,6,0,12
2022-06-29T05:18:07,6,6,0,12
2022-06-29T05:28:37,6,6,0,12
2022-06-29T05:40:54,6,6,0,12
2022-06-29T05:51:24,6,6,0,12
2022-06-29T06:01:54,6,6,0,12
2022-06-29T06:12:24,6,6,0,12
2022-06-29T06:22:55,6,6,0,12
2022-06-29T06:33:25,6,6,0,12
2022-06-29T06:43:55,6,6,0,12
2022-06-29T06:54:26,6,6,0,12
2022-06-29T07:05:06,6,6,0,12
2022-06-29T07:15:36,6,6,0,12
2022-06-29T07:26:06,6,6,0,12
2022-06-29T07:36:36,6,6,0,12
2022-06-29T07:47:06,6,6,0,12
2022-06-29T07:57:36,6,6,0,12
2022-06-29T08:08:08,6,6,0,12
2022-06-29T08:18:39,6,6,0,12
2022-06-29T08:29:10,6,6,0,12
2022-06-29T08:39:40,6,6,0,12
2022-06-29T08:50:10,6,6,0,12
2022-06-29T09:00:39,6,6,0,12
2022-06-29T09:11:09,6,6,0,12
2022-06-29T09:21:39,6,6,0,12
2022-06-29T09:32:09,6,6,0,12
2022-06-29T09:42:49,6,6,0,12
2022-06-29T09:53:20,6,6,0,12
2022-06-29T10:03:50,6,6,0,12
2022-06-29T10:14:22,6,6,0,12
2022-06-29T10:24:52,6,6,0,12
2022-06-29T10:35:22,6,6,0,12
2022-06-29T10:45:52,6,6,0,12
2022-06-29T10:56:23,6,6,0,12
2022-06-29T11:07:06,6,6,0,12
2022-06-29T11:17:36,6,6,0,12
2022-06-29T11:28:06,6,6,0,12
2022-06-29T11:38:36,6,6,0,12
2022-06-29T11:49:07,6,6,0,12
2022-06-29T11:59:38,6,6,0,12
2022-06-29T12:10:10,6,6,0,12
2022-06-29T12:20:39,6,6,0,12
2022-06-29T12:31:21,6,6,0,12
2022-06-29T12:41:50,6,6,0,12
2022-06-29T12:52:19,6,6,0,12
2022-06-29T13:02:48,6,6,0,12
2022-06-29T13:13:18,6,6,0,12
2022-06-29T13:23:48,6,6,0,12
2022-06-29T13:34:18,6,6,0,12
2022-06-29T13:44:48,6,6,0,12
2022-06-29T13:55:19,6,6,0,12
2022-06-29T14:05:49,6,6,0,12
2022-06-29T14:16:30,6,6,0,12
2022-06-29T14:27:00,6,6,0,12
2022-06-29T14:37:31,6,6,0,12
2022-06-29T14:48:01,6,6,0,12
2022-06-29T14:58:31,6,6,0,12
2022-06-29T15:09:02,6,6,0,12
2022-06-29T15:19:32,6,6,0,12
2022-06-29T15:30:14,6,6,0,12
2022-06-29T15:40:44,6,6,0,12
2022-06-29T15:51:14,6,6,0,12
2022-06-29T16:01:44,6,6,0,12
2022-06-29T16:12:16,6,6,0,12
2022-06-29T16:22:45,6,6,0,12
2022-06-29T16:33:15,6,6,0,12
2022-06-29T16:43:44,6,6,0,12
2022-06-29T16:54:13,6,6,0,12
2022-06-29T17:04:53,6,6,0,12
2022-06-29T17:15:23,6,6,0,12
2022-06-29T17:25:51,6,6,0,12
2022-06-29T17:36:20,6,6,0,12
2022-06-29T17:46:50,6,6,0,12
2022-06-29T17:57:19,6,6,0,12
2022-06-29T18:07:48,6,6,0,12
2022-06-29T18:18:18,6,6,0,12
2022-06-29T18:28:58,6,6,0,12
2022-06-29T18:39:27,6,6,0,12
2022-06-29T18:49:56,6,6,0,12
2022-06-29T19:00:24,6,6,0,12
2022-06-29T19:10:53,6,6,0,12
2022-06-29T19:21:22,6,6,0,12
2022-06-29T19:31:51,6,6,0,12
2022-06-29T19:42:20,6,6,0,12
2022-06-29T19:52:49,6,6,0,12
2022-06-29T20:03:27,6,6,0,12
2022-06-29T20:13:56,6,6,0,12
2022-06-29T20:24:26,6,6,0,12
2022-06-29T20:34:55,6,6,0,12
2022-06-29T20:45:23,6,6,0,12
2022-06-29T20:55:52,6,6,0,12
2022-06-29T21:06:21,6,6,0,12
2022-06-29T21:16:49,6,6,0,12
2022-06-29T21:27:28,6,6,0,12
2022-06-29T21:37:57,6,6,0,12
2022-06-29T21:48:26,6,6,0,12
2022-06-29T21:58:55,6,6,0,12
2022-06-29T22:09:24,6,6,0,12
2022-06-29T22:19:52,6,6,0,12
2022-06-29T22:30:21,6,6,0,12
2022-06-29T22:40:50,6,6,0,12
2022-06-29T22:51:19,6,6,0,12
2022-06-29T23:01:59,6,6,0,12
2022-06-29T23:12:29,6,6,0,12
2022-06-29T23:22:58,6,6,0,12
2022-06-29T23:33:27,6,6,0,12
2022-06-29T23:43:55,6,6,0,12
2022-06-29T23:54:24,6,6,0,12
2022-06-30T00:04:54,6,6,0,12
2022-06-30T00:15:24,6,6,0,12
2022-06-30T00:25:55,6,6,0,12
2022-06-30T00:36:25,6,6,0,12
2022-06-30T00:46:57,6,6,0,12
2022-06-30T00:57:28,6,6,0,12
2022-06-30T01:07:59,6,6,0,12
2022-06-30T01:18:40,6,6,0,12
2022-06-30T01:29:10,6,6,0,12
2022-06-30T01:39:40,6,6,0,12
2022-06-30T01:50:10,6,6,0,12
2022-06-30T02:00:41,6,6,0,12
2022-06-30T02:11:10,6,6,0,12
2022-06-30T02:21:49,6,6,0,12
2022-06-30T02:32:18,6,6,0,12
2022-06-30T02:42:46,6,6,0,12
2022-06-30T02:53:13,6,6,0,12
2022-06-30T03:03:41,6,6,0,12
2022-06-30T03:14:10,6,6,0,12
2022-06-30T03:24:38,6,6,0,12
2022-06-30T03:35:06,6,6,0,12
2022-06-30T03:45:37,6,6,0,12
2022-06-30T03:56:08,6,6,0,12
2022-06-30T04:08:58,6,6,0,12
2022-06-30T04:29:53,6,6,0,12
2022-06-30T04:40:25,6,6,0,12
2022-06-30T04:50:56,6,6,0,12
2022-06-30T05:01:28,6,6,0,12
2022-06-30T05:12:01,6,6,0,12
2022-06-30T05:22:32,6,6,0,12
2022-06-30T05:33:02,6,6,0,12
2022-06-30T05:43:33,6,6,0,12
2022-06-30T05:54:09,6,6,0,12
2022-06-30T06:04:39,6,6,0,12
2022-06-30T06:15:10,6,6,0,12
2022-06-30T06:25:41,6,6,0,12
2022-06-30T06:36:12,6,6,0,12
2022-06-30T06:46:50,6,6,0,12
2022-06-30T06:57:29,6,6,0,12
2022-06-30T07:08:13,6,6,0,12
2022-06-30T07:18:53,6,6,0,12
2022-06-30T07:29:38,6,6,0,12
2022-06-30T07:40:23,6,6,0,12
2022-06-30T07:51:04,6,6,0,12
2022-06-30T08:01:48,6,6,0,12
2022-06-30T08:12:32,6,6,0,12
2022-06-30T08:23:10,6,6,0,12
2022-06-30T08:33:42,6,6,0,12
2022-06-30T08:44:14,6,6,0,12
2022-06-30T08:54:52,6,6,0,12
2022-06-30T09:05:31,6,6,0,12
2022-06-30T09:16:10,6,6,0,12
2022-06-30T09:26:49,6,6,0,12
2022-06-30T09:37:40,6,6,0,12
2022-06-30T09:48:19,6,6,0,12
2022-06-30T09:58:57,6,6,0,12
2022-06-30T10:09:36,6,6,0,12
2022-06-30T10:20:13,6,6,0,12
2022-06-30T10:30:47,6,6,0,12
2022-06-30T10:41:22,6,6,0,12
2022-06-30T10:51:53,6,6,0,12
2022-06-30T11:02:24,6,6,0,12
2022-06-30T11:13:06,6,6,0,12
2022-06-30T11:23:37,6,6,0,12
2022-06-30T11:34:07,6,6,0,12
2022-06-30T11:44:37,6,6,0,12
2022-06-30T11:55:07,6,6,0,12
2022-06-30T12:05:38,6,6,0,12
2022-06-30T12:16:10,6,6,0,12
2022-06-30T12:26:51,6,6,0,12
2022-06-30T12:37:22,6,6,0,12
2022-06-30T12:47:52,6,6,0,12
2022-06-30T12:58:23,6,6,0,12
2022-06-30T13:08:54,6,6,0,12
2022-06-30T13:19:25,6,6,0,12
2022-06-30T13:29:56,6,6,0,12
2022-06-30T13:40:26,6,6,0,12
2022-06-30T13:51:08,6,6,0,12
2022-06-30T14:01:40,6,6,0,12
2022-06-30T14:12:12,6,6,0,12
2022-06-30T14:22:43,6,6,0,12
2022-06-30T14:33:14,6,6,0,12
2022-06-30T14:43:45,6,6,0,12
2022-06-30T14:54:16,6,6,0,12
2022-06-30T15:04:48,6,6,0,12
2022-06-30T15:15:19,6,6,0,12
2022-06-30T15:26:00,6,6,0,12
2022-06-30T15:36:31,6,6,0,12
2022-06-30T15:47:02,6,6,0,12
2022-06-30T15:57:32,6,6,0,12
2022-06-30T16:08:03,6,6,0,12
2022-06-30T16:18:33,6,6,0,12
2022-06-30T16:29:04,6,6,0,12
2022-06-30T16:39:34,6,6,0,12
2022-06-30T16:50:16,6,6,0,12
2022-06-30T17:00:45,6,6,0,12
2022-06-30T17:11:16,6,6,0,12
2022-06-30T17:21:46,6,6,0,12
2022-06-30T17:32:15,6,6,0,12
2022-06-30T17:42:45,6,6,0,12
2022-06-30T17:53:15,6,6,0,12
2022-06-30T18:03:45,6,6,0,12
2022-06-30T18:14:15,6,6,0,12
2022-06-30T18:24:44,6,6,0,12
2022-06-30T18:35:14,6,6,0,12
2022-06-30T18:45:55,6,6,0,12
2022-06-30T18:56:24,6,6,0,12
2022-06-30T19:06:54,6,6,0,12
2022-06-30T19:17:23,6,6,0,12
2022-06-30T19:27:52,6,6,0,12
2022-06-30T19:38:22,6,6,0,12
2022-06-30T19:48:50,6,6,0,12
2022-06-30T19:59:20,6,6,0,12
2022-06-30T20:09:49,6,6,0,12
2022-06-30T20:20:18,6,6,0,12
2022-06-30T20:30:48,6,6,0,12
2022-06-30T20:41:19,6,6,0,12
2022-06-30T20:51:48,6,6,0,12
2022-06-30T21:02:30,6,6,0,12
2022-06-30T21:13:00,6,6,0,12
2022-06-30T21:23:28,6,6,0,12
2022-06-30T21:33:58,6,6,0,12
2022-06-30T21:44:27,6,6,0,12
2022-06-30T21:54:57,6,6,0,12
2022-06-30T22:05:26,6,6,0,12
2022-06-30T22:15:55,6,6,0,12
2022-06-30T22:26:24,6,6,0,12
2022-06-30T22:36:54,6,6,0,12
2022-06-30T22:47:24,6,6,0,12
2022-06-30T22:58:03,6,6,0,12
2022-06-30T23:08:33,6,6,0,12
2022-06-30T23:19:03,6,6,0,12
2022-06-30T23:29:33,6,6,0,12
2022-06-30T23:40:02,6,6,0,12
2022-06-30T23:50:32,6,6,0,12
2022-07-01T00:01:01,6,6,0,12
2022-07-01T00:11:33,6,6,0,12
2022-07-01T00:22:11,6,6,0,12
2022-07-01T00:32:42,6,6,0,12
2022-07-01T00:43:25,6,6,0,12
2022-07-01T00:53:57,6,6,0,12
2022-07-01T01:04:29,6,6,0,12
2022-07-01T01:15:01,6,6,0,12
2022-07-01T01:25:33,6,6,0,12
2022-07-01T01:36:06,6,6,0,12
2022-07-01T01:46:37,6,6,0,12
2022-07-01T01:57:10,6,6,0,12
2022-07-01T02:07:43,6,6,0,12
2022-07-01T02:18:14,6,6,0,12
2022-07-01T02:28:56,6,6,0,12
2022-07-01T02:39:27,6,6,0,12
2022-07-01T02:49:57,6,6,0,12
2022-07-01T03:00:26,6,6,0,12
2022-07-01T03:10:56,6,6,0,12
2022-07-01T03:21:25,6,6,0,12
2022-07-01T03:31:55,6,6,0,12
2022-07-01T03:42:26,6,6,0,12
2022-07-01T03:52:58,6,6,0,12
2022-07-01T04:03:29,6,6,0,12
2022-07-01T04:19:06,6,6,0,12
2022-07-01T04:30:48,6,6,0,12
2022-07-01T04:41:37,6,6,0,12
2022-07-01T04:52:11,6,6,0,12
2022-07-01T05:02:44,6,6,0,12
2022-07-01T05:13:17,6,6,0,12
2022-07-01T05:23:49,6,6,0,12
2022-07-01T05:34:21,6,6,0,12
2022-07-01T05:44:53,6,6,0,12
2022-07-01T05:55:23,6,6,0,12
2022-07-01T06:05:56,6,6,0,12
2022-07-01T06:16:25,6,6,0,12
2022-07-01T06:26:54,6,6,0,12
2022-07-01T06:37:23,6,6,0,12
2022-07-01T06:47:52,6,6,0,12
2022-07-01T06:58:22,6,6,0,12
2022-07-01T07:08:52,6,6,0,12
2022-07-01T07:19:22,6,6,0,12
2022-07-01T07:29:52,6,6,0,12
2022-07-01T07:40:22,6,6,0,12
2022-07-01T07:50:51,6,6,0,12
2022-07-01T08:01:31,6,6,0,12
2022-07-01T08:12:01,6,6,0,12
2022-07-01T08:22:32,6,6,0,12
2022-07-01T08:33:03,6,6,0,12
2022-07-01T08:43:33,6,6,0,12
2022-07-01T08:54:04,6,6,0,12
2022-07-01T09:04:35,6,6,0,12
2022-07-01T09:15:05,6,6,0,12
2022-07-01T09:25:37,6,6,0,12
2022-07-01T09:36:09,6,6,0,12
2022-07-01T09:46:40,6,6,0,12
2022-07-01T09:57:11,6,6,0,12
2022-07-01T10:07:42,6,6,0,12
2022-07-01T10:18:23,6,6,0,12
2022-07-01T10:28:54,6,6,0,12
2022-07-01T10:39:25,6,6,0,12
2022-07-01T10:49:56,6,6,0,12
2022-07-01T11:00:26,6,6,0,12
2022-07-01T11:10:57,6,6,0,12
2022-07-01T11:21:29,6,6,0,12
2022-07-01T11:32:00,6,6,0,12
2022-07-01T11:42:31,6,6,0,12
2022-07-01T11:53:02,6,6,0,12
2022-07-01T12:03:33,6,6,0,12
2022-07-01T12:14:15,6,6,0,12
2022-07-01T12:24:45,6,6,0,12
2022-07-01T12:35:16,6,6,0,12
2022-07-01T12:45:46,6,6,0,12
2022-07-01T12:56:16,6,6,0,12
2022-07-01T13:06:47,6,6,0,12
2022-07-01T13:17:17,6,6,0,12
2022-07-01T13:27:48,6,6,0,12
2022-07-01T13:38:19,6,6,0,12
2022-07-01T13:49:01,6,6,0,12
2022-07-01T13:59:32,6,6,0,12
2022-07-01T14:10:03,6,6,0,12
2022-07-01T14:20:34,6,6,0,12
2022-07-01T14:31:05,6,6,0,12
2022-07-01T14:41:36,6,6,0,12
2022-07-01T14:52:07,6,6,0,12
2022-07-01T15:02:38,6,6,0,12
2022-07-01T15:13:09,6,6,0,12
2022-07-01T15:23:39,6,6,0,12
2022-07-01T15:34:09,6,6,0,12
2022-07-01T15:44:50,6,6,0,12
2022-07-01T15:55:22,6,6,0,12
2022-07-01T16:05:53,6,6,0,12
2022-07-01T16:16:23,6,6,0,12
2022-07-01T16:26:53,6,6,0,12
2022-07-01T16:37:23,6,6,0,12
2022-07-01T16:47:52,6,6,0,12
2022-07-01T16:58:22,6,6,0,12
2022-07-01T17:08:52,6,6,0,12
2022-07-01T17:19:22,6,6,0,12
2022-07-01T17:29:52,6,6,0,12
2022-07-01T17:40:21,6,6,0,12
2022-07-01T17:51:01,6,6,0,12
2022-07-01T18:01:30,6,6,0,12
2022-07-01T18:12:00,6,6,0,12
2022-07-01T18:22:29,6,6,0,12
2022-07-01T18:32:59,6,6,0,12
2022-07-01T18:43:28,6,6,0,12
2022-07-01T18:53:58,6,6,0,12
2022-07-01T19:04:26,6,6,0,12
2022-07-01T19:14:56,6,6,0,12
2022-07-01T19:25:25,6,6,0,12
2022-07-01T19:35:55,6,6,0,12
2022-07-01T19:46:26,6,6,0,12
2022-07-01T19:56:55,6,6,0,12
2022-07-01T20:07:35,6,6,0,12
2022-07-01T20:18:04,6,6,0,12
2022-07-01T20:28:33,6,6,0,12
2022-07-01T20:39:02,6,6,0,12
2022-07-01T20:49:31,6,6,0,12
2022-07-01T21:00:00,6,6,0,12
2022-07-01T21:10:29,6,6,0,12
2022-07-01T21:20:58,6,6,0,12
2022-07-01T21:31:27,6,6,0,12
2022-07-01T21:41:57,6,6,0,12
2022-07-01T21:52:26,6,6,0,12
2022-07-01T22:03:05,6,6,0,12
2022-07-01T22:13:34,6,6,0,12
2022-07-01T22:24:04,6,6,0,12
2022-07-01T22:34:33,6,6,0,12
2022-07-01T22:45:02,6,6,0,12
2022-07-01T22:55:31,6,6,0,12
2022-07-01T23:06:01,6,6,0,12
2022-07-01T23:16:33,6,6,0,12
2022-07-01T23:27:02,6,6,0,12
2022-07-01T23:37:31,6,6,0,12
2022-07-01T23:48:00,6,6,0,12
2022-07-01T23:58:29,6,6,0,12
2022-07-02T00:08:59,6,6,0,12
2022-07-02T00:19:43,6,6,0,12
2022-07-02T00:30:14,6,6,0,12
2022-07-02T00:40:45,6,6,0,12
2022-07-02T00:51:18,6,6,0,12
2022-07-02T01:01:51,6,6,0,12
2022-07-02T01:12:23,6,6,0,12
2022-07-02T01:22:55,6,6,0,12
2022-07-02T01:33:28,6,6,0,12
2022-07-02T01:50:03,6,6,0,12
2022-07-02T02:10:38,6,6,0,12
2022-07-02T02:24:34,6,6,0,12
2022-07-02T02:35:04,6,6,0,12
2022-07-02T02:45:34,6,6,0,12
2022-07-02T02:56:04,6,6,0,12
2022-07-02T03:06:34,6,6,0,12
2022-07-02T03:17:03,6,6,0,12
2022-07-02T03:27:31,6,6,0,12
2022-07-02T03:38:12,6,6,0,12
2022-07-02T03:48:42,6,6,0,12
2022-07-02T03:59:13,6,6,0,12
2022-07-02T04:09:44,6,6,0,12
2022-07-02T04:26:09,6,6,0,12
2022-07-02T04:36:57,6,6,0,12
2022-07-02T04:47:30,6,6,0,12
2022-07-02T04:58:02,6,6,0,12
2022-07-02T05:08:32,6,6,0,12
2022-07-02T05:19:04,6,6,0,12
2022-07-02T05:29:37,6,6,0,12
2022-07-02T05:40:08,6,6,0,12
2022-07-02T05:50:38,6,6,0,12
2022-07-02T06:01:08,6,6,0,12
2022-07-02T06:11:39,6,6,0,12
2022-07-02T06:22:10,6,6,0,12
2022-07-02T06:32:40,6,6,0,12
2022-07-02T06:43:10,6,6,0,12
2022-07-02T06:53:41,6,6,0,12
2022-07-02T07:04:12,6,6,0,12
2022-07-02T07:14:44,6,6,0,12
2022-07-02T07:25:15,6,6,0,12
2022-07-02T07:35:47,6,6,0,12
2022-07-02T07:46:27,6,6,0,12
2022-07-02T07:56:58,6,6,0,12
2022-07-02T08:07:29,6,6,0,12
2022-07-02T08:18:00,6,6,0,12
2022-07-02T08:28:30,6,6,0,12
2022-07-02T08:39:01,6,6,0,12
2022-07-02T08:49:31,6,6,0,12
2022-07-02T09:00:02,6,6,0,12
2022-07-02T09:10:31,6,6,0,12
2022-07-02T09:21:00,6,6,0,12
2022-07-02T09:31:35,6,6,0,12
2022-07-02T09:42:05,6,6,0,12
2022-07-02T09:52:49,6,6,0,12
2022-07-02T10:03:19,6,6,0,12
2022-07-02T10:13:50,6,6,0,12
2022-07-02T10:24:20,6,6,0,12
2022-07-02T10:34:50,6,6,0,12
2022-07-02T10:45:20,6,6,0,12
2022-07-02T10:55:50,6,6,0,12
2022-07-02T11:06:19,6,6,0,12
2022-07-02T11:16:50,6,6,0,12
2022-07-02T11:27:31,6,6,0,12
2022-07-02T11:38:04,6,6,0,12
2022-07-02T11:48:35,6,6,0,12
2022-07-02T11:59:05,6,6,0,12
2022-07-02T12:09:35,6,6,0,12
2022-07-02T12:20:07,6,6,0,12
2022-07-02T12:30:37,6,6,0,12
2022-07-02T12:41:08,6,6,0,12
2022-07-02T12:51:39,6,6,0,12
2022-07-02T13:02:09,6,6,0,12
2022-07-02T13:12:40,6,6,0,12
2022-07-02T13:23:10,6,6,0,12
2022-07-02T13:33:40,6,6,0,12
2022-07-02T13:44:10,6,6,0,12
2022-07-02T13:54:41,6,6,0,12
2022-07-02T14:05:12,6,6,0,12
2022-07-02T14:15:42,6,6,0,12
2022-07-02T14:26:24,6,6,0,12
2022-07-02T14:36:53,6,6,0,12
2022-07-02T14:47:22,6,6,0,12
2022-07-02T14:57:50,6,6,0,12
2022-07-02T15:08:19,6,6,0,12
2022-07-02T15:18:48,6,6,0,12
2022-07-02T15:29:17,6,6,0,12
2022-07-02T15:39:46,6,6,0,12
2022-07-02T15:50:15,6,6,0,12
2022-07-02T16:00:43,6,6,0,12
2022-07-02T16:11:23,6,6,0,12
2022-07-02T16:21:52,6,6,0,12
2022-07-02T16:32:21,6,6,0,12
2022-07-02T16:42:49,6,6,0,12
2022-07-02T16:53:18,6,6,0,12
2022-07-02T17:03:47,6,6,0,12
2022-07-02T17:14:17,6,6,0,12
2022-07-02T17:24:46,6,6,0,12
2022-07-02T17:35:15,6,6,0,12
2022-07-02T17:45:44,6,6,0,12
2022-07-02T17:56:13,6,6,0,12
2022-07-02T18:06:43,6,6,0,12
2022-07-02T18:17:12,6,6,0,12
2022-07-02T18:27:41,6,6,0,12
2022-07-02T18:38:09,6,6,0,12
2022-07-02T18:48:38,6,6,0,12
2022-07-02T18:59:07,6,6,0,12
2022-07-02T19:09:47,6,6,0,12
2022-07-02T19:20:16,6,6,0,12
2022-07-02T19:30:45,6,6,0,12
2022-07-02T19:41:16,6,6,0,12
2022-07-02T19:51:46,6,6,0,12
2022-07-02T20:02:16,6,6,0,12
2022-07-02T20:12:47,6,6,0,12
2022-07-02T20:23:18,6,6,0,12
2022-07-02T20:33:48,6,6,0,12
2022-07-02T20:44:19,6,6,0,12
2022-07-02T20:54:50,6,6,0,12
2022-07-02T21:05:20,6,6,0,12
2022-07-02T21:15:50,6,6,0,12
2022-07-02T21:26:20,6,6,0,12
2022-07-02T21:36:51,6,6,0,12
2022-07-02T21:47:30,6,6,0,12
2022-07-02T21:57:59,6,6,0,12
2022-07-02T22:08:28,6,6,0,12
2022-07-02T22:18:57,6,6,0,12
2022-07-02T22:29:27,6,6,0,12
2022-07-02T22:39:57,6,6,0,12
2022-07-02T22:50:27,6,6,0,12
2022-07-02T23:00:56,6,6,0,12
2022-07-02T23:11:26,6,6,0,12
2022-07-02T23:21:56,6,6,0,12
2022-07-02T23:32:25,6,6,0,12
2022-07-02T23:42:56,6,6,0,12
2022-07-02T23:53:25,6,6,0,12
2022-07-03T00:03:55,6,6,0,12
2022-07-03T00:14:25,6,6,0,12
2022-07-03T00:24:56,6,6,0,12
2022-07-03T00:35:27,6,6,0,12
2022-07-03T00:45:58,6,6,0,12
2022-07-03T00:56:29,6,6,0,12
2022-07-03T01:07:10,6,6,0,12
2022-07-03T01:17:40,6,6,0,12
2022-07-03T01:28:10,6,6,0,12
2022-07-03T01:38:41,6,6,0,12
2022-07-03T01:49:11,6,6,0,12
2022-07-03T01:59:43,6,6,0,12
2022-07-03T02:10:14,6,6,0,12
2022-07-03T02:20:44,6,6,0,12
2022-07-03T02:31:15,6,6,0,12
2022-07-03T02:41:46,6,6,0,12
2022-07-03T02:52:18,6,6,0,12
2022-07-03T03:02:50,6,6,0,12
2022-07-03T03:13:30,6,6,0,12
2022-07-03T03:24:00,6,6,0,12
2022-07-03T03:34:31,6,6,0,12
2022-07-03T03:45:02,6,6,0,12
2022-07-03T03:55:32,6,6,0,12
2022-07-03T04:06:04,6,6,0,12
2022-07-03T04:26:53,6,6,0,12
2022-07-03T04:37:45,6,6,0,12
2022-07-03T04:48:19,6,6,0,12
2022-07-03T04:58:50,6,6,0,12
2022-07-03T05:09:23,6,6,0,12
2022-07-03T05:19:54,6,6,0,12
2022-07-03T05:30:25,6,6,0,12
2022-07-03T05:40:54,6,6,0,12
2022-07-03T05:51:23,6,6,0,12
2022-07-03T06:01:54,6,6,0,12
2022-07-03T06:12:24,6,6,0,12
2022-07-03T06:22:55,6,6,0,12
2022-07-03T06:33:25,6,6,0,12
2022-07-03T06:43:54,6,6,0,12
2022-07-03T06:54:23,6,6,0,12
2022-07-03T07:04:52,6,6,0,12
2022-07-03T07:15:22,6,6,0,12
2022-07-03T07:25:51,6,6,0,12
2022-07-03T07:36:23,6,6,0,12
2022-07-03T07:46:53,6,6,0,12
2022-07-03T07:57:22,6,6,0,12
2022-07-03T08:07:51,6,6,0,12
2022-07-03T08:18:21,6,6,0,12
2022-07-03T08:28:51,6,6,0,12
2022-07-03T08:39:22,6,6,0,12
2022-07-03T08:49:51,6,6,0,12
2022-07-03T09:00:20,6,6,0,12
2022-07-03T09:10:49,6,6,0,12
2022-07-03T09:21:26,6,6,0,12
2022-07-03T09:31:56,6,6,0,12
2022-07-03T09:42:25,6,6,0,12
2022-07-03T09:52:54,6,6,0,12
2022-07-03T10:03:23,6,6,0,12
2022-07-03T10:13:53,6,6,0,12
2022-07-03T10:24:22,6,6,0,12
2022-07-03T10:34:51,6,6,0,12
2022-07-03T10:45:20,6,6,0,12
2022-07-03T10:55:49,6,6,0,12
2022-07-03T11:06:18,6,6,0,12
2022-07-03T11:16:47,6,6,0,12
2022-07-03T11:27:16,6,6,0,12
2022-07-03T11:37:46,6,6,0,12
2022-07-03T11:48:16,6,6,0,12
2022-07-03T11:58:46,6,6,0,12
2022-07-03T12:09:27,6,6,0,12
2022-07-03T12:19:57,6,6,0,12
2022-07-03T12:30:26,6,6,0,12
2022-07-03T12:40:56,6,6,0,12
2022-07-03T12:51:26,6,6,0,12
2022-07-03T13:01:56,6,6,0,12
2022-07-03T13:12:30,6,6,0,12
2022-07-03T13:23:00,6,6,0,12
2022-07-03T13:33:30,6,6,0,12
2022-07-03T13:44:00,6,6,0,12
2022-07-03T13:54:29,6,6,0,12
2022-07-03T14:04:59,6,6,0,12
2022-07-03T14:15:38,6,6,0,12
2022-07-03T14:26:07,6,6,0,12
2022-07-03T14:36:36,6,6,0,12
2022-07-03T14:47:06,6,6,0,12
2022-07-03T14:57:35,6,6,0,12
2022-07-03T15:08:04,6,6,0,12
2022-07-03T15:18:33,6,6,0,12
2022-07-03T15:29:03,6,6,0,12
2022-07-03T15:39:32,6,6,0,12
2022-07-03T15:50:01,6,6,0,12
2022-07-03T16:00:30,6,6,0,12
2022-07-03T16:10:59,6,6,0,12
2022-07-03T16:21:28,6,6,0,12
2022-07-03T16:32:07,6,6,0,12
2022-07-03T16:42:36,6,6,0,12
2022-07-03T16:53:05,6,6,0,12
2022-07-03T17:03:33,6,6,0,12
2022-07-03T17:16:16,6,6,0,12
2022-07-03T17:26:44,6,6,0,12
2022-07-03T17:37:13,6,6,0,12
2022-07-03T17:47:42,6,6,0,12
2022-07-03T17:58:11,6,6,0,12
2022-07-03T18:08:40,6,6,0,12
2022-07-03T18:19:09,6,6,0,12
2022-07-03T18:29:38,6,6,0,12
2022-07-03T18:40:07,6,6,0,12
2022-07-03T18:50:36,6,6,0,12
2022-07-03T19:01:14,6,6,0,12
2022-07-03T19:11:45,6,6,0,12
2022-07-03T19:22:15,6,6,0,12
2022-07-03T19:32:45,6,6,0,12
2022-07-03T19:43:17,6,6,0,12
2022-07-03T19:53:55,6,6,0,12
2022-07-03T20:04:25,6,6,0,12
2022-07-03T20:14:53,6,6,0,12
2022-07-03T20:25:22,6,6,0,12
2022-07-03T20:35:51,6,6,0,12
2022-07-03T20:46:19,6,6,0,12
2022-07-03T20:56:48,6,6,0,12
2022-07-03T21:07:17,6,6,0,12
2022-07-03T21:17:46,6,6,0,12
2022-07-03T21:28:15,6,6,0,12
2022-07-03T21:38:44,6,6,0,12
2022-07-03T21:49:14,6,6,0,12
2022-07-03T21:59:53,6,6,0,12
2022-07-03T22:10:22,6,6,0,12
2022-07-03T22:20:51,6,6,0,12
2022-07-03T22:31:21,6,6,0,12
2022-07-03T22:41:50,6,6,0,12
2022-07-03T22:52:19,6,6,0,12
2022-07-03T23:02:49,6,6,0,12
2022-07-03T23:13:19,6,6,0,12
2022-07-03T23:23:49,6,6,0,12
2022-07-03T23:34:19,6,6,0,12
2022-07-03T23:44:49,6,6,0,12
2022-07-03T23:55:18,6,6,0,12
2022-07-04T00:05:48,6,6,0,12
2022-07-04T00:16:22,6,6,0,12
2022-07-04T00:26:56,6,6,0,12
2022-07-04T00:37:38,6,6,0,12
2022-07-04T00:48:08,6,6,0,12
2022-07-04T00:58:38,6,6,0,12
2022-07-04T01:09:10,6,6,0,12
2022-07-04T01:19:43,6,6,0,12
2022-07-04T01:30:16,6,6,0,12
2022-07-04T01:40:47,6,6,0,12
2022-07-04T01:51:16,6,6,0,12
2022-07-04T02:01:48,6,6,0,12
2022-07-04T02:12:20,6,6,0,12
2022-07-04T02:22:50,6,6,0,12
2022-07-04T02:33:21,6,6,0,12
2022-07-04T02:43:52,6,6,0,12
2022-07-04T02:54:30,6,6,0,12
2022-07-04T03:04:59,6,6,0,12
2022-07-04T03:15:29,6,6,0,12
2022-07-04T03:26:00,6,6,0,12
2022-07-04T03:36:32,6,6,0,12
2022-07-04T03:47:04,6,6,0,12
2022-07-04T03:57:35,6,6,0,12
2022-07-04T04:08:06,6,6,0,12
2022-07-04T04:35:20,6,6,0,12
2022-07-04T04:45:52,6,6,0,12
2022-07-04T04:56:23,6,6,0,12
2022-07-04T05:06:58,6,6,0,12
2022-07-04T05:17:30,6,6,0,12
2022-07-04T05:28:03,6,6,0,12
2022-07-04T05:38:34,6,6,0,12
2022-07-04T05:49:05,6,6,0,12
2022-07-04T05:59:35,6,6,0,12
2022-07-04T06:10:07,6,6,0,12
2022-07-04T06:20:38,6,6,0,12
2022-07-04T06:31:08,6,6,0,12
2022-07-04T06:41:38,6,6,0,12
2022-07-04T06:52:10,6,6,0,12
2022-07-04T07:02:39,6,6,0,12
2022-07-04T07:13:17,6,6,0,12
2022-07-04T07:23:46,6,6,0,12
2022-07-04T07:34:15,6,6,0,12
2022-07-04T07:44:44,6,6,0,12
2022-07-04T07:55:13,6,6,0,12
2022-07-04T08:05:42,6,6,0,12
2022-07-04T08:16:11,6,6,0,12
2022-07-04T08:26:40,6,6,0,12
2022-07-04T08:37:09,6,6,0,12
2022-07-04T08:47:38,6,6,0,12
2022-07-04T08:58:07,6,6,0,12
2022-07-04T09:08:56,6,6,0,12
2022-07-04T09:19:25,6,6,0,12
2022-07-04T09:29:54,6,6,0,12
2022-07-04T09:40:22,6,6,0,12
2022-07-04T09:50:52,6,6,0,12
2022-07-04T10:01:21,6,6,0,12
2022-07-04T10:11:49,6,6,0,12
2022-07-04T10:22:18,6,6,0,12
2022-07-04T10:32:48,6,6,0,12
2022-07-04T10:43:29,6,6,0,12
2022-07-04T10:53:57,6,6,0,12
2022-07-04T11:04:26,6,6,0,12
2022-07-04T11:14:55,6,6,0,12
2022-07-04T11:25:23,6,6,0,12
2022-07-04T11:35:52,6,6,0,12
2022-07-04T11:46:21,6,6,0,12
2022-07-04T11:56:50,6,6,0,12
2022-07-04T12:07:19,6,6,0,12
2022-07-04T12:17:48,6,6,0,12
2022-07-04T12:28:17,6,6,0,12
2022-07-04T12:38:46,6,6,0,12
2022-07-04T12:49:15,6,6,0,12
2022-07-04T12:59:43,6,6,0,12
2022-07-04T13:10:12,6,6,0,12
2022-07-04T13:20:51,6,6,0,12
2022-07-04T13:31:20,6,6,0,12
2022-07-04T13:41:49,6,6,0,12
2022-07-04T13:52:18,6,6,0,12
2022-07-04T14:02:46,6,6,0,12
2022-07-04T14:13:15,6,6,0,12
2022-07-04T14:23:44,6,6,0,12
2022-07-04T14:34:13,6,6,0,12
2022-07-04T14:44:43,6,6,0,12
2022-07-04T14:55:11,6,6,0,12
2022-07-04T15:05:40,6,6,0,12
2022-07-04T15:16:20,6,6,0,12
2022-07-04T15:26:49,6,6,0,12
2022-07-04T15:37:19,6,6,0,12
2022-07-04T15:47:48,6,6,0,12
2022-07-04T15:58:19,6,6,0,12
2022-07-04T16:08:48,6,6,0,12
2022-07-04T16:19:16,6,6,0,12
2022-07-04T16:29:45,6,6,0,12
2022-07-04T16:40:14,6,6,0,12
2022-07-04T16:50:44,6,6,0,12
2022-07-04T17:01:13,6,6,0,12
2022-07-04T17:11:42,6,6,0,12
2022-07-04T17:22:12,6,6,0,12
2022-07-04T17:32:40,6,6,0,12
2022-07-04T17:43:09,6,6,0,12
2022-07-04T17:53:47,6,6,0,12
2022-07-04T18:04:16,6,6,0,12
2022-07-04T18:14:44,6,6,0,12
2022-07-04T18:25:12,6,6,0,12
2022-07-04T18:35:41,6,6,0,12
2022-07-04T18:46:09,6,6,0,12
2022-07-04T18:56:38,6,6,0,12
2022-07-04T19:07:07,6,6,0,12
2022-07-04T19:17:36,6,6,0,12
2022-07-04T19:28:06,6,6,0,12
2022-07-04T19:38:34,6,6,0,12
2022-07-04T19:49:03,6,6,0,12
2022-07-04T19:59:31,6,6,0,12
2022-07-04T20:10:00,6,6,0,12
2022-07-04T20:20:28,6,6,0,12
2022-07-04T20:30:57,6,6,0,12
2022-07-04T20:41:25,6,6,0,12
2022-07-04T20:52:04,6,6,0,12
2022-07-04T21:02:33,6,6,0,12
2022-07-04T21:13:02,6,6,0,12
2022-07-04T21:23:31,6,6,0,12
2022-07-04T21:33:58,6,6,0,12
2022-07-04T21:44:27,6,6,0,12
2022-07-04T21:54:56,6,6,0,12
2022-07-04T22:05:25,6,6,0,12
2022-07-04T22:15:54,6,6,0,12
2022-07-04T22:26:23,6,6,0,12
2022-07-04T22:36:52,6,6,0,12
2022-07-04T22:47:21,6,6,0,12
2022-07-04T22:58:00,6,6,0,12
2022-07-04T23:08:30,6,6,0,12
2022-07-04T23:19:00,6,6,0,12
2022-07-04T23:29:29,6,6,0,12
2022-07-04T23:39:58,6,6,0,12
2022-07-04T23:50:29,6,6,0,12
2022-07-05T00:00:59,6,6,0,12
2022-07-05T00:11:29,6,6,0,12
2022-07-05T00:22:01,6,6,0,12
2022-07-05T00:32:30,6,6,0,12
2022-07-05T00:43:01,6,6,0,12
2022-07-05T00:53:31,6,6,0,12
2022-07-05T01:04:11,6,6,0,12
2022-07-05T01:14:42,6,6,0,12
2022-07-05T01:25:13,6,6,0,12
2022-07-05T01:35:43,6,6,0,12
2022-07-05T01:46:12,6,6,0,12
2022-07-05T01:56:43,6,6,0,12
2022-07-05T02:07:24,6,6,0,12
2022-07-05T02:17:55,6,6,0,12
2022-07-05T02:28:26,6,6,0,12
2022-07-05T02:38:57,6,6,0,12
2022-07-05T02:49:26,6,6,0,12
2022-07-05T02:59:56,6,6,0,12
2022-07-05T03:10:37,6,6,0,12
2022-07-05T03:21:07,6,6,0,12
2022-07-05T03:31:37,6,6,0,12
2022-07-05T03:42:16,6,6,0,12
2022-07-05T03:52:55,6,6,0,12
2022-07-05T04:05:15,6,6,0,12
2022-07-05T04:29:46,6,6,0,12
2022-07-05T04:40:23,6,6,0,12
2022-07-05T04:50:59,6,6,0,12
2022-07-05T05:01:36,6,6,0,12
2022-07-05T05:12:11,6,6,0,12
2022-07-05T05:22:44,6,6,0,12
2022-07-05T05:33:17,6,6,0,12
2022-07-05T05:43:52,6,6,0,12
2022-07-05T05:54:22,6,6,0,12
2022-07-05T06:04:53,6,6,0,12
2022-07-05T06:15:23,6,6,0,12
2022-07-05T06:25:54,6,6,0,12
2022-07-05T06:36:23,6,6,0,12
2022-07-05T06:46:52,6,6,0,12
2022-07-05T06:57:21,6,6,0,12
2022-07-05T07:07:51,6,6,0,12
2022-07-05T07:18:21,6,6,0,12
2022-07-05T07:28:50,6,6,0,12
2022-07-05T07:39:19,6,6,0,12
2022-07-05T07:49:49,6,6,0,12
2022-07-05T08:00:19,6,6,0,12
2022-07-05T08:10:49,6,6,0,12
2022-07-05T08:21:20,6,6,0,12
2022-07-05T08:31:50,6,6,0,12
2022-07-05T08:42:31,6,6,0,12
2022-07-05T08:53:02,6,6,0,12
2022-07-05T09:03:33,6,6,0,12
2022-07-05T09:14:04,6,6,0,12
2022-07-05T09:24:35,6,6,0,12
2022-07-05T09:35:07,6,6,0,12
2022-07-05T09:45:37,6,6,0,12
2022-07-05T09:56:09,6,6,0,12
2022-07-05T10:06:39,6,6,0,12
2022-07-05T10:17:11,6,6,0,12
2022-07-05T10:27:42,6,6,0,12
2022-07-05T10:38:13,6,6,0,12
2022-07-05T10:48:44,6,6,0,12
2022-07-05T10:59:15,6,6,0,12
2022-07-05T11:09:46,6,6,0,12
2022-07-05T11:20:17,6,6,0,12
2022-07-05T11:30:58,6,6,0,12
2022-07-05T11:41:29,6,6,0,12
2022-07-05T11:52:00,6,6,0,12
2022-07-05T12:02:30,6,6,0,12
2022-07-05T12:13:01,6,6,0,12
2022-07-05T12:23:31,6,6,0,12
2022-07-05T12:34:03,6,6,0,12
2022-07-05T12:44:33,6,6,0,12
2022-07-05T12:55:03,6,6,0,12
2022-07-05T13:05:34,6,6,0,12
2022-07-05T13:16:05,6,6,0,12
2022-07-05T13:26:46,6,6,0,12
2022-07-05T13:37:17,6,6,0,12
2022-07-05T13:47:50,6,6,0,12
2022-07-05T13:58:21,6,6,0,12
2022-07-05T14:08:52,6,6,0,12
2022-07-05T14:19:23,6,6,0,12
2022-07-05T14:29:54,6,6,0,12
2022-07-05T14:40:25,6,6,0,12
2022-07-05T14:51:06,6,6,0,12
2022-07-05T15:01:37,6,6,0,12
2022-07-05T15:12:08,6,6,0,12
2022-07-05T15:22:40,6,6,0,12
2022-07-05T15:33:10,6,6,0,12
2022-07-05T15:43:41,6,6,0,12
2022-07-05T15:54:13,6,6,0,12
2022-07-05T16:04:44,6,6,0,12
2022-07-05T16:15:15,6,6,0,12
2022-07-05T16:25:46,6,6,0,12
2022-07-05T16:36:17,6,6,0,12
2022-07-05T16:46:48,6,6,0,12
2022-07-05T16:57:29,6,6,0,12
2022-07-05T17:07:59,6,6,0,12
2022-07-05T17:18:30,6,6,0,12
2022-07-05T17:29:00,6,6,0,12
2022-07-05T17:39:30,6,6,0,12
2022-07-05T17:50:02,6,6,0,12
2022-07-05T18:00:33,6,6,0,12
2022-07-05T18:11:03,6,6,0,12
2022-07-05T18:21:33,6,6,0,12
2022-07-05T18:32:03,6,6,0,12
2022-07-05T18:42:35,6,6,0,12
2022-07-05T18:53:06,6,6,0,12
2022-07-05T19:03:45,6,6,0,12
2022-07-05T19:14:16,6,6,0,12
2022-07-05T19:24:46,6,6,0,12
2022-07-05T19:35:17,6,6,0,12
2022-07-05T19:45:47,6,6,0,12
2022-07-05T19:56:17,6,6,0,12
2022-07-05T20:06:47,6,6,0,12
2022-07-05T20:17:18,6,6,0,12
2022-07-05T20:27:47,6,6,0,12
2022-07-05T20:38:17,6,6,0,12
2022-07-05T20:48:46,6,6,0,12
2022-07-05T20:59:17,6,6,0,12
2022-07-05T21:09:47,6,6,0,12
2022-07-05T21:20:16,6,6,0,12
2022-07-05T21:30:45,6,6,0,12
2022-07-05T21:41:15,6,6,0,12
2022-07-05T21:51:46,6,6,0,12
2022-07-05T22:02:26,6,6,0,12
2022-07-05T22:12:56,6,6,0,12
2022-07-05T22:23:25,6,6,0,12
2022-07-05T22:33:55,6,6,0,12
2022-07-05T22:44:26,6,6,0,12
2022-07-05T22:54:55,6,6,0,12
2022-07-05T23:05:26,6,6,0,12
2022-07-05T23:15:55,6,6,0,12
2022-07-05T23:26:26,6,6,0,12
2022-07-05T23:36:56,6,6,0,12
2022-07-05T23:47:26,6,6,0,12
2022-07-05T23:57:56,6,6,0,12
2022-07-06T00:08:27,6,6,0,12
2022-07-06T00:18:59,6,6,0,12
2022-07-06T00:29:31,6,6,0,12
2022-07-06T00:40:03,6,6,0,12
2022-07-06T00:50:36,6,6,0,12
2022-07-06T01:01:08,6,6,0,12
2022-07-06T01:11:41,6,6,0,12
2022-07-06T01:22:23,6,6,0,12
2022-07-06T01:32:55,6,6,0,12
2022-07-06T01:43:26,6,6,0,12
2022-07-06T01:53:58,6,6,0,12
2022-07-06T02:04:29,6,6,0,12
2022-07-06T02:14:59,6,6,0,12
2022-07-06T02:25:30,6,6,0,12
2022-07-06T02:36:01,6,6,0,12
2022-07-06T02:46:51,6,6,0,12
2022-07-06T02:57:23,6,6,0,12
2022-07-06T03:07:55,6,6,0,12
2022-07-06T03:18:27,6,6,0,12
2022-07-06T03:28:58,6,6,0,12
2022-07-06T03:39:29,6,6,0,12
2022-07-06T03:50:01,6,6,0,12
2022-07-06T04:00:34,6,6,0,12
2022-07-06T04:11:05,6,6,0,12
2022-07-06T04:27:38,6,6,0,12
2022-07-06T04:38:11,6,6,0,12
2022-07-06T04:48:44,6,6,0,12
2022-07-06T05:00:47,6,6,0,12
2022-07-06T05:11:21,6,6,0,12
2022-07-06T05:21:54,6,6,0,12
2022-07-06T05:32:27,6,6,0,12
2022-07-06T05:42:58,6,6,0,12
2022-07-06T05:53:30,6,6,0,12
2022-07-06T06:04:02,6,6,0,12
2022-07-06T06:14:34,6,6,0,12
2022-07-06T06:25:07,6,6,0,12
2022-07-06T06:35:38,6,6,0,12
2022-07-06T06:46:09,6,6,0,12
2022-07-06T06:56:39,6,6,0,12
2022-07-06T07:07:10,6,6,0,12
2022-07-06T07:17:40,6,6,0,12
2022-07-06T07:28:10,6,6,0,12
2022-07-06T07:38:40,6,6,0,12
2022-07-06T07:49:10,6,6,0,12
2022-07-06T07:59:40,6,6,0,12
2022-07-06T08:10:11,6,6,0,12
2022-07-06T08:20:41,6,6,0,12
2022-07-06T08:31:12,6,6,0,12
2022-07-06T08:41:43,6,6,0,12
2022-07-06T08:52:14,6,6,0,12
2022-07-06T09:02:45,6,6,0,12
2022-07-06T09:13:16,6,6,0,12
2022-07-06T09:23:48,6,6,0,12
2022-07-06T09:34:22,6,6,0,12
2022-07-06T09:44:54,6,6,0,12
2022-07-06T09:55:26,6,6,0,12
2022-07-06T10:06:10,6,6,0,12
2022-07-06T10:16:42,6,6,0,12
2022-07-06T10:27:13,6,6,0,12
2022-07-06T10:37:45,6,6,0,12
2022-07-06T10:48:16,6,6,0,12
2022-07-06T10:58:48,6,6,0,12
2022-07-06T11:09:20,6,6,0,12
2022-07-06T11:19:52,6,6,0,12
2022-07-06T11:30:24,6,6,0,12
2022-07-06T11:40:56,6,6,0,12
2022-07-06T11:51:27,6,6,0,12
2022-07-06T12:01:59,6,6,0,12
2022-07-06T12:12:42,6,6,0,12
2022-07-06T12:23:13,6,6,0,12
2022-07-06T12:33:44,6,6,0,12
2022-07-06T12:44:15,6,6,0,12
2022-07-06T12:54:46,6,6,0,12
2022-07-06T13:05:17,6,6,0,12
2022-07-06T13:15:48,6,6,0,12
2022-07-06T13:26:20,6,6,0,12
2022-07-06T13:36:52,6,6,0,12
2022-07-06T13:47:24,6,6,0,12
2022-07-06T13:57:56,6,6,0,12
2022-07-06T14:08:29,6,6,0,12
2022-07-06T14:19:01,6,6,0,12
2022-07-06T14:29:45,6,6,0,12
2022-07-06T14:40:17,6,6,0,12
2022-07-06T14:50:49,6,6,0,12
2022-07-06T15:01:21,6,6,0,12
2022-07-06T15:11:52,6,6,0,12
2022-07-06T15:22:24,6,6,0,12
2022-07-06T15:32:56,6,6,0,12
2022-07-06T15:43:28,6,6,0,12
2022-07-06T15:53:59,6,6,0,12
2022-07-06T16:04:30,6,6,0,12
2022-07-06T16:15:12,6,6,0,12
2022-07-06T16:25:42,6,6,0,12
2022-07-06T16:36:13,6,6,0,12
2022-07-06T16:46:43,6,6,0,12
2022-07-06T16:57:14,6,6,0,12
2022-07-06T17:07:44,6,6,0,12
2022-07-06T17:18:15,6,6,0,12
2022-07-06T17:28:45,6,6,0,12
2022-07-06T17:39:16,6,6,0,12
2022-07-06T17:49:46,6,6,0,12
2022-07-06T18:00:16,6,6,0,12
2022-07-06T18:10:47,6,6,0,12
2022-07-06T18:21:19,6,6,0,12
2022-07-06T18:31:49,6,6,0,12
2022-07-06T18:42:19,6,6,0,12
2022-07-06T18:52:49,6,6,0,12
2022-07-06T19:03:31,6,6,0,12
2022-07-06T19:14:01,6,6,0,12
2022-07-06T19:24:31,6,6,0,12
2022-07-06T19:35:02,7,5,0,12
2022-07-06T19:45:31,7,5,0,12
2022-07-06T19:56:01,7,5,0,12
2022-07-06T20:06:31,7,5,0,12
2022-07-06T20:17:01,7,5,0,12
2022-07-06T20:27:31,7,5,0,12
2022-07-06T20:38:01,7,5,0,12
2022-07-06T20:48:31,7,5,0,12
2022-07-06T20:59:00,7,5,0,12
2022-07-06T21:09:31,7,5,0,12
2022-07-06T21:20:00,7,5,0,12
2022-07-06T21:30:30,7,5,0,12
2022-07-06T21:41:00,7,5,0,12
2022-07-06T21:51:29,7,5,0,12
2022-07-06T22:01:59,7,5,0,12
2022-07-06T22:12:29,7,5,0,12
2022-07-06T22:22:58,7,5,0,12
2022-07-06T22:33:28,7,5,0,12
2022-07-06T22:43:58,7,5,0,12
2022-07-06T22:54:28,7,5,0,12
2022-07-06T23:04:59,7,5,0,12
2022-07-06T23:15:42,7,5,0,12
2022-07-06T23:26:13,7,5,0,12
2022-07-06T23:36:42,7,5,0,12
2022-07-06T23:47:12,7,5,0,12
2022-07-06T23:57:42,7,5,0,12
2022-07-07T00:08:12,7,5,0,12
2022-07-07T00:18:45,7,5,0,12
2022-07-07T00:29:16,7,5,0,12
2022-07-07T00:39:48,7,5,0,12
2022-07-07T00:50:20,7,5,0,12
2022-07-07T01:00:53,7,5,0,12
2022-07-07T01:11:24,7,5,0,12
2022-07-07T01:21:56,7,5,0,12
2022-07-07T01:32:28,7,5,0,12
2022-07-07T01:43:00,7,5,0,12
2022-07-07T01:53:32,7,5,0,12
2022-07-07T02:04:03,7,5,0,12
2022-07-07T02:14:33,7,5,0,12
2022-07-07T02:25:03,7,5,0,12
2022-07-07T02:35:33,7,5,0,12
2022-07-07T02:46:02,7,5,0,12
2022-07-07T02:56:32,7,5,0,12
2022-07-07T03:07:01,7,5,0,12
2022-07-07T03:17:30,7,5,0,12
2022-07-07T03:27:59,7,5,0,12
2022-07-07T03:38:28,7,5,0,12
2022-07-07T03:48:57,7,5,0,12
2022-07-07T04:01:46,7,5,0,12
2022-07-07T04:23:19,7,5,0,12
2022-07-07T04:34:10,7,5,0,12
2022-07-07T04:44:41,7,5,0,12
2022-07-07T04:55:11,7,5,0,12
2022-07-07T05:05:41,7,5,0,12
2022-07-07T05:16:11,7,5,0,12
2022-07-07T05:26:41,7,5,0,12
2022-07-07T05:37:11,7,5,0,12
2022-07-07T05:47:44,7,5,0,12
2022-07-07T05:58:16,7,5,0,12
2022-07-07T06:08:51,7,5,0,12
2022-07-07T06:19:25,7,5,0,12
2022-07-07T06:29:58,7,5,0,12
2022-07-07T06:40:31,7,5,0,12
2022-07-07T06:51:05,7,5,0,12
2022-07-07T07:01:38,7,5,0,12
2022-07-07T07:12:12,7,5,0,12
2022-07-07T07:22:46,7,5,0,12
2022-07-07T07:33:19,7,5,0,12
2022-07-07T07:43:54,7,5,0,12
2022-07-07T07:54:38,7,5,0,12
2022-07-07T08:05:21,7,5,0,12
2022-07-07T08:16:05,7,5,0,12
2022-07-07T08:26:47,7,5,0,12
2022-07-07T08:37:35,7,5,0,12
2022-07-07T08:48:23,7,5,0,12
2022-07-07T08:59:06,7,5,0,12
2022-07-07T09:09:57,7,5,0,12
2022-07-07T09:20:37,7,5,0,12
2022-07-07T09:31:16,7,5,0,12
2022-07-07T09:41:54,7,5,0,12
2022-07-07T09:52:36,7,5,0,12
2022-07-07T10:03:17,7,5,0,12
2022-07-07T10:13:57,7,5,0,12
2022-07-07T10:24:36,7,5,0,12
2022-07-07T10:35:15,7,5,0,12
2022-07-07T10:45:56,7,5,0,12
2022-07-07T10:56:35,7,5,0,12
2022-07-07T11:07:26,7,5,0,12
2022-07-07T11:18:05,7,5,0,12
2022-07-07T11:28:41,7,5,0,12
2022-07-07T11:39:17,7,5,0,12
2022-07-07T11:49:50,7,5,0,12
2022-07-07T12:00:23,7,5,0,12
2022-07-07T12:10:54,7,5,0,12
2022-07-07T12:21:26,7,5,0,12
2022-07-07T12:31:57,7,5,0,12
2022-07-07T12:42:28,7,5,0,12
2022-07-07T12:53:09,7,5,0,12
2022-07-07T13:03:40,7,5,0,12
2022-07-07T13:14:11,7,5,0,12
2022-07-07T13:24:43,7,5,0,12
2022-07-07T13:35:15,7,5,0,12
2022-07-07T13:45:47,7,5,0,12
2022-07-07T13:56:20,7,5,0,12
2022-07-07T14:06:52,7,5,0,12
2022-07-07T14:17:23,7,5,0,12
2022-07-07T14:27:56,7,5,0,12
2022-07-07T14:38:30,7,5,0,12
2022-07-07T14:49:01,7,5,0,12
2022-07-07T14:59:44,7,5,0,12
2022-07-07T15:10:16,7,5,0,12
2022-07-07T15:20:48,7,5,0,12
2022-07-07T15:31:19,7,5,0,12
2022-07-07T15:41:50,7,5,0,12
2022-07-07T15:52:22,7,5,0,12
2022-07-07T16:03:03,7,5,0,12
2022-07-07T16:13:35,7,5,0,12
2022-07-07T16:24:06,7,5,0,12
2022-07-07T16:34:36,7,5,0,12
2022-07-07T16:45:08,7,5,0,12
2022-07-07T16:55:39,7,5,0,12
2022-07-07T17:06:11,7,5,0,12
2022-07-07T17:16:44,7,5,0,12
2022-07-07T17:27:15,7,5,0,12
2022-07-07T17:37:46,7,5,0,12
2022-07-07T17:48:17,7,5,0,12
2022-07-07T17:58:59,7,5,0,12
2022-07-07T18:09:30,7,5,0,12
2022-07-07T18:20:01,7,5,0,12
2022-07-07T18:30:31,7,5,0,12
2022-07-07T18:41:01,7,5,0,12
2022-07-07T18:51:31,7,5,0,12
2022-07-07T19:02:01,7,5,0,12
2022-07-07T19:12:32,7,5,0,12
2022-07-07T19:23:02,7,5,0,12
2022-07-07T19:33:32,7,5,0,12
2022-07-07T19:44:03,7,5,0,12
2022-07-07T19:54:33,7,5,0,12
2022-07-07T20:05:04,7,5,0,12
2022-07-07T20:15:34,7,5,0,12
2022-07-07T20:26:04,7,5,0,12
2022-07-07T20:36:34,7,5,0,12
2022-07-07T20:47:04,7,5,0,12
2022-07-07T20:57:45,7,5,0,12
2022-07-07T21:08:15,7,5,0,12
2022-07-07T21:18:45,7,5,0,12
2022-07-07T21:29:15,7,5,0,12
2022-07-07T21:39:45,7,5,0,12
2022-07-07T21:50:16,7,5,0,12
2022-07-07T22:00:46,7,5,0,12
2022-07-07T22:11:28,7,5,0,12
2022-07-07T22:21:58,7,5,0,12
2022-07-07T22:32:29,7,5,0,12
2022-07-07T22:43:00,7,5,0,12
2022-07-07T22:53:30,7,5,0,12
2022-07-07T23:04:01,7,5,0,12
2022-07-07T23:14:31,7,5,0,12
2022-07-07T23:25:02,7,5,0,12
2022-07-07T23:35:33,7,5,0,12
2022-07-07T23:46:03,7,5,0,12
2022-07-07T23:56:34,7,5,0,12
2022-07-08T00:07:04,7,5,0,12
2022-07-08T00:17:37,7,5,0,12
2022-07-08T00:28:09,7,5,0,12
2022-07-08T00:38:42,7,5,0,12
2022-07-08T00:49:14,7,5,0,12
2022-07-08T00:59:58,7,5,0,12
2022-07-08T01:10:32,7,5,0,12
2022-07-08T01:21:05,7,5,0,12
2022-07-08T01:31:38,7,5,0,12
2022-07-08T01:42:10,7,5,0,12
2022-07-08T01:52:42,7,5,0,12
2022-07-08T02:03:14,7,5,0,12
2022-07-08T02:13:46,7,5,0,12
2022-07-08T02:24:29,7,5,0,12
2022-07-08T02:35:02,7,5,0,12
2022-07-08T02:45:35,7,5,0,12
2022-07-08T02:56:07,7,5,0,12
2022-07-08T03:06:40,7,5,0,12
2022-07-08T03:17:11,7,5,0,12
2022-07-08T03:27:42,7,5,0,12
2022-07-08T03:38:14,7,5,0,12
2022-07-08T03:50:51,7,5,0,12
2022-07-08T04:01:44,7,5,0,12
2022-07-08T04:12:17,7,5,0,12
2022-07-08T04:27:59,7,5,0,12
2022-07-08T04:38:54,7,5,0,12
2022-07-08T04:49:27,7,5,0,12
2022-07-08T05:00:01,7,5,0,12
2022-07-08T05:10:36,7,5,0,12
2022-07-08T05:21:11,7,5,0,12
2022-07-08T05:31:44,7,5,0,12
2022-07-08T05:42:17,7,5,0,12
2022-07-08T05:52:50,7,5,0,12
2022-07-08T06:03:25,7,5,0,12
2022-07-08T06:13:58,7,5,0,12
2022-07-08T06:24:30,7,5,0,12
2022-07-08T06:35:01,7,5,0,12
2022-07-08T06:45:32,7,5,0,12
2022-07-08T06:56:02,7,5,0,12
2022-07-08T07:06:33,7,5,0,12
2022-07-08T07:17:04,7,5,0,12
2022-07-08T07:27:35,7,5,0,12
2022-07-08T07:38:06,7,5,0,12
2022-07-08T07:48:37,7,5,0,12
2022-07-08T07:59:11,7,5,0,12
2022-07-08T08:09:41,7,5,0,12
2022-07-08T08:20:12,7,5,0,12
2022-07-08T08:30:43,7,5,0,12
2022-07-08T08:41:14,7,5,0,12
2022-07-08T08:51:45,7,5,0,12
2022-07-08T09:02:16,7,5,0,12
2022-07-08T09:12:47,7,5,0,12
2022-07-08T09:23:29,7,5,0,12
2022-07-08T09:34:00,7,5,0,12
2022-07-08T09:44:31,7,5,0,12
2022-07-08T09:55:04,7,5,0,12
2022-07-08T10:05:36,7,5,0,12
2022-07-08T10:16:07,7,5,0,12
2022-07-08T10:26:38,7,5,0,12
2022-07-08T10:37:09,7,5,0,12
2022-07-08T10:47:41,7,5,0,12
2022-07-08T10:58:12,7,5,0,12
2022-07-08T11:08:43,7,5,0,12
2022-07-08T11:19:15,7,5,0,12
2022-07-08T11:29:47,7,5,0,12
2022-07-08T11:40:18,7,5,0,12
2022-07-08T11:51:01,7,5,0,12
2022-07-08T12:01:33,7,5,0,12
2022-07-08T12:12:04,7,5,0,12
2022-07-08T12:22:35,7,5,0,12
2022-07-08T12:33:06,7,5,0,12
2022-07-08T12:43:38,7,5,0,12
2022-07-08T12:54:09,7,5,0,12
2022-07-08T13:04:42,7,5,0,12
2022-07-08T13:15:16,7,5,0,12
2022-07-08T13:25:49,7,5,0,12
2022-07-08T13:36:32,7,5,0,12
2022-07-08T13:47:03,7,5,0,12
2022-07-08T13:57:36,7,5,0,12
2022-07-08T14:08:08,7,5,0,12
2022-07-08T14:18:39,7,5,0,12
2022-07-08T14:29:10,7,5,0,12
2022-07-08T14:39:41,7,5,0,12
2022-07-08T14:50:13,7,5,0,12
2022-07-08T15:00:44,7,5,0,12
2022-07-08T15:11:15,7,5,0,12
2022-07-08T15:21:46,7,5,0,12
2022-07-08T15:32:28,7,5,0,12
2022-07-08T15:42:59,7,5,0,12
2022-07-08T15:53:31,7,5,0,12
2022-07-08T16:04:02,7,5,0,12
2022-07-08T16:14:32,7,5,0,12
2022-07-08T16:25:02,7,5,0,12
2022-07-08T16:35:33,7,5,0,12
2022-07-08T16:46:04,7,5,0,12
2022-07-08T16:56:34,7,5,0,12
2022-07-08T17:07:04,7,5,0,12
2022-07-08T17:17:36,7,5,0,12
2022-07-08T17:28:17,7,5,0,12
2022-07-08T17:38:47,7,5,0,12
2022-07-08T17:49:17,7,5,0,12
2022-07-08T17:59:48,7,5,0,12
2022-07-08T18:10:19,7,5,0,12
2022-07-08T18:20:50,7,5,0,12
2022-07-08T18:31:20,7,5,0,12
2022-07-08T18:41:50,7,5,0,12
2022-07-08T18:52:20,7,5,0,12
2022-07-08T19:02:51,7,5,0,12
2022-07-08T19:13:21,7,5,0,12
2022-07-08T19:23:52,7,5,0,12
2022-07-08T19:34:23,7,5,0,12
2022-07-08T19:44:53,7,5,0,12
2022-07-08T19:55:23,7,5,0,12
2022-07-08T20:06:05,7,5,0,12
2022-07-08T20:16:35,7,5,0,12
2022-07-08T20:27:05,7,5,0,12
2022-07-08T20:37:34,7,5,0,12
2022-07-08T20:48:04,7,5,0,12
2022-07-08T20:58:35,7,5,0,12
2022-07-08T21:09:05,7,5,0,12
2022-07-08T21:19:35,7,5,0,12
2022-07-08T21:30:05,7,5,0,12
2022-07-08T21:40:35,7,5,0,12
2022-07-08T21:51:07,7,5,0,12
2022-07-08T22:01:37,7,5,0,12
2022-07-08T22:12:07,7,5,0,12
2022-07-08T22:22:37,7,5,0,12
2022-07-08T22:33:07,7,5,0,12
2022-07-08T22:43:38,7,5,0,12
2022-07-08T22:54:32,7,5,0,12
2022-07-08T23:05:03,7,5,0,12
2022-07-08T23:15:33,7,5,0,12
2022-07-08T23:26:04,7,5,0,12
2022-07-08T23:36:34,7,5,0,12
2022-07-08T23:47:04,7,5,0,12
2022-07-08T23:57:34,7,5,0,12
2022-07-09T00:08:05,7,5,0,12
2022-07-09T00:18:38,7,5,0,12
2022-07-09T00:29:09,7,5,0,12
2022-07-09T00:39:42,7,5,0,12
2022-07-09T00:50:14,7,5,0,12
2022-07-09T01:00:48,7,5,0,12
2022-07-09T01:11:20,7,5,0,12
2022-07-09T01:21:53,7,5,0,12
2022-07-09T01:32:26,7,5,0,12
2022-07-09T01:42:58,7,5,0,12
2022-07-09T01:53:31,7,5,0,12
2022-07-09T02:04:03,7,5,0,12
2022-07-09T02:14:35,7,5,0,12
2022-07-09T02:25:14,7,5,0,12
2022-07-09T02:35:43,7,5,0,12
2022-07-09T02:46:13,7,5,0,12
2022-07-09T02:56:43,7,5,0,12
2022-07-09T03:07:13,7,5,0,12
2022-07-09T03:17:42,7,5,0,12
2022-07-09T03:28:12,7,5,0,12
2022-07-09T03:38:42,7,5,0,12
2022-07-09T03:49:14,7,5,0,12
2022-07-09T03:59:45,7,5,0,12
2022-07-09T04:29:07,7,5,0,12
2022-07-09T04:39:42,7,5,0,12
2022-07-09T04:50:15,7,5,0,12
2022-07-09T05:00:47,7,5,0,12
2022-07-09T05:11:22,7,5,0,12
2022-07-09T05:22:06,7,5,0,12
2022-07-09T05:32:40,7,5,0,12
2022-07-09T05:43:14,7,5,0,12
2022-07-09T05:53:48,7,5,0,12
2022-07-09T06:04:21,7,5,0,12
2022-07-09T06:14:53,7,5,0,12
2022-07-09T06:25:25,7,5,0,12
2022-07-09T06:35:58,7,5,0,12
2022-07-09T06:46:30,7,5,0,12
2022-07-09T06:57:03,7,5,0,12
2022-07-09T07:07:35,7,5,0,12
2022-07-09T07:18:08,7,5,0,12
2022-07-09T07:28:41,7,5,0,12
2022-07-09T07:39:13,7,5,0,12
2022-07-09T07:49:47,7,5,0,12
2022-07-09T08:00:21,7,5,0,12
2022-07-09T08:10:55,7,5,0,12
2022-07-09T08:21:28,7,5,0,12
2022-07-09T08:32:00,7,5,0,12
2022-07-09T08:44:23,7,5,0,12
2022-07-09T09:04:28,7,5,0,12
2022-07-09T09:24:59,7,5,0,12
2022-07-09T09:47:12,7,5,0,12
2022-07-09T10:07:47,7,5,0,12
2022-07-09T10:28:34,7,5,0,12
2022-07-09T10:41:44,7,5,0,12
2022-07-09T10:52:15,7,5,0,12
2022-07-09T11:02:45,7,5,0,12
2022-07-09T11:13:16,7,5,0,12
2022-07-09T11:23:46,7,5,0,12
2022-07-09T11:34:16,7,5,0,12
2022-07-09T11:44:54,7,5,0,12
2022-07-09T11:55:24,7,5,0,12
2022-07-09T12:05:57,7,5,0,12
2022-07-09T12:16:27,7,5,0,12
2022-07-09T12:26:57,7,5,0,12
2022-07-09T12:37:27,7,5,0,12
2022-07-09T12:47:57,7,5,0,12
2022-07-09T12:58:29,7,5,0,12
2022-07-09T13:08:59,7,5,0,12
2022-07-09T13:19:30,7,5,0,12
2022-07-09T13:30:01,7,5,0,12
2022-07-09T13:40:32,7,5,0,12
2022-07-09T13:51:03,7,5,0,12
2022-07-09T14:01:40,7,5,0,12
2022-07-09T14:12:27,7,5,0,12
2022-07-09T14:23:04,7,5,0,12
2022-07-09T14:33:40,7,5,0,12
2022-07-09T14:44:16,7,5,0,12
2022-07-09T14:54:53,7,5,0,12
2022-07-09T15:05:30,7,5,0,12
2022-07-09T15:16:07,7,5,0,12
2022-07-09T15:26:41,7,5,0,12
2022-07-09T15:37:14,7,5,0,12
2022-07-09T15:47:48,7,5,0,12
2022-07-09T15:58:20,7,5,0,12
2022-07-09T16:08:58,7,5,0,12
2022-07-09T16:19:28,7,5,0,12
2022-07-09T16:29:58,7,5,0,12
2022-07-09T16:40:28,7,5,0,12
2022-07-09T16:50:58,7,5,0,12
2022-07-09T17:01:28,7,5,0,12
2022-07-09T17:12:10,7,5,0,12
2022-07-09T17:22:40,7,5,0,12
2022-07-09T17:33:12,7,5,0,12
2022-07-09T17:43:42,7,5,0,12
2022-07-09T17:54:12,7,5,0,12
2022-07-09T18:04:41,7,5,0,12
2022-07-09T18:15:11,7,5,0,12
2022-07-09T18:25:41,7,5,0,12
2022-07-09T18:36:11,7,5,0,12
2022-07-09T18:46:40,7,5,0,12
2022-07-09T18:57:10,7,5,0,12
2022-07-09T19:07:40,7,5,0,12
2022-07-09T19:18:09,7,5,0,12
2022-07-09T19:28:39,7,5,0,12
2022-07-09T19:39:18,7,5,0,12
2022-07-09T19:49:48,7,5,0,12
2022-07-09T20:00:17,7,5,0,12
2022-07-09T20:10:47,7,5,0,12
2022-07-09T20:21:17,7,5,0,12
2022-07-09T20:31:47,7,5,0,12
2022-07-09T20:42:16,7,5,0,12
2022-07-09T20:52:46,7,5,0,12
2022-07-09T21:03:16,7,5,0,12
2022-07-09T21:13:46,7,5,0,12
2022-07-09T21:24:16,7,5,0,12
2022-07-09T21:34:46,7,5,0,12
2022-07-09T21:45:16,7,5,0,12
2022-07-09T21:55:47,7,5,0,12
2022-07-09T22:06:17,7,5,0,12
2022-07-09T22:16:47,7,5,0,12
2022-07-09T22:27:17,7,5,0,12
2022-07-09T22:37:56,7,5,0,12
2022-07-09T22:48:26,7,5,0,12
2022-07-09T22:58:55,7,5,0,12
2022-07-09T23:09:26,7,5,0,12
2022-07-09T23:19:57,7,5,0,12
2022-07-09T23:30:27,7,5,0,12
2022-07-09T23:40:57,7,5,0,12
2022-07-09T23:51:29,7,5,0,12
2022-07-10T00:02:00,7,5,0,12
2022-07-10T00:12:30,7,5,0,12
2022-07-10T00:23:03,7,5,0,12
2022-07-10T00:33:34,7,5,0,12
2022-07-10T00:44:04,7,5,0,12
2022-07-10T00:54:34,7,5,0,12
2022-07-10T01:05:04,7,5,0,12
2022-07-10T01:15:34,7,5,0,12
2022-07-10T01:26:04,7,5,0,12
2022-07-10T01:36:34,7,5,0,12
2022-07-10T01:47:04,7,5,0,12
2022-07-10T01:57:33,7,5,0,12
2022-07-10T02:08:03,7,5,0,12
2022-07-10T02:18:33,7,5,0,12
2022-07-10T02:29:12,7,5,0,12
2022-07-10T02:39:47,7,5,0,12
2022-07-10T02:50:20,7,5,0,12
2022-07-10T03:00:53,7,5,0,12
2022-07-10T03:11:32,7,5,0,12
2022-07-10T03:22:06,7,5,0,12
2022-07-10T03:32:40,7,5,0,12
2022-07-10T03:43:13,7,5,0,12
2022-07-10T03:53:46,7,5,0,12
2022-07-10T04:04:19,7,5,0,12
2022-07-10T04:15:36,7,5,0,12
2022-07-10T04:30:32,7,5,0,12
2022-07-10T04:41:26,7,5,0,12
2022-07-10T04:51:59,7,5,0,12
2022-07-10T05:02:33,7,5,0,12
2022-07-10T05:13:09,7,5,0,12
2022-07-10T05:23:42,7,5,0,12
2022-07-10T05:34:14,7,5,0,12
2022-07-10T05:44:49,7,5,0,12
2022-07-10T05:55:21,7,5,0,12
2022-07-10T06:05:53,7,5,0,12
2022-07-10T06:16:27,7,5,0,12
2022-07-10T06:27:00,7,5,0,12
2022-07-10T06:37:32,7,5,0,12
2022-07-10T06:48:04,7,5,0,12
2022-07-10T06:58:35,7,5,0,12
2022-07-10T07:09:05,7,5,0,12
2022-07-10T07:19:35,7,5,0,12
2022-07-10T07:30:07,7,5,0,12
2022-07-10T07:40:37,7,5,0,12
2022-07-10T07:51:08,7,5,0,12
2022-07-10T08:01:38,7,5,0,12
2022-07-10T08:12:09,7,5,0,12
2022-07-10T08:22:39,7,5,0,12
2022-07-10T08:33:21,7,5,0,12
2022-07-10T08:43:52,7,5,0,12
2022-07-10T08:54:22,7,5,0,12
2022-07-10T09:04:51,7,5,0,12
2022-07-10T09:15:21,7,5,0,12
2022-07-10T09:25:52,7,5,0,12
2022-07-10T09:36:21,7,5,0,12
2022-07-10T09:46:51,7,5,0,12
2022-07-10T09:57:22,7,5,0,12
2022-07-10T10:07:53,7,5,0,12
2022-07-10T10:18:24,7,5,0,12
2022-07-10T10:28:55,7,5,0,12
2022-07-10T10:39:25,7,5,0,12
2022-07-10T10:49:56,7,5,0,12
2022-07-10T11:00:37,7,5,0,12
2022-07-10T11:11:08,7,5,0,12
2022-07-10T11:21:44,7,5,0,12
2022-07-10T11:32:14,7,5,0,12
2022-07-10T11:42:46,7,5,0,12
2022-07-10T11:53:17,7,5,0,12
2022-07-10T12:03:47,7,5,0,12
2022-07-10T12:14:18,7,5,0,12
2022-07-10T12:24:48,7,5,0,12
2022-07-10T12:35:18,7,5,0,12
2022-07-10T12:45:48,7,5,0,12
2022-07-10T12:56:18,7,5,0,12
2022-07-10T13:06:48,7,5,0,12
2022-07-10T13:17:19,7,5,0,12
2022-07-10T13:27:49,7,5,0,12
2022-07-10T13:38:19,7,5,0,12
2022-07-10T13:48:59,7,5,0,12
2022-07-10T13:59:29,7,5,0,12
2022-07-10T14:09:59,7,5,0,12
2022-07-10T14:20:29,7,5,0,12
2022-07-10T14:30:59,7,5,0,12
2022-07-10T14:41:29,7,5,0,12
2022-07-10T14:51:58,7,5,0,12
2022-07-10T15:02:28,7,5,0,12
2022-07-10T15:12:59,7,5,0,12
2022-07-10T15:23:29,7,5,0,12
2022-07-10T15:33:59,7,5,0,12
2022-07-10T15:44:29,7,5,0,12
2022-07-10T15:54:59,7,5,0,12
2022-07-10T16:05:29,7,5,0,12
2022-07-10T16:16:00,7,5,0,12
2022-07-10T16:26:39,7,5,0,12
2022-07-10T16:37:10,7,5,0,12
2022-07-10T16:47:41,7,5,0,12
2022-07-10T16:58:12,7,5,0,12
2022-07-10T17:08:42,7,5,0,12
2022-07-10T17:19:13,7,5,0,12
2022-07-10T17:29:43,7,5,0,12
2022-07-10T17:40:14,7,5,0,12
2022-07-10T17:50:44,7,5,0,12
2022-07-10T18:01:15,7,5,0,12
2022-07-10T18:11:45,7,5,0,12
2022-07-10T18:22:16,7,5,0,12
2022-07-10T18:32:46,7,5,0,12
2022-07-10T18:43:15,7,5,0,12
2022-07-10T18:53:46,7,5,0,12
2022-07-10T19:04:16,7,5,0,12
2022-07-10T19:14:48,7,5,0,12
2022-07-10T19:25:18,7,5,0,12
2022-07-10T19:35:49,7,5,0,12
2022-07-10T19:46:30,7,5,0,12
2022-07-10T19:57:01,7,5,0,12
2022-07-10T20:07:31,7,5,0,12
2022-07-10T20:18:02,7,5,0,12
2022-07-10T20:28:32,7,5,0,12
2022-07-10T20:39:02,7,5,0,12
2022-07-10T20:49:32,7,5,0,12
2022-07-10T21:00:02,7,5,0,12
2022-07-10T21:10:33,7,5,0,12
2022-07-10T21:21:03,7,5,0,12
2022-07-10T21:31:34,7,5,0,12
2022-07-10T21:42:04,7,5,0,12
2022-07-10T21:52:36,7,5,0,12
2022-07-10T22:03:06,7,5,0,12
2022-07-10T22:13:36,7,5,0,12
2022-07-10T22:24:06,7,5,0,12
2022-07-10T22:34:48,7,5,0,12
2022-07-10T22:45:17,7,5,0,12
2022-07-10T22:55:47,7,5,0,12
2022-07-10T23:06:18,7,5,0,12
2022-07-10T23:16:49,7,5,0,12
2022-07-10T23:27:21,7,5,0,12
2022-07-10T23:37:51,7,5,0,12
2022-07-10T23:48:21,7,5,0,12
2022-07-10T23:58:51,7,5,0,12
2022-07-11T00:09:23,7,5,0,12
2022-07-11T00:19:59,7,5,0,12
2022-07-11T00:30:33,7,5,0,12
2022-07-11T00:41:05,7,5,0,12
2022-07-11T00:51:37,7,5,0,12
2022-07-11T01:02:07,7,5,0,12
2022-07-11T01:12:55,7,5,0,12
2022-07-11T01:23:28,7,5,0,12
2022-07-11T01:34:01,7,5,0,12
2022-07-11T01:44:33,7,5,0,12
2022-07-11T01:55:05,7,5,0,12
2022-07-11T02:05:47,7,5,0,12
2022-07-11T02:16:20,7,5,0,12
2022-07-11T02:26:51,7,5,0,12
2022-07-11T02:37:24,7,5,0,12
2022-07-11T02:47:55,7,5,0,12
2022-07-11T02:58:25,7,5,0,12
2022-07-11T03:08:56,7,5,0,12
2022-07-11T03:19:26,7,5,0,12
2022-07-11T03:29:57,7,5,0,12
2022-07-11T03:40:28,7,5,0,12
2022-07-11T03:53:39,7,5,0,12
2022-07-11T04:04:16,7,5,0,12
2022-07-11T04:14:49,7,5,0,12
2022-07-11T04:30:46,7,5,0,12
2022-07-11T04:41:50,7,5,0,12
2022-07-11T04:52:23,7,5,0,12
2022-07-11T05:02:58,7,5,0,12
2022-07-11T05:13:31,7,5,0,12
2022-07-11T05:24:04,7,5,0,12
2022-07-11T05:34:38,7,5,0,12
2022-07-11T05:45:09,7,5,0,12
2022-07-11T05:55:40,7,5,0,12
2022-07-11T06:06:14,7,5,0,12
2022-07-11T06:16:46,7,5,0,12
2022-07-11T06:27:18,7,5,0,12
2022-07-11T06:37:50,7,5,0,12
2022-07-11T06:48:20,7,5,0,12
2022-07-11T06:58:51,7,5,0,12
2022-07-11T07:09:22,7,5,0,12
2022-07-11T07:19:54,7,5,0,12
2022-07-11T07:30:33,7,5,0,12
2022-07-11T07:41:04,7,5,0,12
2022-07-11T07:51:35,7,5,0,12
2022-07-11T08:02:06,7,5,0,12
2022-07-11T08:12:38,7,5,0,12
2022-07-11T08:23:09,7,5,0,12
2022-07-11T08:33:41,7,5,0,12
2022-07-11T08:44:13,7,5,0,12
2022-07-11T08:54:44,7,5,0,12
2022-07-11T09:05:15,7,5,0,12
2022-07-11T09:15:47,7,5,0,12
2022-07-11T09:26:18,7,5,0,12
2022-07-11T09:36:50,7,5,0,12
2022-07-11T09:47:22,7,5,0,12
2022-07-11T09:57:54,7,5,0,12
2022-07-11T10:08:27,7,5,0,12
2022-07-11T10:18:59,7,5,0,12
2022-07-11T10:29:30,7,5,0,12
2022-07-11T10:40:02,7,5,0,12
2022-07-11T10:50:34,7,5,0,12
2022-07-11T11:01:19,7,5,0,12
2022-07-11T11:11:52,7,5,0,12
2022-07-11T11:22:28,7,5,0,12
2022-07-11T11:33:04,7,5,0,12
2022-07-11T11:43:36,7,5,0,12
2022-07-11T11:54:09,7,5,0,12
2022-07-11T12:04:40,7,5,0,12
2022-07-11T12:15:12,7,5,0,12
2022-07-11T12:25:43,7,5,0,12
2022-07-11T12:36:14,7,5,0,12
2022-07-11T12:46:55,7,5,0,12
2022-07-11T12:57:26,7,5,0,12
2022-07-11T13:07:58,7,5,0,12
2022-07-11T13:18:29,7,5,0,12
2022-07-11T13:29:01,7,5,0,12
2022-07-11T13:39:32,7,5,0,12
2022-07-11T13:50:04,7,5,0,12
2022-07-11T14:00:37,7,5,0,12
2022-07-11T14:11:09,7,5,0,12
2022-07-11T14:21:42,7,5,0,12
2022-07-11T14:32:24,7,5,0,12
2022-07-11T14:42:56,7,5,0,12
2022-07-11T14:53:28,7,5,0,12
2022-07-11T15:04:02,7,5,0,12
2022-07-11T15:14:34,7,5,0,12
2022-07-11T15:25:06,7,5,0,12
2022-07-11T15:35:38,7,5,0,12
2022-07-11T15:46:10,7,5,0,12
2022-07-11T15:56:42,7,5,0,12
2022-07-11T16:07:14,7,5,0,12
2022-07-11T16:17:45,7,5,0,12
2022-07-11T16:28:16,7,5,0,12
2022-07-11T16:38:47,7,5,0,12
2022-07-11T16:49:18,7,5,0,12
2022-07-11T16:59:59,7,5,0,12
2022-07-11T17:10:31,7,5,0,12
2022-07-11T17:21:03,7,5,0,12
2022-07-11T17:31:34,7,5,0,12
2022-07-11T17:42:06,7,5,0,12
2022-07-11T17:52:37,7,5,0,12
2022-07-11T18:03:07,7,5,0,12
2022-07-11T18:13:37,7,5,0,12
2022-07-11T18:24:08,7,5,0,12
2022-07-11T18:34:38,7,5,0,12
2022-07-11T18:45:10,7,5,0,12
2022-07-11T18:55:41,7,5,0,12
2022-07-11T19:06:12,7,5,0,12
2022-07-11T19:16:43,7,5,0,12
2022-07-11T19:27:14,7,5,0,12
2022-07-11T19:37:54,7,5,0,12
2022-07-11T19:48:24,7,5,0,12
2022-07-11T19:58:54,7,5,0,12
2022-07-11T20:09:24,7,5,0,12
2022-07-11T20:19:54,7,5,0,12
2022-07-11T20:30:25,7,5,0,12
2022-07-11T20:40:56,7,5,0,12
2022-07-11T20:51:26,7,5,0,12
2022-07-11T21:01:56,7,5,0,12
2022-07-11T21:12:28,7,5,0,12
2022-07-11T21:22:59,7,5,0,12
2022-07-11T21:33:40,7,5,0,12
2022-07-11T21:44:10,7,5,0,12
2022-07-11T21:54:43,7,5,0,12
2022-07-11T22:05:13,7,5,0,12
2022-07-11T22:15:44,7,5,0,12
2022-07-11T22:26:14,7,5,0,12
2022-07-11T22:36:44,7,5,0,12
2022-07-11T22:47:14,7,5,0,12
2022-07-11T22:57:44,7,5,0,12
2022-07-11T23:08:16,7,5,0,12
2022-07-11T23:18:56,7,5,0,12
2022-07-11T23:29:27,7,5,0,12
2022-07-11T23:39:58,7,5,0,12
2022-07-11T23:50:28,7,5,0,12
2022-07-12T00:00:58,7,5,0,12
2022-07-12T00:11:30,7,5,0,12
2022-07-12T00:22:06,7,5,0,12
2022-07-12T00:32:39,7,5,0,12
2022-07-12T00:43:13,7,5,0,12
2022-07-12T00:53:45,7,5,0,12
2022-07-12T01:04:19,7,5,0,12
2022-07-12T01:14:50,7,5,0,12
2022-07-12T01:25:34,7,5,0,12
2022-07-12T01:36:07,7,5,0,12
2022-07-12T01:46:38,7,5,0,12
2022-07-12T01:57:09,7,5,0,12
2022-07-12T02:07:42,7,5,0,12
2022-07-12T02:18:13,7,5,0,12
2022-07-12T02:28:44,7,5,0,12
2022-07-12T02:39:15,7,5,0,12
2022-07-12T02:49:45,7,5,0,12
2022-07-12T03:00:15,7,5,0,12
2022-07-12T03:10:45,7,5,0,12
2022-07-12T03:22:59,7,5,0,12
2022-07-12T03:31:53,7,5,0,12
2022-07-12T03:40:49,7,5,0,12
2022-07-12T03:49:45,7,5,0,12
2022-07-12T03:58:41,7,5,0,12
2022-07-12T04:08:30,7,5,0,12
2022-07-12T04:24:25,7,5,0,12
2022-07-12T04:33:48,7,5,0,12
2022-07-12T04:42:46,7,5,0,12
2022-07-12T04:51:43,7,5,0,12
2022-07-12T05:00:39,7,5,0,12
2022-07-12T05:09:35,7,5,0,12
2022-07-12T05:18:30,7,5,0,12
2022-07-12T05:27:25,7,5,0,12
2022-07-12T05:36:21,7,5,0,12
2022-07-12T05:45:18,7,5,0,12
2022-07-12T05:54:24,7,5,0,12
2022-07-12T06:03:21,7,5,0,12
2022-07-12T06:12:20,7,5,0,12
2022-07-12T06:21:17,7,5,0,12
2022-07-12T06:30:14,7,5,0,12
2022-07-12T06:39:13,7,5,0,12
2022-07-12T06:48:11,7,5,0,12
2022-07-12T06:57:08,7,5,0,12
2022-07-12T07:06:08,7,5,0,12
2022-07-12T07:15:04,7,5,0,12
2022-07-12T07:24:01,7,5,0,12
2022-07-12T07:32:57,7,5,0,12
2022-07-12T07:41:52,7,5,0,12
2022-07-12T07:50:49,7,5,0,12
2022-07-12T07:59:46,7,5,0,12
2022-07-12T08:08:43,7,5,0,12
2022-07-12T08:17:40,7,5,0,12
2022-07-12T08:26:37,7,5,0,12
2022-07-12T08:35:35,7,5,0,12
2022-07-12T08:44:31,7,5,0,12
2022-07-12T08:53:29,7,5,0,12
2022-07-12T09:02:27,7,5,0,12
2022-07-12T09:11:35,7,5,0,12
2022-07-12T09:20:32,7,5,0,12
2022-07-12T09:29:29,7,5,0,12
2022-07-12T09:38:24,7,5,0,12
2022-07-12T09:47:21,7,5,0,12
2022-07-12T09:56:17,7,5,0,12
2022-07-12T10:05:13,7,5,0,12
2022-07-12T10:14:10,7,5,0,12
2022-07-12T10:23:07,7,5,0,12
2022-07-12T10:32:04,7,5,0,12
2022-07-12T10:41:01,7,5,0,12
2022-07-12T10:49:58,7,5,0,12
2022-07-12T10:58:55,7,5,0,12
2022-07-12T11:07:52,7,5,0,12
2022-07-12T11:17:01,7,5,0,12
2022-07-12T11:25:57,7,5,0,12
2022-07-12T11:34:54,7,5,0,12
2022-07-12T11:43:50,7,5,0,12
2022-07-12T11:52:46,7,5,0,12
2022-07-12T12:01:42,7,5,0,12
2022-07-12T12:10:39,7,5,0,12
2022-07-12T12:19:34,7,5,0,12
2022-07-12T12:28:30,7,5,0,12
2022-07-12T12:37:26,7,5,0,12
2022-07-12T12:46:22,7,5,0,12
2022-07-12T12:55:18,7,5,0,12
2022-07-12T13:04:15,7,5,0,12
2022-07-12T13:13:11,7,5,0,12
2022-07-12T13:22:16,7,5,0,12
2022-07-12T13:31:14,7,5,0,12
2022-07-12T13:40:10,7,5,0,12
2022-07-12T13:49:07,7,5,0,12
2022-07-12T13:58:03,7,5,0,12
2022-07-12T14:06:59,7,5,0,12
2022-07-12T14:15:56,7,5,0,12
2022-07-12T14:24:52,7,5,0,12
2022-07-12T14:33:48,7,5,0,12
2022-07-12T14:42:44,7,5,0,12
2022-07-12T14:51:50,7,5,0,12
2022-07-12T15:00:47,7,5,0,12
2022-07-12T15:09:43,7,5,0,12
2022-07-12T15:18:39,7,5,0,12
2022-07-12T15:27:36,7,5,0,12
2022-07-12T15:36:32,7,5,0,12
2022-07-12T15:45:31,7,5,0,12
2022-07-12T15:54:26,7,5,0,12
2022-07-12T16:03:35,7,5,0,12
2022-07-12T16:12:31,7,5,0,12
2022-07-12T16:21:27,7,5,0,12
2022-07-12T16:30:22,7,5,0,12
2022-07-12T16:39:17,7,5,0,12
2022-07-12T16:48:13,7,5,0,12
2022-07-12T16:57:08,7,5,0,12
2022-07-12T17:06:15,7,5,0,12
2022-07-12T17:15:11,7,5,0,12
2022-07-12T17:24:07,7,5,0,12
2022-07-12T17:33:02,7,5,0,12
2022-07-12T17:41:57,7,5,0,12
2022-07-12T17:50:52,7,5,0,12
2022-07-12T17:59:47,7,5,0,12
2022-07-12T18:08:42,7,5,0,12
2022-07-12T18:17:38,7,5,0,12
2022-07-12T18:26:34,7,5,0,12
2022-07-12T18:35:29,7,5,0,12
2022-07-12T18:44:23,7,5,0,12
2022-07-12T18:53:18,7,5,0,12
2022-07-12T19:02:24,7,5,0,12
2022-07-12T19:11:19,7,5,0,12
2022-07-12T19:20:15,7,5,0,12
2022-07-12T19:29:11,7,5,0,12
2022-07-12T19:38:06,7,5,0,12
2022-07-12T19:47:02,7,5,0,12
2022-07-12T19:55:57,7,5,0,12
2022-07-12T20:04:51,7,5,0,12
2022-07-12T20:13:46,7,5,0,12
2022-07-12T20:22:41,7,5,0,12
2022-07-12T20:31:36,7,5,0,12
2022-07-12T20:40:30,7,5,0,12
2022-07-12T20:49:25,7,5,0,12
2022-07-12T20:58:20,7,5,0,12
2022-07-12T21:07:26,7,5,0,12
2022-07-12T21:16:20,7,5,0,12
2022-07-12T21:25:14,7,5,0,12
2022-07-12T21:34:08,7,5,0,12
2022-07-12T21:43:02,7,5,0,12
2022-07-12T21:51:58,7,5,0,12
2022-07-12T22:01:01,7,5,0,12
2022-07-12T22:09:56,7,5,0,12
2022-07-12T22:18:50,7,5,0,12
2022-07-12T22:27:44,7,5,0,12
2022-07-12T22:36:39,7,5,0,12
2022-07-12T22:45:34,7,5,0,12
2022-07-12T22:54:28,7,5,0,12
2022-07-12T23:03:33,7,5,0,12
2022-07-12T23:12:28,7,5,0,12
2022-07-12T23:21:23,7,5,0,12
2022-07-12T23:30:18,7,5,0,12
2022-07-12T23:39:12,7,5,0,12
2022-07-12T23:48:07,7,5,0,12
2022-07-12T23:57:01,7,5,0,12
2022-07-13T00:05:56,7,5,0,12
2022-07-13T00:14:52,7,5,0,12
2022-07-13T00:23:48,7,5,0,12
2022-07-13T00:32:44,7,5,0,12
2022-07-13T00:41:42,7,5,0,12
2022-07-13T00:50:39,7,5,0,12
2022-07-13T00:59:45,7,5,0,12
2022-07-13T01:08:43,7,5,0,12
2022-07-13T01:17:41,7,5,0,12
2022-07-13T01:26:40,7,5,0,12
2022-07-13T01:35:38,7,5,0,12
2022-07-13T01:44:34,7,5,0,12
2022-07-13T01:53:32,7,5,0,12
2022-07-13T02:02:29,7,5,0,12
2022-07-13T02:11:25,7,5,0,12
2022-07-13T02:20:20,7,5,0,12
2022-07-13T02:29:18,7,5,0,12
2022-07-13T02:38:24,7,5,0,12
2022-07-13T02:47:21,7,5,0,12
2022-07-13T02:56:17,7,5,0,12
2022-07-13T03:05:13,7,5,0,12
2022-07-13T03:14:10,7,5,0,12
2022-07-13T03:23:05,7,5,0,12
2022-07-13T03:32:00,7,5,0,12
2022-07-13T03:40:57,7,5,0,12
2022-07-13T03:49:53,7,5,0,12
2022-07-13T03:58:50,7,5,0,12
2022-07-13T04:07:47,7,5,0,12
2022-07-13T04:16:45,7,5,0,12
2022-07-13T04:30:52,7,5,0,12
2022-07-13T04:40:11,7,5,0,12
2022-07-13T04:49:09,7,5,0,12
2022-07-13T04:58:07,7,5,0,12
2022-07-13T05:07:05,7,5,0,12
2022-07-13T05:16:04,7,5,0,12
2022-07-13T05:25:02,7,5,0,12
2022-07-13T05:33:59,7,5,0,12
2022-07-13T05:43:00,7,5,0,12
2022-07-13T05:51:56,7,5,0,12
2022-07-13T06:00:54,7,5,0,12
2022-07-13T06:09:51,7,5,0,12
2022-07-13T06:18:49,7,5,0,12
2022-07-13T06:27:46,7,5,0,12
2022-07-13T06:36:43,7,5,0,12
2022-07-13T06:45:38,7,5,0,12
2022-07-13T06:54:43,7,5,0,12
2022-07-13T07:03:38,7,5,0,12
2022-07-13T07:12:34,7,5,0,12
2022-07-13T07:21:29,7,5,0,12
2022-07-13T07:30:25,7,5,0,12
2022-07-13T07:39:20,7,5,0,12
2022-07-13T07:48:15,7,5,0,12
2022-07-13T07:57:10,7,5,0,12
2022-07-13T08:06:05,7,5,0,12
2022-07-13T08:15:01,7,5,0,12
2022-07-13T08:23:57,7,5,0,12
2022-07-13T08:32:53,7,5,0,12
2022-07-13T08:41:48,7,5,0,12
2022-07-13T08:50:44,7,5,0,12
2022-07-13T08:59:41,7,5,0,12
2022-07-13T09:08:37,7,5,0,12
2022-07-13T09:17:33,7,5,0,12
2022-07-13T09:26:29,7,5,0,12
2022-07-13T09:35:25,7,5,0,12
2022-07-13T09:44:31,7,5,0,12
2022-07-13T09:53:27,7,5,0,12
2022-07-13T10:02:24,7,5,0,12
2022-07-13T10:11:20,7,5,0,12
2022-07-13T10:20:18,7,5,0,12
2022-07-13T10:29:15,7,5,0,12
2022-07-13T10:38:11,7,5,0,12
2022-07-13T10:47:08,7,5,0,12
2022-07-13T10:56:04,7,5,0,12
2022-07-13T11:05:10,7,5,0,12
2022-07-13T11:14:06,7,5,0,12
2022-07-13T11:23:02,7,5,0,12
2022-07-13T11:31:58,7,5,0,12
2022-07-13T11:40:54,7,5,0,12
2022-07-13T11:49:49,7,5,0,12
2022-07-13T11:58:45,7,5,0,12
2022-07-13T12:07:41,7,5,0,12
2022-07-13T12:16:37,7,5,0,12
2022-07-13T12:25:32,7,5,0,12
2022-07-13T12:34:28,7,5,0,12
2022-07-13T12:43:24,7,5,0,12
2022-07-13T12:52:20,7,5,0,12
2022-07-13T13:01:27,7,5,0,12
2022-07-13T13:10:22,7,5,0,12
2022-07-13T13:19:19,7,5,0,12
2022-07-13T13:28:15,7,5,0,12
2022-07-13T13:37:12,7,5,0,12
2022-07-13T13:46:11,7,5,0,12
2022-07-13T13:55:07,7,5,0,12
2022-07-13T14:04:03,7,5,0,12
2022-07-13T14:13:00,7,5,0,12
2022-07-13T14:21:56,7,5,0,12
2022-07-13T14:31:03,7,5,0,12
2022-07-13T14:40:00,7,5,0,12
2022-07-13T14:48:56,7,5,0,12
2022-07-13T14:57:53,7,5,0,12
2022-07-13T15:06:48,7,5,0,12
2022-07-13T15:15:45,7,5,0,12
2022-07-13T15:24:41,7,5,0,12
2022-07-13T15:33:37,7,5,0,12
2022-07-13T15:42:33,7,5,0,12
2022-07-13T15:51:29,7,5,0,12
2022-07-13T16:00:37,7,5,0,12
2022-07-13T16:09:33,7,5,0,12
2022-07-13T16:18:28,7,5,0,12
2022-07-13T16:27:23,7,5,0,12
2022-07-13T16:36:18,7,5,0,12
2022-07-13T16:45:14,7,5,0,12
2022-07-13T16:54:18,7,5,0,12
2022-07-13T17:03:14,7,5,0,12
2022-07-13T17:12:10,7,5,0,12
2022-07-13T17:21:05,7,5,0,12
2022-07-13T17:30:01,7,5,0,12
2022-07-13T17:38:56,7,5,0,12
2022-07-13T17:47:52,7,5,0,12
2022-07-13T17:56:47,7,5,0,12
2022-07-13T18:05:42,7,5,0,12
2022-07-13T18:14:37,7,5,0,12
2022-07-13T18:23:31,7,5,0,12
2022-07-13T18:32:27,7,5,0,12
2022-07-13T18:41:22,7,5,0,12
2022-07-13T18:50:16,7,5,0,12
2022-07-13T18:59:22,6,6,0,12
2022-07-13T19:08:17,6,6,0,12
2022-07-13T19:17:13,6,6,0,12
2022-07-13T19:26:08,6,6,0,12
2022-07-13T19:35:03,6,6,0,12
2022-07-13T19:43:58,6,6,0,12
2022-07-13T19:52:53,6,6,0,12
2022-07-13T20:01:47,6,6,0,12
2022-07-13T20:10:42,6,6,0,12
2022-07-13T20:19:37,6,6,0,12
2022-07-13T20:28:31,6,6,0,12
2022-07-13T20:37:26,6,6,0,12
2022-07-13T20:46:20,6,6,0,12
2022-07-13T20:55:15,6,6,0,12
2022-07-13T21:04:10,6,6,0,12
2022-07-13T21:13:05,6,6,0,12
2022-07-13T21:22:00,6,6,0,12
2022-07-13T21:31:06,6,6,0,12
2022-07-13T21:40:01,6,6,0,12
2022-07-13T21:48:57,6,6,0,12
2022-07-13T21:57:54,6,6,0,12
2022-07-13T22:06:48,6,6,0,12
2022-07-13T22:15:43,6,6,0,12
2022-07-13T22:24:38,6,6,0,12
2022-07-13T22:33:32,6,6,0,12
2022-07-13T22:42:27,6,6,0,12
2022-07-13T22:51:21,6,6,0,12
2022-07-13T23:00:16,6,6,0,12
2022-07-13T23:09:14,6,6,0,12
2022-07-13T23:18:09,6,6,0,12
2022-07-13T23:27:04,6,6,0,12
2022-07-13T23:35:59,6,6,0,12
2022-07-13T23:44:54,6,6,0,12
2022-07-13T23:53:49,6,6,0,12
2022-07-14T00:02:44,6,6,0,12
2022-07-14T00:11:39,6,6,0,12
2022-07-14T00:20:49,6,6,0,12
2022-07-14T00:29:45,6,6,0,12
2022-07-14T00:38:44,6,6,0,12
2022-07-14T00:47:42,6,6,0,12
2022-07-14T00:56:40,6,6,0,12
2022-07-14T01:05:37,6,6,0,12
2022-07-14T01:14:34,6,6,0,12
2022-07-14T01:23:30,6,6,0,12
2022-07-14T01:32:28,6,6,0,12
2022-07-14T01:41:25,6,6,0,12
2022-07-14T01:50:23,6,6,0,12
2022-07-14T01:59:19,6,6,0,12
2022-07-14T02:08:15,6,6,0,12
2022-07-14T02:17:11,6,6,0,12
2022-07-14T02:26:05,6,6,0,12
2022-07-14T02:35:00,6,6,0,12
2022-07-14T02:43:55,6,6,0,12
2022-07-14T02:52:49,6,6,0,12
2022-07-14T03:01:44,6,6,0,12
2022-07-14T03:10:51,6,6,0,12
2022-07-14T03:19:46,6,6,0,12
2022-07-14T03:28:39,6,6,0,12
2022-07-14T03:37:33,6,6,0,12
2022-07-14T03:46:29,6,6,0,12
2022-07-14T03:55:25,6,6,0,12
2022-07-14T04:06:48,6,6,0,12
2022-07-14T04:16:08,6,6,0,12
2022-07-14T04:28:53,6,6,0,12
2022-07-14T04:38:13,6,6,0,12
2022-07-14T04:47:11,6,6,0,12
2022-07-14T04:56:09,6,6,0,12
2022-07-14T05:05:06,6,6,0,12
2022-07-14T05:14:04,6,6,0,12
2022-07-14T05:23:01,6,6,0,12
2022-07-14T05:31:59,6,6,0,12
2022-07-14T05:40:56,6,6,0,12
2022-07-14T05:49:53,6,6,0,12
2022-07-14T05:58:49,6,6,0,12
2022-07-14T06:07:46,6,6,0,12
2022-07-14T06:16:43,6,6,0,12
2022-07-14T06:25:40,6,6,0,12
2022-07-14T06:34:37,6,6,0,12
2022-07-14T06:43:33,6,6,0,12
2022-07-14T06:52:30,6,6,0,12
2022-07-14T07:01:28,6,6,0,12
2022-07-14T07:10:25,6,6,0,12
2022-07-14T07:19:22,6,6,0,12
2022-07-14T07:28:23,6,6,0,12
2022-07-14T07:37:21,6,6,0,12
2022-07-14T07:46:19,6,6,0,12
2022-07-14T07:55:15,6,6,0,12
2022-07-14T08:04:11,6,6,0,12
2022-07-14T08:13:07,6,6,0,12
2022-07-14T08:22:03,6,6,0,12
2022-07-14T08:31:00,6,6,0,12
2022-07-14T08:39:56,6,6,0,12
2022-07-14T08:48:51,6,6,0,12
2022-07-14T08:57:58,6,6,0,12
2022-07-14T09:06:54,6,6,0,12
2022-07-14T09:15:51,6,6,0,12
2022-07-14T09:24:47,6,6,0,12
2022-07-14T09:33:43,6,6,0,12
2022-07-14T09:42:40,6,6,0,12
2022-07-14T09:51:36,6,6,0,12
2022-07-14T10:00:33,6,6,0,12
2022-07-14T10:09:29,6,6,0,12
2022-07-14T10:18:26,6,6,0,12
2022-07-14T10:27:22,6,6,0,12
2022-07-14T10:36:20,6,6,0,12
2022-07-14T10:45:17,6,6,0,12
2022-07-14T10:54:25,6,6,0,12
2022-07-14T11:03:21,6,6,0,12
2022-07-14T11:12:17,6,6,0,12
2022-07-14T11:21:13,6,6,0,12
2022-07-14T11:30:10,6,6,0,12
2022-07-14T11:39:06,6,6,0,12
2022-07-14T11:48:02,6,6,0,12
2022-07-14T11:56:59,6,6,0,12
2022-07-14T12:05:56,6,6,0,12
2022-07-14T12:14:52,6,6,0,12
2022-07-14T12:23:49,6,6,0,12
2022-07-14T12:32:45,6,6,0,12
2022-07-14T12:41:41,6,6,0,12
2022-07-14T12:50:36,6,6,0,12
2022-07-14T12:59:44,6,6,0,12
2022-07-14T13:08:41,6,6,0,12
2022-07-14T13:17:38,6,6,0,12
2022-07-14T13:26:46,6,6,0,12
2022-07-14T13:35:53,6,6,0,12
2022-07-14T13:45:06,6,6,0,12
2022-07-14T13:54:20,6,6,0,12
2022-07-14T14:03:30,6,6,0,12
2022-07-14T14:12:40,6,6,0,12
2022-07-14T14:21:49,6,6,0,12
2022-07-14T14:30:55,6,6,0,12
2022-07-14T14:40:00,6,6,0,12
2022-07-14T14:49:07,6,6,0,12
2022-07-14T14:58:15,6,6,0,12
2022-07-14T15:07:26,6,6,0,12
2022-07-14T15:16:44,6,6,0,12
2022-07-14T15:25:51,6,6,0,12
2022-07-14T15:34:57,6,6,0,12
2022-07-14T15:44:03,6,6,0,12
2022-07-14T15:53:09,6,6,0,12
2022-07-14T16:02:15,6,6,0,12
2022-07-14T16:11:21,6,6,0,12
2022-07-14T16:20:23,6,6,0,12
2022-07-14T16:29:26,6,6,0,12
2022-07-14T16:38:25,6,6,0,12
2022-07-14T16:47:22,6,6,0,12
2022-07-14T16:56:17,6,6,0,12
2022-07-14T17:05:13,6,6,0,12
2022-07-14T17:14:09,6,6,0,12
2022-07-14T17:23:04,6,6,0,12
2022-07-14T17:32:10,6,6,0,12
2022-07-14T17:41:06,6,6,0,12
2022-07-14T17:50:01,6,6,0,12
2022-07-14T17:58:56,6,6,0,12
2022-07-14T18:07:52,6,6,0,12
2022-07-14T18:16:46,6,6,0,12
2022-07-14T18:25:41,6,6,0,12
2022-07-14T18:34:36,6,6,0,12
2022-07-14T18:43:30,6,6,0,12
2022-07-14T18:52:25,6,6,0,12
2022-07-14T19:01:21,6,6,0,12
2022-07-14T19:10:29,6,6,0,12
2022-07-14T19:19:24,6,6,0,12
2022-07-14T19:28:20,6,6,0,12
2022-07-14T19:37:14,6,6,0,12
2022-07-14T19:46:09,6,6,0,12
2022-07-14T19:55:04,6,6,0,12
2022-07-14T20:03:58,6,6,0,12
2022-07-14T20:12:52,6,6,0,12
2022-07-14T20:21:46,6,6,0,12
2022-07-14T20:30:41,6,6,0,12
2022-07-14T20:39:36,6,6,0,12
2022-07-14T20:48:41,6,6,0,12
2022-07-14T20:57:36,6,6,0,12
2022-07-14T21:06:30,6,6,0,12
2022-07-14T21:15:25,6,6,0,12
2022-07-14T21:24:20,6,6,0,12
2022-07-14T21:33:15,6,6,0,12
2022-07-14T21:42:09,6,6,0,12
2022-07-14T21:51:07,6,6,0,12
2022-07-14T22:00:02,6,6,0,12
2022-07-14T22:08:56,6,6,0,12
2022-07-14T22:17:51,6,6,0,12
2022-07-14T22:26:45,6,6,0,12
2022-07-14T22:35:40,6,6,0,12
2022-07-14T22:44:34,6,6,0,12
2022-07-14T22:53:29,6,6,0,12
2022-07-14T23:02:23,6,6,0,12
2022-07-14T23:11:19,6,6,0,12
2022-07-14T23:20:15,6,6,0,12
2022-07-14T23:29:10,6,6,0,12
2022-07-14T23:38:05,6,6,0,12
2022-07-14T23:47:00,6,6,0,12
2022-07-14T23:55:54,6,6,0,12
2022-07-15T00:04:49,6,6,0,12
2022-07-15T00:14:00,6,6,0,12
2022-07-15T00:22:56,6,6,0,12
2022-07-15T00:31:52,6,6,0,12
2022-07-15T00:40:49,6,6,0,12
2022-07-15T00:49:46,6,6,0,12
2022-07-15T00:58:44,6,6,0,12
2022-07-15T01:07:40,6,6,0,12
2022-07-15T01:16:38,6,6,0,12
2022-07-15T01:25:35,6,6,0,12
2022-07-15T01:34:32,6,6,0,12
2022-07-15T01:43:28,6,6,0,12
2022-07-15T01:52:24,6,6,0,12
2022-07-15T02:01:21,6,6,0,12
2022-07-15T02:10:17,6,6,0,12
2022-07-15T02:19:14,6,6,0,12
2022-07-15T02:28:11,6,6,0,12
2022-07-15T02:37:08,6,6,0,12
2022-07-15T02:46:04,6,6,0,12
2022-07-15T02:55:00,6,6,0,12
2022-07-15T03:03:56,6,6,0,12
2022-07-15T03:12:51,6,6,0,12
2022-07-15T03:21:46,6,6,0,12
2022-07-15T03:30:41,6,6,0,12
2022-07-15T03:39:47,6,6,0,12
2022-07-15T03:48:43,6,6,0,12
2022-07-15T03:59:53,6,6,0,12
2022-07-15T04:20:10,6,6,0,12
2022-07-15T04:29:31,6,6,0,12
2022-07-15T04:38:29,6,6,0,12
2022-07-15T04:47:26,6,6,0,12
2022-07-15T04:56:23,6,6,0,12
2022-07-15T05:05:22,6,6,0,12
2022-07-15T05:14:19,6,6,0,12
2022-07-15T05:23:15,6,6,0,12
2022-07-15T05:32:12,6,6,0,12
2022-07-15T05:41:12,6,6,0,12
2022-07-15T05:50:10,6,6,0,12
2022-07-15T05:59:07,6,6,0,12
2022-07-15T06:08:03,6,6,0,12
2022-07-15T06:17:00,6,6,0,12
2022-07-15T06:25:56,6,6,0,12
2022-07-15T06:34:52,6,6,0,12
2022-07-15T06:43:47,6,6,0,12
2022-07-15T06:52:42,6,6,0,12
2022-07-15T07:01:37,6,6,0,12
2022-07-15T07:10:42,6,6,0,12
2022-07-15T07:19:38,6,6,0,12
2022-07-15T07:28:33,6,6,0,12
2022-07-15T07:37:29,6,6,0,12
2022-07-15T07:46:24,6,6,0,12
2022-07-15T07:55:19,6,6,0,12
2022-07-15T08:04:14,6,6,0,12
2022-07-15T08:13:09,6,6,0,12
2022-07-15T08:22:04,6,6,0,12
2022-07-15T08:31:02,6,6,0,12
2022-07-15T08:39:57,6,6,0,12
2022-07-15T08:48:52,6,6,0,12
2022-07-15T08:57:48,6,6,0,12
2022-07-15T09:06:43,6,6,0,12
2022-07-15T09:15:39,6,6,0,12
2022-07-15T09:24:35,6,6,0,12
2022-07-15T09:33:31,6,6,0,12
2022-07-15T09:42:28,6,6,0,12
2022-07-15T09:51:24,6,6,0,12
2022-07-15T10:00:20,6,6,0,12
2022-07-15T10:09:16,6,6,0,12
2022-07-15T10:18:13,6,6,0,12
2022-07-15T10:27:21,6,6,0,12
2022-07-15T10:36:18,6,6,0,12
2022-07-15T10:45:15,6,6,0,12
2022-07-15T10:54:11,6,6,0,12
2022-07-15T11:03:08,6,6,0,12
2022-07-15T11:12:06,6,6,0,12
2022-07-15T11:21:03,6,6,0,12
2022-07-15T11:30:00,6,6,0,12
2022-07-15T11:38:57,6,6,0,12
2022-07-15T11:47:52,6,6,0,12
2022-07-15T11:56:48,6,6,0,12
2022-07-15T12:05:44,6,6,0,12
2022-07-15T12:14:40,6,6,0,12
2022-07-15T12:23:53,6,6,0,12
2022-07-15T12:32:49,6,6,0,12
2022-07-15T12:41:44,6,6,0,12
2022-07-15T12:50:39,6,6,0,12
2022-07-15T12:59:35,6,6,0,12
2022-07-15T13:08:31,6,6,0,12
2022-07-15T13:17:26,6,6,0,12
2022-07-15T13:26:22,6,6,0,12
2022-07-15T13:35:17,6,6,0,12
2022-07-15T13:44:13,6,6,0,12
2022-07-15T13:53:09,6,6,0,12
2022-07-15T14:02:21,6,6,0,12
2022-07-15T14:11:17,6,6,0,12
2022-07-15T14:20:12,6,6,0,12
2022-07-15T14:29:09,6,6,0,12
2022-07-15T14:38:05,6,6,0,12
2022-07-15T14:47:01,6,6,0,12
2022-07-15T14:55:58,6,6,0,12
2022-07-15T15:04:54,6,6,0,12
2022-07-15T15:13:51,6,6,0,12
2022-07-15T15:22:48,6,6,0,12
2022-07-15T15:31:45,6,6,0,12
2022-07-15T15:40:41,6,6,0,12
2022-07-15T15:49:37,6,6,0,12
2022-07-15T15:58:33,6,6,0,12
2022-07-15T16:07:40,6,6,0,12
2022-07-15T16:16:35,6,6,0,12
2022-07-15T16:25:31,6,6,0,12
2022-07-15T16:34:26,6,6,0,12
2022-07-15T16:43:21,6,6,0,12
2022-07-15T16:52:16,6,6,0,12
2022-07-15T17:01:12,6,6,0,12
2022-07-15T17:10:07,6,6,0,12
2022-07-15T17:19:03,6,6,0,12
2022-07-15T17:27:58,6,6,0,12
2022-07-15T17:36:52,6,6,0,12
2022-07-15T17:45:47,6,6,0,12
2022-07-15T17:54:42,6,6,0,12
2022-07-15T18:03:37,6,6,0,12
2022-07-15T18:12:32,6,6,0,12
2022-07-15T18:21:27,6,6,0,12
2022-07-15T18:30:39,6,6,0,12
2022-07-15T18:39:33,6,6,0,12
2022-07-15T18:48:28,6,6,0,12
2022-07-15T18:57:22,6,6,0,12
2022-07-15T19:06:17,6,6,0,12
2022-07-15T19:15:11,6,6,0,12
2022-07-15T19:24:06,6,6,0,12
2022-07-15T19:33:01,6,6,0,12
2022-07-15T19:41:55,6,6,0,12
2022-07-15T19:50:50,6,6,0,12
2022-07-15T19:59:44,6,6,0,12
2022-07-15T20:08:39,6,6,0,12
2022-07-15T20:17:33,6,6,0,12
2022-07-15T20:26:27,6,6,0,12
2022-07-15T20:35:22,6,6,0,12
2022-07-15T20:44:16,6,6,0,12
2022-07-15T20:53:11,6,6,0,12
2022-07-15T21:02:05,6,6,0,12
2022-07-15T21:11:00,6,6,0,12
2022-07-15T21:19:55,6,6,0,12
2022-07-15T21:29:00,6,6,0,12
2022-07-15T21:37:55,6,6,0,12
2022-07-15T21:46:49,6,6,0,12
2022-07-15T21:55:43,6,6,0,12
2022-07-15T22:04:38,6,6,0,12
2022-07-15T22:13:32,6,6,0,12
2022-07-15T22:22:26,6,6,0,12
2022-07-15T22:31:21,6,6,0,12
2022-07-15T22:40:16,6,6,0,12
2022-07-15T22:49:10,6,6,0,12
2022-07-15T22:58:05,6,6,0,12
2022-07-15T23:07:00,6,6,0,12
2022-07-15T23:15:57,6,6,0,12
2022-07-15T23:24:54,6,6,0,12
2022-07-15T23:33:49,6,6,0,12
2022-07-15T23:42:44,6,6,0,12
2022-07-15T23:51:39,6,6,0,12
2022-07-16T00:00:33,6,6,0,12
2022-07-16T00:09:29,6,6,0,12
2022-07-16T00:18:26,6,6,0,12
2022-07-16T00:27:59,6,6,0,12
2022-07-16T00:36:56,6,6,0,12
2022-07-16T00:45:53,6,6,0,12
2022-07-16T00:54:51,6,6,0,12
2022-07-16T01:03:49,6,6,0,12
2022-07-16T01:12:48,6,6,0,12
2022-07-16T01:21:45,6,6,0,12
2022-07-16T01:30:43,6,6,0,12
2022-07-16T01:39:42,6,6,0,12
2022-07-16T01:48:45,6,6,0,12
2022-07-16T01:57:49,6,6,0,12
2022-07-16T02:06:52,6,6,0,12
2022-07-16T02:15:55,6,6,0,12
2022-07-16T02:24:57,6,6,0,12
2022-07-16T02:34:00,6,6,0,12
2022-07-16T02:43:03,6,6,0,12
2022-07-16T02:52:08,6,6,0,12
2022-07-16T03:01:13,6,6,0,12
2022-07-16T03:10:12,6,6,0,12
2022-07-16T03:19:09,6,6,0,12
2022-07-16T03:28:06,6,6,0,12
2022-07-16T03:37:12,6,6,0,12
2022-07-16T03:46:08,6,6,0,12
2022-07-16T03:57:07,6,6,0,12
2022-07-16T04:06:21,6,6,0,12
2022-07-16T04:15:18,6,6,0,12
2022-07-16T04:28:50,6,6,0,12
2022-07-16T04:38:13,6,6,0,12
2022-07-16T04:47:12,6,6,0,12
2022-07-16T04:56:11,6,6,0,12
2022-07-16T05:05:09,6,6,0,12
2022-07-16T05:14:06,6,6,0,12
2022-07-16T05:23:03,6,6,0,12
2022-07-16T05:32:01,6,6,0,12
2022-07-16T05:40:59,6,6,0,12
2022-07-16T05:49:55,6,6,0,12
2022-07-16T05:58:53,6,6,0,12
2022-07-16T06:07:53,6,6,0,12
2022-07-16T06:16:49,6,6,0,12
2022-07-16T06:25:46,6,6,0,12
2022-07-16T06:34:42,6,6,0,12
2022-07-16T06:43:49,6,6,0,12
2022-07-16T06:52:46,6,6,0,12
2022-07-16T07:01:43,6,6,0,12
2022-07-16T07:10:39,6,6,0,12
2022-07-16T07:19:37,6,6,0,12
2022-07-16T07:28:34,6,6,0,12
2022-07-16T07:37:31,6,6,0,12
2022-07-16T07:46:28,6,6,0,12
2022-07-16T07:55:24,6,6,0,12
2022-07-16T08:04:21,6,6,0,12
2022-07-16T08:13:18,6,6,0,12
2022-07-16T08:22:16,6,6,0,12
2022-07-16T08:31:14,6,6,0,12
2022-07-16T08:40:12,6,6,0,12
2022-07-16T08:49:08,6,6,0,12
2022-07-16T08:58:04,6,6,0,12
2022-07-16T09:07:00,6,6,0,12
2022-07-16T09:15:59,6,6,0,12
2022-07-16T09:24:56,6,6,0,12
2022-07-16T09:33:51,6,6,0,12
2022-07-16T09:42:47,6,6,0,12
2022-07-16T09:51:45,6,6,0,12
2022-07-16T10:00:41,6,6,0,12
2022-07-16T10:09:37,6,6,0,12
2022-07-16T10:18:32,6,6,0,12
2022-07-16T10:27:27,6,6,0,12
2022-07-16T10:36:21,6,6,0,12
2022-07-16T10:45:16,6,6,0,12
2022-07-16T10:54:10,6,6,0,12
2022-07-16T11:03:04,6,6,0,12
2022-07-16T11:11:59,6,6,0,12
2022-07-16T11:20:54,6,6,0,12
2022-07-16T11:29:49,6,6,0,12
2022-07-16T11:38:44,6,6,0,12
2022-07-16T11:47:38,6,6,0,12
2022-07-16T11:56:33,6,6,0,12
2022-07-16T12:05:28,6,6,0,12
2022-07-16T12:14:23,6,6,0,12
2022-07-16T12:23:17,6,6,0,12
2022-07-16T12:32:12,6,6,0,12
2022-07-16T12:41:06,6,6,0,12
2022-07-16T12:50:00,6,6,0,12
2022-07-16T12:58:55,6,6,0,12
2022-07-16T13:08:00,6,6,0,12
2022-07-16T13:16:54,6,6,0,12
2022-07-16T13:25:49,6,6,0,12
2022-07-16T13:34:43,6,6,0,12
2022-07-16T13:43:38,6,6,0,12
2022-07-16T13:52:32,6,6,0,12
2022-07-16T14:01:26,6,6,0,12
2022-07-16T14:10:21,6,6,0,12
2022-07-16T14:19:15,6,6,0,12
2022-07-16T14:28:10,6,6,0,12
2022-07-16T14:37:04,6,6,0,12
2022-07-16T14:45:58,6,6,0,12
2022-07-16T14:54:53,6,6,0,12
2022-07-16T15:03:47,6,6,0,12
2022-07-16T15:12:41,6,6,0,12
2022-07-16T15:21:35,6,6,0,12
2022-07-16T15:30:29,6,6,0,12
2022-07-16T15:39:23,6,6,0,12
2022-07-16T15:48:18,6,6,0,12
2022-07-16T15:57:12,6,6,0,12
2022-07-16T16:06:07,6,6,0,12
2022-07-16T16:15:01,6,6,0,12
2022-07-16T16:23:55,6,6,0,12
2022-07-16T16:32:50,6,6,0,12
2022-07-16T16:41:45,6,6,0,12
2022-07-16T16:50:40,6,6,0,12
2022-07-16T16:59:34,6,6,0,12
2022-07-16T17:08:29,6,6,0,12
2022-07-16T17:17:24,6,6,0,12
2022-07-16T17:26:19,6,6,0,12
2022-07-16T17:35:13,6,6,0,12
2022-07-16T17:44:08,6,6,0,12
2022-07-16T17:53:02,6,6,0,12
2022-07-16T18:01:57,6,6,0,12
2022-07-16T18:10:51,6,6,0,12
2022-07-16T18:19:45,6,6,0,12
2022-07-16T18:28:40,6,6,0,12
2022-07-16T18:37:34,6,6,0,12
2022-07-16T18:46:29,6,6,0,12
2022-07-16T18:55:23,6,6,0,12
2022-07-16T19:04:18,6,6,0,12
2022-07-16T19:13:12,6,6,0,12
2022-07-16T19:22:07,6,6,0,12
2022-07-16T19:31:01,6,6,0,12
2022-07-16T19:39:56,6,6,0,12
2022-07-16T19:48:50,6,6,0,12
2022-07-16T19:57:44,6,6,0,12
2022-07-16T20:06:38,6,6,0,12
2022-07-16T20:15:32,6,6,0,12
2022-07-16T20:24:27,6,6,0,12
2022-07-16T20:33:21,6,6,0,12
2022-07-16T20:42:16,6,6,0,12
2022-07-16T20:51:10,6,6,0,12
2022-07-16T21:00:04,6,6,0,12
2022-07-16T21:08:59,6,6,0,12
2022-07-16T21:17:53,6,6,0,12
2022-07-16T21:26:48,6,6,0,12
2022-07-16T21:35:44,6,6,0,12
2022-07-16T21:44:38,6,6,0,12
2022-07-16T21:53:33,6,6,0,12
2022-07-16T22:02:27,6,6,0,12
2022-07-16T22:11:22,6,6,0,12
2022-07-16T22:20:16,6,6,0,12
2022-07-16T22:29:11,6,6,0,12
2022-07-16T22:38:05,6,6,0,12
2022-07-16T22:46:59,6,6,0,12
2022-07-16T22:55:54,6,6,0,12
2022-07-16T23:05:00,6,6,0,12
2022-07-16T23:13:55,6,6,0,12
2022-07-16T23:22:49,6,6,0,12
2022-07-16T23:31:44,6,6,0,12
2022-07-16T23:40:38,6,6,0,12
2022-07-16T23:49:32,6,6,0,12
2022-07-16T23:58:27,6,6,0,12
2022-07-17T00:07:21,6,6,0,12
2022-07-17T00:16:16,6,6,0,12
2022-07-17T00:25:11,6,6,0,12
2022-07-17T00:34:06,6,6,0,12
2022-07-17T00:43:02,6,6,0,12
2022-07-17T00:51:56,6,6,0,12
2022-07-17T01:00:51,6,6,0,12
2022-07-17T01:09:47,6,6,0,12
2022-07-17T01:18:42,6,6,0,12
2022-07-17T01:27:37,6,6,0,12
2022-07-17T01:36:32,6,6,0,12
2022-07-17T01:55:32,6,6,0,12
2022-07-17T02:04:27,6,6,0,12
2022-07-17T02:13:24,6,6,0,12
2022-07-17T02:22:22,6,6,0,12
2022-07-17T02:31:21,6,6,0,12
2022-07-17T02:40:47,6,6,0,12
2022-07-17T02:49:43,6,6,0,12
2022-07-17T02:58:41,6,6,0,12
2022-07-17T03:07:38,6,6,0,12
2022-07-17T03:16:35,6,6,0,12
2022-07-17T03:25:32,6,6,0,12
2022-07-17T03:34:28,6,6,0,12
2022-07-17T03:43:23,6,6,0,12
2022-07-17T03:52:19,6,6,0,12
2022-07-17T04:03:39,6,6,0,12
2022-07-17T04:24:29,6,6,0,12
2022-07-17T04:33:46,6,6,0,12
2022-07-17T04:42:44,6,6,0,12
2022-07-17T04:51:43,6,6,0,12
2022-07-17T05:00:39,6,6,0,12
2022-07-17T05:09:37,6,6,0,12
2022-07-17T05:18:35,6,6,0,12
2022-07-17T05:27:32,6,6,0,12
2022-07-17T05:36:29,6,6,0,12
2022-07-17T05:45:24,6,6,0,12
2022-07-17T05:54:21,6,6,0,12
2022-07-17T06:03:18,6,6,0,12
2022-07-17T06:12:14,6,6,0,12
2022-07-17T06:21:10,6,6,0,12
2022-07-17T06:30:07,6,6,0,12
2022-07-17T06:39:02,6,6,0,12
2022-07-17T06:47:57,6,6,0,12
2022-07-17T06:56:51,6,6,0,12
2022-07-17T07:05:45,6,6,0,12
2022-07-17T07:14:40,6,6,0,12
2022-07-17T07:23:34,6,6,0,12
2022-07-17T07:32:29,6,6,0,12
2022-07-17T07:41:23,6,6,0,12
2022-07-17T07:50:18,6,6,0,12
2022-07-17T07:59:12,6,6,0,12
2022-07-17T08:08:06,6,6,0,12
2022-07-17T08:17:00,6,6,0,12
2022-07-17T08:25:54,6,6,0,12
2022-07-17T08:34:49,6,6,0,12
2022-07-17T08:43:43,6,6,0,12
2022-07-17T08:52:41,6,6,0,12
2022-07-17T09:01:34,6,6,0,12
2022-07-17T09:10:28,6,6,0,12
2022-07-17T09:19:22,6,6,0,12
2022-07-17T09:28:17,6,6,0,12
2022-07-17T09:37:11,6,6,0,12
2022-07-17T09:46:05,6,6,0,12
2022-07-17T09:54:59,6,6,0,12
2022-07-17T10:03:54,6,6,0,12
2022-07-17T10:12:48,6,6,0,12
2022-07-17T10:21:43,6,6,0,12
2022-07-17T10:30:37,6,6,0,12
2022-07-17T10:39:32,6,6,0,12
2022-07-17T10:48:35,6,6,0,12
2022-07-17T10:57:30,6,6,0,12
2022-07-17T11:06:24,6,6,0,12
2022-07-17T11:15:19,6,6,0,12
2022-07-17T11:24:13,6,6,0,12
2022-07-17T11:33:08,6,6,0,12
2022-07-17T11:42:03,6,6,0,12
2022-07-17T11:50:58,6,6,0,12
2022-07-17T11:59:52,6,6,0,12
2022-07-17T12:08:47,6,6,0,12
2022-07-17T12:17:41,6,6,0,12
2022-07-17T12:26:36,6,6,0,12
2022-07-17T12:35:30,6,6,0,12
2022-07-17T12:44:25,6,6,0,12
2022-07-17T12:53:20,6,6,0,12
2022-07-17T13:02:15,6,6,0,12
2022-07-17T13:11:09,6,6,0,12
2022-07-17T13:20:04,6,6,0,12
2022-07-17T13:28:58,6,6,0,12
2022-07-17T13:37:53,6,6,0,12
2022-07-17T13:46:47,6,6,0,12
2022-07-17T13:55:41,6,6,0,12
2022-07-17T14:04:36,6,6,0,12
2022-07-17T14:13:30,6,6,0,12
2022-07-17T14:22:35,6,6,0,12
2022-07-17T14:31:29,6,6,0,12
2022-07-17T14:40:23,6,6,0,12
2022-07-17T14:49:18,6,6,0,12
2022-07-17T14:58:12,6,6,0,12
2022-07-17T15:07:06,6,6,0,12
2022-07-17T15:16:00,6,6,0,12
2022-07-17T15:24:55,6,6,0,12
2022-07-17T15:33:49,6,6,0,12
2022-07-17T15:42:44,6,6,0,12
2022-07-17T15:51:39,6,6,0,12
2022-07-17T16:00:33,6,6,0,12
2022-07-17T16:09:28,6,6,0,12
2022-07-17T16:18:23,6,6,0,12
2022-07-17T16:27:18,6,6,0,12
2022-07-17T16:36:13,6,6,0,12
2022-07-17T16:45:08,6,6,0,12
2022-07-17T16:54:02,6,6,0,12
2022-07-17T17:02:57,6,6,0,12
2022-07-17T17:11:52,6,6,0,12
2022-07-17T17:20:47,6,6,0,12
2022-07-17T17:29:42,6,6,0,12
2022-07-17T17:38:37,6,6,0,12
2022-07-17T17:47:31,6,6,0,12
2022-07-17T17:56:35,6,6,0,12
2022-07-17T18:05:30,6,6,0,12
2022-07-17T18:14:24,6,6,0,12
2022-07-17T18:23:19,6,6,0,12
2022-07-17T18:32:13,6,6,0,12
2022-07-17T18:41:08,6,6,0,12
2022-07-17T18:50:02,6,6,0,12
2022-07-17T18:58:56,6,6,0,12
2022-07-17T19:07:52,6,6,0,12
2022-07-17T19:16:47,6,6,0,12
2022-07-17T19:25:41,6,6,0,12
2022-07-17T19:34:36,6,6,0,12
2022-07-17T19:43:33,6,6,0,12
2022-07-17T19:52:29,6,6,0,12
2022-07-17T20:01:27,6,6,0,12
2022-07-17T20:10:28,6,6,0,12
2022-07-17T20:19:27,6,6,0,12
2022-07-17T20:28:22,6,6,0,12
2022-07-17T20:37:26,6,6,0,12
2022-07-17T20:46:20,6,6,0,12
2022-07-17T20:55:16,6,6,0,12
2022-07-17T21:04:11,6,6,0,12
2022-07-17T21:13:06,6,6,0,12
2022-07-17T21:22:01,6,6,0,12
2022-07-17T21:30:56,6,6,0,12
2022-07-17T21:39:52,6,6,0,12
2022-07-17T21:48:48,6,6,0,12
2022-07-17T21:57:43,6,6,0,12
2022-07-17T22:06:39,6,6,0,12
2022-07-17T22:15:33,6,6,0,12
2022-07-17T22:24:28,6,6,0,12
2022-07-17T22:33:22,6,6,0,12
2022-07-17T22:42:17,6,6,0,12
2022-07-17T22:51:11,6,6,0,12
2022-07-17T23:00:05,6,6,0,12
2022-07-17T23:09:01,6,6,0,12
2022-07-17T23:17:56,6,6,0,12
2022-07-17T23:26:51,6,6,0,12
2022-07-17T23:35:46,6,6,0,12
2022-07-17T23:44:40,6,6,0,12
2022-07-17T23:53:35,6,6,0,12
2022-07-18T00:02:39,6,6,0,12
2022-07-18T00:11:36,6,6,0,12
2022-07-18T00:20:34,6,6,0,12
2022-07-18T00:29:30,6,6,0,12
2022-07-18T00:38:28,6,6,0,12
2022-07-18T00:47:24,6,6,0,12
2022-07-18T00:56:21,6,6,0,12
2022-07-18T01:05:17,6,6,0,12
2022-07-18T01:14:20,6,6,0,12
2022-07-18T01:23:17,6,6,0,12
2022-07-18T01:32:14,6,6,0,12
2022-07-18T01:41:10,6,6,0,12
2022-07-18T01:50:06,6,6,0,12
2022-07-18T01:59:03,6,6,0,12
2022-07-18T02:08:15,6,6,0,12
2022-07-18T02:17:12,6,6,0,12
2022-07-18T02:26:08,6,6,0,12
2022-07-18T02:35:06,6,6,0,12
2022-07-18T02:44:02,6,6,0,12
2022-07-18T02:52:58,6,6,0,12
2022-07-18T03:01:53,6,6,0,12
2022-07-18T03:10:48,6,6,0,12
2022-07-18T03:19:42,6,6,0,12
2022-07-18T03:28:36,6,6,0,12
2022-07-18T03:37:33,6,6,0,12
2022-07-18T03:46:29,6,6,0,12
2022-07-18T03:57:31,6,6,0,12
2022-07-18T04:06:49,6,6,0,12
2022-07-18T04:27:09,6,6,0,12
2022-07-18T04:36:27,6,6,0,12
2022-07-18T04:45:25,6,6,0,12
2022-07-18T04:54:24,6,6,0,12
2022-07-18T05:03:22,6,6,0,12
2022-07-18T05:12:20,6,6,0,12
2022-07-18T05:21:18,6,6,0,12
2022-07-18T05:30:16,6,6,0,12
2022-07-18T05:39:13,6,6,0,12
2022-07-18T05:48:08,6,6,0,12
2022-07-18T05:57:04,6,6,0,12
2022-07-18T06:06:00,6,6,0,12
2022-07-18T06:14:56,6,6,0,12
2022-07-18T06:23:52,6,6,0,12
2022-07-18T06:32:48,6,6,0,12
2022-07-18T06:41:43,6,6,0,12
2022-07-18T06:50:40,6,6,0,12
2022-07-18T06:59:35,6,6,0,12
2022-07-18T07:08:31,6,6,0,12
2022-07-18T07:17:26,6,6,0,12
2022-07-18T07:26:23,6,6,0,12
2022-07-18T07:35:18,6,6,0,12
2022-07-18T07:44:14,6,6,0,12
2022-07-18T07:53:09,6,6,0,12
2022-07-18T08:02:06,6,6,0,12
2022-07-18T08:11:01,6,6,0,12
2022-07-18T08:19:57,6,6,0,12
2022-07-18T08:28:53,6,6,0,12
2022-07-18T08:37:58,6,6,0,12
2022-07-18T08:46:54,6,6,0,12
2022-07-18T08:55:54,6,6,0,12
2022-07-18T09:04:50,6,6,0,12
2022-07-18T09:13:46,6,6,0,12
2022-07-18T09:22:45,6,6,0,12
2022-07-18T09:31:48,6,6,0,12
2022-07-18T09:40:53,6,6,0,12
2022-07-18T09:49:58,6,6,0,12
2022-07-18T09:59:01,6,6,0,12
2022-07-18T10:08:04,6,6,0,12
2022-07-18T10:17:07,6,6,0,12
2022-07-18T10:26:11,6,6,0,12
2022-07-18T10:35:15,6,6,0,12
2022-07-18T10:44:18,6,6,0,12
2022-07-18T10:53:33,6,6,0,12
2022-07-18T11:02:33,6,6,0,12
2022-07-18T11:11:34,6,6,0,12
2022-07-18T11:20:33,6,6,0,12
2022-07-18T11:29:30,6,6,0,12
2022-07-18T11:38:27,6,6,0,12
2022-07-18T11:47:23,6,6,0,12
2022-07-18T11:56:20,6,6,0,12
2022-07-18T12:05:17,6,6,0,12
2022-07-18T12:14:13,6,6,0,12
2022-07-18T12:23:08,6,6,0,12
2022-07-18T12:32:03,6,6,0,12
2022-07-18T12:40:59,6,6,0,12
2022-07-18T12:49:56,6,6,0,12
2022-07-18T12:58:52,6,6,0,12
2022-07-18T13:07:49,6,6,0,12
2022-07-18T13:16:45,6,6,0,12
2022-07-18T13:25:51,6,6,0,12
2022-07-18T13:34:48,6,6,0,12
2022-07-18T13:43:44,6,6,0,12
2022-07-18T13:52:41,6,6,0,12
2022-07-18T14:01:38,6,6,0,12
2022-07-18T14:10:35,6,6,0,12
2022-07-18T14:19:31,6,6,0,12
2022-07-18T14:28:27,6,6,0,12
2022-07-18T14:37:25,6,6,0,12
2022-07-18T14:46:22,6,6,0,12
2022-07-18T14:55:18,6,6,0,12
2022-07-18T15:04:13,6,6,0,12
2022-07-18T15:13:09,6,6,0,12
2022-07-18T15:22:05,6,6,0,12
2022-07-18T15:31:10,6,6,0,12
2022-07-18T15:40:07,6,6,0,12
2022-07-18T15:49:04,6,6,0,12
2022-07-18T15:58:00,6,6,0,12
2022-07-18T16:06:58,6,6,0,12
2022-07-18T16:15:53,6,6,0,12
2022-07-18T16:24:49,6,6,0,12
2022-07-18T16:33:46,6,6,0,12
2022-07-18T16:42:44,6,6,0,12
2022-07-18T16:51:39,6,6,0,12
2022-07-18T17:00:35,6,6,0,12
2022-07-18T17:09:32,6,6,0,12
2022-07-18T17:18:28,6,6,0,12
2022-07-18T17:27:33,6,6,0,12
2022-07-18T17:36:28,6,6,0,12
2022-07-18T17:45:23,6,6,0,12
2022-07-18T17:54:18,6,6,0,12
2022-07-18T18:03:13,6,6,0,12
2022-07-18T18:12:09,6,6,0,12
2022-07-18T18:21:04,6,6,0,12
2022-07-18T18:30:00,6,6,0,12
2022-07-18T18:38:55,6,6,0,12
2022-07-18T18:47:50,6,6,0,12
2022-07-18T18:56:45,6,6,0,12
2022-07-18T19:05:41,6,6,0,12
2022-07-18T19:14:38,6,6,0,12
2022-07-18T19:23:34,6,6,0,12
2022-07-18T19:32:29,6,6,0,12
2022-07-18T19:41:24,6,6,0,12
2022-07-18T19:50:19,6,6,0,12
2022-07-18T19:59:14,6,6,0,12
2022-07-18T20:08:09,6,6,0,12
2022-07-18T20:17:15,6,6,0,12
2022-07-18T20:26:10,6,6,0,12
2022-07-18T20:35:04,6,6,0,12
2022-07-18T20:43:59,6,6,0,12
2022-07-18T20:52:53,6,6,0,12
2022-07-18T21:01:48,6,6,0,12
2022-07-18T21:10:42,6,6,0,12
2022-07-18T21:19:36,6,6,0,12
2022-07-18T21:28:31,6,6,0,12
2022-07-18T21:37:25,6,6,0,12
2022-07-18T21:46:20,6,6,0,12
2022-07-18T21:55:16,6,6,0,12
2022-07-18T22:04:10,6,6,0,12
2022-07-18T22:13:05,6,6,0,12
2022-07-18T22:22:00,6,6,0,12
2022-07-18T22:30:55,6,6,0,12
2022-07-18T22:39:49,6,6,0,12
2022-07-18T22:48:44,6,6,0,12
2022-07-18T22:57:38,6,6,0,12
2022-07-18T23:06:34,6,6,0,12
2022-07-18T23:15:39,6,6,0,12
2022-07-18T23:24:34,6,6,0,12
2022-07-18T23:33:29,6,6,0,12
2022-07-18T23:42:24,6,6,0,12
2022-07-18T23:51:19,6,6,0,12
2022-07-19T00:00:13,6,6,0,12
2022-07-19T00:09:10,6,6,0,12
2022-07-19T00:18:09,6,6,0,12
2022-07-19T00:27:06,6,6,0,12
2022-07-19T00:36:14,6,6,0,12
2022-07-19T00:45:11,6,6,0,12
2022-07-19T00:54:08,6,6,0,12
2022-07-19T01:03:06,6,6,0,12
2022-07-19T01:12:02,6,6,0,12
2022-07-19T01:21:00,6,6,0,12
2022-07-19T01:29:58,6,6,0,12
2022-07-19T01:38:55,6,6,0,12
2022-07-19T01:47:51,6,6,0,12
2022-07-19T01:56:49,6,6,0,12
2022-07-19T02:05:46,6,6,0,12
2022-07-19T02:14:41,6,6,0,12
2022-07-19T02:23:35,6,6,0,12
2022-07-19T02:32:29,6,6,0,12
2022-07-19T02:41:24,6,6,0,12
2022-07-19T02:50:18,6,6,0,12
2022-07-19T02:59:12,6,6,0,12
2022-07-19T03:08:06,6,6,0,12
2022-07-19T03:17:00,6,6,0,12
2022-07-19T03:25:54,6,6,0,12
2022-07-19T03:34:47,6,6,0,12
2022-07-19T03:43:43,6,6,0,12
2022-07-19T03:52:38,6,6,0,12
2022-07-19T04:03:41,6,6,0,12
2022-07-19T04:22:38,6,6,0,12
2022-07-19T04:31:59,6,6,0,12
2022-07-19T04:40:57,6,6,0,12
2022-07-19T04:49:54,6,6,0,12
2022-07-19T04:58:51,6,6,0,12
2022-07-19T05:07:50,6,6,0,12
2022-07-19T05:16:48,6,6,0,12
2022-07-19T05:25:45,6,6,0,12
2022-07-19T05:34:42,6,6,0,12
2022-07-19T05:43:38,6,6,0,12
2022-07-19T05:52:34,6,6,0,12
2022-07-19T06:01:31,6,6,0,12
2022-07-19T06:10:28,6,6,0,12
2022-07-19T06:19:24,6,6,0,12
2022-07-19T06:28:21,6,6,0,12
2022-07-19T06:37:19,6,6,0,12
2022-07-19T06:46:15,6,6,0,12
2022-07-19T06:55:11,6,6,0,12
2022-07-19T07:04:09,6,6,0,12
2022-07-19T07:13:05,6,6,0,12
2022-07-19T07:22:02,6,6,0,12
2022-07-19T07:30:58,6,6,0,12
2022-07-19T07:39:55,6,6,0,12
2022-07-19T07:48:50,6,6,0,12
2022-07-19T07:57:45,6,6,0,12
2022-07-19T08:06:41,6,6,0,12
2022-07-19T08:15:39,6,6,0,12
2022-07-19T08:24:34,6,6,0,12
2022-07-19T08:33:30,6,6,0,12
2022-07-19T08:42:26,6,6,0,12
2022-07-19T08:51:24,6,6,0,12
2022-07-19T09:00:29,6,6,0,12
2022-07-19T09:09:25,6,6,0,12
2022-07-19T09:18:21,6,6,0,12
2022-07-19T09:27:17,6,6,0,12
2022-07-19T09:36:13,6,6,0,12
2022-07-19T09:45:11,6,6,0,12
2022-07-19T09:54:07,6,6,0,12
2022-07-19T10:03:04,6,6,0,12
2022-07-19T10:12:02,6,6,0,12
2022-07-19T10:20:59,6,6,0,12
2022-07-19T10:29:56,6,6,0,12
2022-07-19T10:38:52,6,6,0,12
2022-07-19T10:47:48,6,6,0,12
2022-07-19T10:56:45,6,6,0,12
2022-07-19T11:05:43,6,6,0,12
2022-07-19T11:14:39,6,6,0,12
2022-07-19T11:23:36,6,6,0,12
2022-07-19T11:32:33,6,6,0,12
2022-07-19T11:41:30,6,6,0,12
2022-07-19T11:50:37,6,6,0,12
2022-07-19T11:59:33,6,6,0,12
2022-07-19T12:08:29,6,6,0,12
2022-07-19T12:17:25,6,6,0,12
2022-07-19T12:26:23,6,6,0,12
2022-07-19T12:35:19,6,6,0,12
2022-07-19T12:44:15,6,6,0,12
2022-07-19T12:53:11,6,6,0,12
2022-07-19T13:02:08,6,6,0,12
2022-07-19T13:11:04,6,6,0,12
2022-07-19T13:20:00,6,6,0,12
2022-07-19T13:28:57,6,6,0,12
2022-07-19T13:37:54,6,6,0,12
2022-07-19T13:47:03,6,6,0,12
2022-07-19T13:55:19,6,6,0,12
2022-07-19T14:04:15,6,6,0,12
2022-07-19T14:13:13,6,6,0,12
2022-07-19T14:22:09,6,6,0,12
2022-07-19T14:31:06,6,6,0,12
2022-07-19T14:40:03,6,6,0,12
2022-07-19T14:49:00,6,6,0,12
2022-07-19T14:57:56,6,6,0,12
2022-07-19T15:06:53,6,6,0,12
2022-07-19T15:15:51,6,6,0,12
2022-07-19T15:24:48,6,6,0,12
2022-07-19T15:33:44,6,6,0,12
2022-07-19T15:42:52,6,6,0,12
2022-07-19T15:51:49,6,6,0,12
2022-07-19T16:00:45,6,6,0,12
2022-07-19T16:09:41,6,6,0,12
2022-07-19T16:18:37,6,6,0,12
2022-07-19T16:27:33,6,6,0,12
2022-07-19T16:36:29,6,6,0,12
2022-07-19T16:45:25,6,6,0,12
2022-07-19T16:54:32,6,6,0,12
2022-07-19T17:03:28,6,6,0,12
2022-07-19T17:12:24,6,6,0,12
2022-07-19T17:21:20,6,6,0,12
2022-07-19T17:30:16,6,6,0,12
2022-07-19T17:39:11,6,6,0,12
2022-07-19T17:48:07,6,6,0,12
2022-07-19T17:57:02,6,6,0,12
2022-07-19T18:05:58,6,6,0,12
2022-07-19T18:14:54,6,6,0,12
2022-07-19T18:23:49,6,6,0,12
2022-07-19T18:32:44,6,6,0,12
2022-07-19T18:41:50,6,6,0,12
2022-07-19T18:50:44,6,6,0,12
2022-07-19T18:59:40,6,6,0,12
2022-07-19T19:08:35,6,6,0,12
2022-07-19T19:17:30,6,6,0,12
2022-07-19T19:26:26,6,6,0,12
2022-07-19T19:35:22,6,6,0,12
2022-07-19T19:44:16,6,6,0,12
2022-07-19T19:53:12,6,6,0,12
2022-07-19T20:02:08,6,6,0,12
2022-07-19T20:11:04,6,6,0,12
2022-07-19T20:20:00,6,6,0,12
2022-07-19T20:28:56,6,6,0,12
2022-07-19T20:38:02,6,6,0,12
2022-07-19T20:46:57,6,6,0,12
2022-07-19T20:55:52,6,6,0,12
2022-07-19T21:04:47,6,6,0,12
2022-07-19T21:13:42,6,6,0,12
2022-07-19T21:22:38,6,6,0,12
2022-07-19T21:31:33,6,6,0,12
2022-07-19T21:40:28,6,6,0,12
2022-07-19T21:49:25,6,6,0,12
2022-07-19T21:58:20,6,6,0,12
2022-07-19T22:07:16,6,6,0,12
2022-07-19T22:16:11,6,6,0,12
2022-07-19T22:25:06,6,6,0,12
2022-07-19T22:34:01,6,6,0,12
2022-07-19T22:43:08,6,6,0,12
2022-07-19T22:52:03,6,6,0,12
2022-07-19T23:00:58,6,6,0,12
2022-07-19T23:09:54,6,6,0,12
2022-07-19T23:18:49,6,6,0,12
2022-07-19T23:27:45,6,6,0,12
2022-07-19T23:36:40,6,6,0,12
2022-07-19T23:45:36,6,6,0,12
2022-07-19T23:54:31,6,6,0,12
2022-07-20T00:03:28,6,6,0,12
2022-07-20T00:12:26,6,6,0,12
2022-07-20T00:21:25,6,6,0,12
2022-07-20T00:30:19,6,6,0,12
2022-07-20T00:39:14,6,6,0,12
2022-07-20T00:48:09,6,6,0,12
2022-07-20T00:57:05,6,6,0,12
2022-07-20T01:06:08,6,6,0,12
2022-07-20T01:15:04,6,6,0,12
2022-07-20T01:23:59,6,6,0,12
2022-07-20T01:32:54,6,6,0,12
2022-07-20T01:41:48,6,6,0,12
2022-07-20T01:50:43,6,6,0,12
2022-07-20T01:59:38,6,6,0,12
2022-07-20T02:08:34,6,6,0,12
2022-07-20T02:17:29,6,6,0,12
2022-07-20T02:26:38,6,6,0,12
2022-07-20T02:35:33,6,6,0,12
2022-07-20T02:44:28,6,6,0,12
2022-07-20T02:53:22,6,6,0,12
2022-07-20T03:02:17,6,6,0,12
2022-07-20T03:11:10,6,6,0,12
2022-07-20T03:20:02,6,6,0,12
2022-07-20T03:29:00,6,6,0,12
2022-07-20T03:37:56,6,6,0,12
2022-07-20T03:46:53,6,6,0,12
2022-07-20T03:55:50,6,6,0,12
2022-07-20T04:04:47,6,6,0,12
2022-07-20T04:28:42,6,6,0,12
2022-07-20T04:37:42,6,6,0,12
2022-07-20T04:46:41,6,6,0,12
2022-07-20T04:55:39,6,6,0,12
2022-07-20T05:04:37,6,6,0,12
2022-07-20T05:13:35,6,6,0,12
2022-07-20T05:22:34,6,6,0,12
2022-07-20T05:31:33,6,6,0,12
2022-07-20T05:40:31,6,6,0,12
2022-07-20T05:49:29,6,6,0,12
2022-07-20T05:58:29,6,6,0,12
2022-07-20T06:07:26,6,6,0,12
2022-07-20T06:16:23,6,6,0,12
2022-07-20T06:25:20,6,6,0,12
2022-07-20T06:34:17,6,6,0,12
2022-07-20T06:43:12,6,6,0,12
2022-07-20T06:52:07,6,6,0,12
2022-07-20T07:01:03,6,6,0,12
2022-07-20T07:09:59,6,6,0,12
2022-07-20T07:18:54,6,6,0,12
2022-07-20T07:27:49,6,6,0,12
2022-07-20T07:36:46,6,6,0,12
2022-07-20T07:45:41,6,6,0,12
2022-07-20T07:54:37,6,6,0,12
2022-07-20T08:03:33,6,6,0,12
2022-07-20T08:12:32,6,6,0,12
2022-07-20T08:21:28,6,6,0,12
2022-07-20T08:30:25,6,6,0,12
2022-07-20T08:39:20,6,6,0,12
2022-07-20T08:48:17,6,6,0,12
2022-07-20T08:57:13,6,6,0,12
2022-07-20T09:06:09,6,6,0,12
2022-07-20T09:15:05,6,6,0,12
2022-07-20T09:24:02,6,6,0,12
2022-07-20T09:32:59,6,6,0,12
2022-07-20T09:42:06,6,6,0,12
2022-07-20T09:51:03,6,6,0,12
2022-07-20T10:00:00,6,6,0,12
2022-07-20T10:08:58,6,6,0,12
2022-07-20T10:17:56,6,6,0,12
2022-07-20T10:26:53,6,6,0,12
2022-07-20T10:35:52,6,6,0,12
2022-07-20T10:44:49,6,6,0,12
2022-07-20T10:53:46,6,6,0,12
2022-07-20T11:02:44,6,6,0,12
2022-07-20T11:11:41,6,6,0,12
2022-07-20T11:20:37,6,6,0,12
2022-07-20T11:29:34,6,6,0,12
2022-07-20T11:38:32,6,6,0,12
2022-07-20T11:47:31,6,6,0,12
2022-07-20T11:56:39,6,6,0,12
2022-07-20T12:05:35,6,6,0,12
2022-07-20T12:14:31,6,6,0,12
2022-07-20T12:23:30,6,6,0,12
2022-07-20T12:32:27,6,6,0,12
2022-07-20T12:41:23,6,6,0,12
2022-07-20T12:50:19,6,6,0,12
2022-07-20T12:59:15,6,6,0,12
2022-07-20T13:08:13,6,6,0,12
2022-07-20T13:17:10,6,6,0,12
2022-07-20T13:26:18,6,6,0,12
2022-07-20T13:35:15,6,6,0,12
2022-07-20T13:44:12,6,6,0,12
2022-07-20T13:53:09,6,6,0,12
2022-07-20T14:02:07,6,6,0,12
2022-07-20T14:11:03,6,6,0,12
2022-07-20T14:20:00,6,6,0,12
2022-07-20T14:28:57,6,6,0,12
2022-07-20T14:37:56,6,6,0,12
2022-07-20T14:46:53,6,6,0,12
2022-07-20T14:55:50,6,6,0,12
2022-07-20T15:04:58,6,6,0,12
2022-07-20T15:13:55,6,6,0,12
2022-07-20T15:22:53,6,6,0,12
2022-07-20T15:31:50,6,6,0,12
2022-07-20T15:40:47,6,6,0,12
2022-07-20T15:49:44,6,6,0,12
2022-07-20T15:58:40,6,6,0,12
2022-07-20T16:07:35,6,6,0,12
2022-07-20T16:16:42,6,6,0,12
2022-07-20T16:25:40,6,6,0,12
2022-07-20T16:34:36,6,6,0,12
2022-07-20T16:43:32,6,6,0,12
2022-07-20T16:52:28,6,6,0,12
2022-07-20T17:01:24,6,6,0,12
2022-07-20T17:10:20,6,6,0,12
2022-07-20T17:19:17,6,6,0,12
2022-07-20T17:28:13,6,6,0,12
2022-07-20T17:37:08,6,6,0,12
2022-07-20T17:46:03,6,6,0,12
2022-07-20T17:54:59,6,6,0,12
2022-07-20T18:03:55,6,6,0,12
2022-07-20T18:13:01,6,6,0,12
2022-07-20T18:21:57,6,6,0,12
2022-07-20T18:30:53,6,6,0,12
2022-07-20T18:39:48,6,6,0,12
2022-07-20T18:48:44,6,6,0,12
2022-07-20T18:57:42,6,6,0,12
2022-07-20T19:06:41,6,6,0,12
2022-07-20T19:15:38,6,6,0,12
2022-07-20T19:24:34,6,6,0,12
2022-07-20T19:33:30,6,6,0,12
2022-07-20T19:42:26,6,6,0,12
2022-07-20T19:51:31,6,6,0,12
2022-07-20T20:00:26,6,6,0,12
2022-07-20T20:09:21,6,6,0,12
2022-07-20T20:18:17,6,6,0,12
2022-07-20T20:27:13,6,6,0,12
2022-07-20T20:36:09,6,6,0,12
2022-07-20T20:45:04,6,6,0,12
2022-07-20T20:54:00,6,6,0,12
2022-07-20T21:02:55,6,6,0,12
2022-07-20T21:12:01,6,6,0,12
2022-07-20T21:20:57,6,6,0,12
2022-07-20T21:29:52,6,6,0,12
2022-07-20T21:38:47,6,6,0,12
2022-07-20T21:47:44,6,6,0,12
2022-07-20T21:56:39,6,6,0,12
2022-07-20T22:05:35,6,6,0,12
2022-07-20T22:14:31,6,6,0,12
2022-07-20T22:23:26,6,6,0,12
2022-07-20T22:32:25,6,6,0,12
2022-07-20T22:41:22,6,6,0,12
2022-07-20T22:50:17,6,6,0,12
2022-07-20T22:59:22,6,6,0,12
2022-07-20T23:08:19,6,6,0,12
2022-07-20T23:17:16,6,6,0,12
2022-07-20T23:26:13,6,6,0,12
2022-07-20T23:35:10,6,6,0,12
2022-07-20T23:44:06,6,6,0,12
2022-07-20T23:53:02,6,6,0,12
2022-07-21T00:01:57,6,6,0,12
2022-07-21T00:10:54,6,6,0,12
2022-07-21T00:19:52,6,6,0,12
2022-07-21T00:28:50,6,6,0,12
2022-07-21T00:37:49,6,6,0,12
2022-07-21T00:46:49,6,6,0,12
2022-07-21T00:55:47,6,6,0,12
2022-07-21T01:04:47,6,6,0,12
2022-07-21T01:13:54,6,6,0,12
2022-07-21T01:22:51,6,6,0,12
2022-07-21T01:31:49,6,6,0,12
2022-07-21T01:40:45,6,6,0,12
2022-07-21T01:49:43,6,6,0,12
2022-07-21T01:58:40,6,6,0,12
2022-07-21T02:07:36,6,6,0,12
2022-07-21T02:16:32,6,6,0,12
2022-07-21T02:25:27,6,6,0,12
2022-07-21T02:34:22,6,6,0,12
2022-07-21T02:43:17,6,6,0,12
2022-07-21T02:52:11,6,6,0,12
2022-07-21T03:01:06,6,6,0,12
2022-07-21T03:10:00,6,6,0,12
2022-07-21T03:18:55,6,6,0,12
2022-07-21T03:27:50,6,6,0,12
2022-07-21T03:36:45,6,6,0,12
2022-07-21T03:45:41,6,6,0,12
2022-07-21T03:54:38,6,6,0,12
2022-07-21T04:03:35,6,6,0,12
2022-07-21T04:24:04,6,6,0,12
2022-07-21T04:33:20,6,6,0,12
2022-07-21T04:42:20,6,6,0,12
2022-07-21T04:51:19,6,6,0,12
2022-07-21T05:00:16,6,6,0,12
2022-07-21T05:09:16,6,6,0,12
2022-07-21T05:18:13,6,6,0,12
2022-07-21T05:27:11,6,6,0,12
2022-07-21T05:36:09,6,6,0,12
2022-07-21T05:45:05,6,6,0,12
2022-07-21T05:54:02,6,6,0,12
2022-07-21T06:03:00,6,6,0,12
2022-07-21T06:11:58,6,6,0,12
2022-07-21T06:20:59,6,6,0,12
2022-07-21T06:30:07,6,6,0,12
2022-07-21T06:39:19,6,6,0,12
2022-07-21T06:48:29,6,6,0,12
2022-07-21T06:57:40,6,6,0,12
2022-07-21T07:06:49,6,6,0,12
2022-07-21T07:16:04,6,6,0,12
2022-07-21T07:25:22,6,6,0,12
2022-07-21T07:34:39,6,6,0,12
2022-07-21T07:43:55,6,6,0,12
2022-07-21T07:53:04,6,6,0,12
2022-07-21T08:02:10,6,6,0,12
2022-07-21T08:11:16,6,6,0,12
2022-07-21T08:20:22,6,6,0,12
2022-07-21T08:29:27,6,6,0,12
2022-07-21T08:38:35,6,6,0,12
2022-07-21T08:47:40,6,6,0,12
2022-07-21T08:56:47,6,6,0,12
2022-07-21T09:05:47,6,6,0,12
2022-07-21T09:14:46,6,6,0,12
2022-07-21T09:23:44,6,6,0,12
2022-07-21T09:32:43,6,6,0,12
2022-07-21T09:41:41,6,6,0,12
2022-07-21T09:50:39,6,6,0,12
2022-07-21T09:59:36,6,6,0,12
2022-07-21T10:08:34,6,6,0,12
2022-07-21T10:17:40,6,6,0,12
2022-07-21T10:26:37,6,6,0,12
2022-07-21T10:35:34,6,6,0,12
2022-07-21T10:44:30,6,6,0,12
2022-07-21T10:53:28,6,6,0,12
2022-07-21T11:02:25,6,6,0,12
2022-07-21T11:11:22,6,6,0,12
2022-07-21T11:20:19,6,6,0,12
2022-07-21T11:29:16,6,6,0,12
2022-07-21T11:38:13,6,6,0,12
2022-07-21T11:47:10,6,6,0,12
2022-07-21T11:56:07,6,6,0,12
2022-07-21T12:05:04,6,6,0,12
2022-07-21T12:14:11,6,6,0,12
2022-07-21T12:23:08,6,6,0,12
2022-07-21T12:32:05,6,6,0,12
2022-07-21T12:41:02,6,6,0,12
2022-07-21T12:49:59,6,6,0,12
2022-07-21T12:58:56,6,6,0,12
2022-07-21T13:07:53,6,6,0,12
2022-07-21T13:16:52,6,6,0,12
2022-07-21T13:25:48,6,6,0,12
2022-07-21T13:34:45,6,6,0,12
2022-07-21T13:43:41,6,6,0,12
2022-07-21T13:52:38,6,6,0,12
2022-07-21T14:01:34,6,6,0,12
2022-07-21T14:10:31,6,6,0,12
2022-07-21T14:19:28,6,6,0,12
2022-07-21T14:28:24,6,6,0,12
2022-07-21T14:37:31,6,6,0,12
2022-07-21T14:46:28,6,6,0,12
2022-07-21T14:55:25,6,6,0,12
2022-07-21T15:04:21,6,6,0,12
2022-07-21T15:13:18,6,6,0,12
2022-07-21T15:22:15,6,6,0,12
2022-07-21T15:31:12,6,6,0,12
2022-07-21T15:40:09,6,6,0,12
2022-07-21T15:49:05,6,6,0,12
2022-07-21T15:58:03,6,6,0,12
2022-07-21T16:06:59,6,6,0,12
2022-07-21T16:15:55,6,6,0,12
2022-07-21T16:24:51,6,6,0,12
2022-07-21T16:33:48,6,6,0,12
2022-07-21T16:42:44,6,6,0,12
2022-07-21T16:51:51,6,6,0,12
2022-07-21T17:00:47,6,6,0,12
2022-07-21T17:09:44,6,6,0,12
2022-07-21T17:18:40,6,6,0,12
2022-07-21T17:27:36,6,6,0,12
2022-07-21T17:36:31,6,6,0,12
2022-07-21T17:45:27,6,6,0,12
2022-07-21T17:54:23,6,6,0,12
2022-07-21T18:03:19,6,6,0,12
2022-07-21T18:12:15,6,6,0,12
2022-07-21T18:21:11,6,6,0,12
2022-07-21T18:30:07,6,6,0,12
2022-07-21T18:39:03,6,6,0,12
2022-07-21T18:47:59,6,6,0,12
2022-07-21T18:56:56,6,6,0,12
2022-07-21T19:05:52,6,6,0,12
2022-07-21T19:14:49,6,6,0,12
2022-07-21T19:23:46,6,6,0,12
2022-07-21T19:32:44,6,6,0,12
2022-07-21T19:41:52,6,6,0,12
2022-07-21T19:50:47,6,6,0,12
2022-07-21T19:59:43,6,6,0,12
2022-07-21T20:08:38,6,6,0,12
2022-07-21T20:17:34,6,6,0,12
2022-07-21T20:26:29,6,6,0,12
2022-07-21T20:35:24,6,6,0,12
2022-07-21T20:44:20,6,6,0,12
2022-07-21T20:53:15,6,6,0,12
2022-07-21T21:02:10,6,6,0,12
2022-07-21T21:11:06,6,6,0,12
2022-07-21T21:20:01,6,6,0,12
2022-07-21T21:28:57,6,6,0,12
2022-07-21T21:37:53,6,6,0,12
2022-07-21T21:46:50,6,6,0,12
2022-07-21T21:55:46,6,6,0,12
2022-07-21T22:04:41,6,6,0,12
2022-07-21T22:13:36,6,6,0,12
2022-07-21T22:22:31,6,6,0,12
2022-07-21T22:31:27,6,6,0,12
2022-07-21T22:40:23,6,6,0,12
2022-07-21T22:49:18,6,6,0,12
2022-07-21T22:58:14,6,6,0,12
2022-07-21T23:07:11,6,6,0,12
2022-07-21T23:16:06,6,6,0,12
2022-07-21T23:25:12,6,6,0,12
2022-07-21T23:34:08,6,6,0,12
2022-07-21T23:43:03,6,6,0,12
2022-07-21T23:51:59,6,6,0,12
2022-07-22T00:00:54,6,6,0,12
2022-07-22T00:09:51,6,6,0,12
2022-07-22T00:18:52,6,6,0,12
2022-07-22T00:27:50,6,6,0,12
2022-07-22T00:36:47,6,6,0,12
2022-07-22T00:45:45,6,6,0,12
2022-07-22T00:54:43,6,6,0,12
2022-07-22T01:03:41,6,6,0,12
2022-07-22T01:12:39,6,6,0,12
2022-07-22T01:21:37,6,6,0,12
2022-07-22T01:30:36,6,6,0,12
2022-07-22T01:39:33,6,6,0,12
2022-07-22T01:48:30,6,6,0,12
2022-07-22T01:57:28,6,6,0,12
2022-07-22T02:06:25,6,6,0,12
2022-07-22T02:15:22,6,6,0,12
2022-07-22T02:24:28,6,6,0,12
2022-07-22T02:33:25,6,6,0,12
2022-07-22T02:42:24,6,6,0,12
2022-07-22T02:51:19,6,6,0,12
2022-07-22T03:00:16,6,6,0,12
2022-07-22T03:09:12,6,6,0,12
2022-07-22T03:18:07,6,6,0,12
2022-07-22T03:27:03,6,6,0,12
2022-07-22T03:36:00,6,6,0,12
2022-07-22T03:44:58,6,6,0,12
2022-07-22T03:53:54,6,6,0,12
2022-07-22T04:02:51,6,6,0,12
2022-07-22T04:11:48,6,6,0,12
2022-07-22T04:30:44,6,6,0,12
2022-07-22T04:39:44,6,6,0,12
2022-07-22T04:48:43,6,6,0,12
2022-07-22T04:57:41,6,6,0,12
2022-07-22T05:06:41,6,6,0,12
2022-07-22T05:15:39,6,6,0,12
2022-07-22T05:24:37,6,6,0,12
2022-07-22T05:33:38,6,6,0,12
2022-07-22T05:42:36,6,6,0,12
2022-07-22T05:51:34,6,6,0,12
2022-07-22T06:00:33,6,6,0,12
2022-07-22T06:09:29,6,6,0,12
2022-07-22T06:18:25,6,6,0,12
2022-07-22T06:27:20,6,6,0,12
2022-07-22T06:36:16,6,6,0,12
2022-07-22T06:45:11,6,6,0,12
2022-07-22T06:54:06,6,6,0,12
2022-07-22T07:03:01,6,6,0,12
2022-07-22T07:11:58,6,6,0,12
2022-07-22T07:20:53,6,6,0,12
2022-07-22T07:29:49,6,6,0,12
2022-07-22T07:38:45,6,6,0,12
2022-07-22T07:47:42,6,6,0,12
2022-07-22T07:56:38,6,6,0,12
2022-07-22T08:05:34,6,6,0,12
2022-07-22T08:14:30,6,6,0,12
2022-07-22T08:23:26,6,6,0,12
2022-07-22T08:32:23,6,6,0,12
2022-07-22T08:41:18,6,6,0,12
2022-07-22T08:50:15,6,6,0,12
2022-07-22T08:59:11,6,6,0,12
2022-07-22T09:08:08,6,6,0,12
2022-07-22T09:17:04,6,6,0,12
2022-07-22T09:26:00,6,6,0,12
2022-07-22T09:34:56,6,6,0,12
2022-07-22T09:43:55,6,6,0,12
2022-07-22T09:52:52,6,6,0,12
2022-07-22T10:01:49,6,6,0,12
2022-07-22T10:10:46,6,6,0,12
2022-07-22T10:19:44,6,6,0,12
2022-07-22T10:28:42,6,6,0,12
2022-07-22T10:37:38,6,6,0,12
2022-07-22T10:46:36,6,6,0,12
2022-07-22T10:55:41,6,6,0,12
2022-07-22T11:04:38,6,6,0,12
2022-07-22T11:13:36,6,6,0,12
2022-07-22T11:22:33,6,6,0,12
2022-07-22T11:31:30,6,6,0,12
2022-07-22T11:40:30,6,6,0,12
2022-07-22T11:49:27,6,6,0,12
2022-07-22T11:58:24,6,6,0,12
2022-07-22T12:07:22,6,6,0,12
2022-07-22T12:16:19,6,6,0,12
2022-07-22T12:25:15,6,6,0,12
2022-07-22T12:34:11,6,6,0,12
2022-07-22T12:43:08,6,6,0,12
2022-07-22T12:52:05,6,6,0,12
2022-07-22T13:01:03,6,6,0,12
2022-07-22T13:10:01,6,6,0,12
2022-07-22T13:18:58,6,6,0,12
2022-07-22T13:27:56,6,6,0,12
2022-07-22T13:36:53,6,6,0,12
2022-07-22T13:45:51,6,6,0,12
2022-07-22T13:54:49,6,6,0,12
2022-07-22T14:04:00,6,6,0,12
2022-07-22T14:12:58,6,6,0,12
2022-07-22T14:21:56,6,6,0,12
2022-07-22T14:30:54,6,6,0,12
2022-07-22T14:39:51,6,6,0,12
2022-07-22T14:48:49,6,6,0,12
2022-07-22T14:57:47,6,6,0,12
2022-07-22T15:06:45,6,6,0,12
2022-07-22T15:15:42,6,6,0,12
2022-07-22T15:24:40,6,6,0,12
2022-07-22T15:33:37,6,6,0,12
2022-07-22T15:42:35,6,6,0,12
2022-07-22T15:51:32,6,6,0,12
2022-07-22T16:00:29,6,6,0,12
2022-07-22T16:09:27,6,6,0,12
2022-07-22T16:18:25,6,6,0,12
2022-07-22T16:27:24,6,6,0,12
2022-07-22T16:36:22,6,6,0,12
2022-07-22T16:45:27,6,6,0,12
2022-07-22T16:54:25,6,6,0,12
2022-07-22T17:03:22,6,6,0,12
2022-07-22T17:12:19,6,6,0,12
2022-07-22T17:21:17,6,6,0,12
2022-07-22T17:30:14,6,6,0,12
2022-07-22T17:39:11,6,6,0,12
2022-07-22T17:48:08,6,6,0,12
2022-07-22T17:57:05,6,6,0,12
2022-07-22T18:06:02,6,6,0,12
2022-07-22T18:14:58,6,6,0,12
2022-07-22T18:23:55,6,6,0,12
2022-07-22T18:32:52,6,6,0,12
2022-07-22T18:41:48,6,6,0,12
2022-07-22T18:50:45,6,6,0,12
2022-07-22T18:59:41,6,6,0,12
2022-07-22T19:08:38,6,6,0,12
2022-07-22T19:17:36,6,6,0,12
2022-07-22T19:26:34,6,6,0,12
2022-07-22T19:35:31,6,6,0,12
2022-07-22T19:44:28,6,6,0,12
2022-07-22T19:53:41,6,6,0,12
2022-07-22T20:02:44,6,6,0,12
2022-07-22T20:11:48,6,6,0,12
2022-07-22T20:20:52,6,6,0,12
2022-07-22T20:29:55,6,6,0,12
2022-07-22T20:38:59,6,6,0,12
2022-07-22T20:48:03,6,6,0,12
2022-07-22T20:57:06,6,6,0,12
2022-07-22T21:06:10,6,6,0,12
2022-07-22T21:15:13,6,6,0,12
2022-07-22T21:24:13,6,6,0,12
2022-07-22T21:33:13,6,6,0,12
2022-07-22T21:42:14,6,6,0,12
2022-07-22T21:51:12,6,6,0,12
2022-07-22T22:00:08,6,6,0,12
2022-07-22T22:09:15,6,6,0,12
2022-07-22T22:18:11,6,6,0,12
2022-07-22T22:27:08,6,6,0,12
2022-07-22T22:36:04,6,6,0,12
2022-07-22T22:45:03,6,6,0,12
2022-07-22T22:54:00,6,6,0,12
2022-07-22T23:02:58,6,6,0,12
2022-07-22T23:11:55,6,6,0,12
2022-07-22T23:20:52,6,6,0,12
2022-07-22T23:29:48,6,6,0,12
2022-07-22T23:38:45,6,6,0,12
2022-07-22T23:47:41,6,6,0,12
2022-07-22T23:56:47,6,6,0,12
2022-07-23T00:05:45,6,6,0,12
2022-07-23T00:14:43,6,6,0,12
2022-07-23T00:23:42,6,6,0,12
2022-07-23T00:32:41,6,6,0,12
2022-07-23T00:41:41,6,6,0,12
2022-07-23T00:50:40,6,6,0,12
2022-07-23T00:59:39,6,6,0,12
2022-07-23T01:08:38,6,6,0,12
2022-07-23T01:17:38,6,6,0,12
2022-07-23T01:26:37,6,6,0,12
2022-07-23T01:35:35,6,6,0,12
2022-07-23T01:44:32,6,6,0,12
2022-07-23T01:53:31,6,6,0,12
2022-07-23T02:02:29,6,6,0,12
2022-07-23T02:11:28,6,6,0,12
2022-07-23T02:20:25,6,6,0,12
2022-07-23T02:29:21,6,6,0,12
2022-07-23T02:38:19,6,6,0,12
2022-07-23T02:47:15,6,6,0,12
2022-07-23T02:56:12,6,6,0,12
2022-07-23T03:05:20,6,6,0,12
2022-07-23T03:14:16,6,6,0,12
2022-07-23T03:23:11,6,6,0,12
2022-07-23T03:32:07,6,6,0,12
2022-07-23T03:41:04,6,6,0,12
2022-07-23T03:50:02,6,6,0,12
2022-07-23T04:00:48,6,6,0,12
2022-07-23T04:19:57,6,6,0,12
2022-07-23T04:29:19,6,6,0,12
2022-07-23T04:38:18,6,6,0,12
2022-07-23T04:47:17,6,6,0,12
2022-07-23T04:56:19,6,6,0,12
2022-07-23T05:05:19,6,6,0,12
2022-07-23T05:14:29,6,6,0,12
2022-07-23T05:23:29,6,6,0,12
2022-07-23T05:32:28,6,6,0,12
2022-07-23T05:41:28,6,6,0,12
2022-07-23T05:50:29,6,6,0,12
2022-07-23T05:59:27,6,6,0,12
2022-07-23T06:08:26,6,6,0,12
2022-07-23T06:17:25,6,6,0,12
2022-07-23T06:26:24,6,6,0,12
2022-07-23T06:35:22,6,6,0,12
2022-07-23T06:44:23,6,6,0,12
2022-07-23T06:53:21,6,6,0,12
2022-07-23T07:02:21,6,6,0,12
2022-07-23T07:11:22,6,6,0,12
2022-07-23T07:20:22,6,6,0,12
2022-07-23T07:29:20,6,6,0,12
2022-07-23T07:38:18,6,6,0,12
2022-07-23T07:47:16,6,6,0,12
2022-07-23T07:56:14,6,6,0,12
2022-07-23T08:05:13,6,6,0,12
2022-07-23T08:14:11,6,6,0,12
2022-07-23T08:23:10,6,6,0,12
2022-07-23T08:32:10,6,6,0,12
2022-07-23T08:41:09,6,6,0,12
2022-07-23T08:50:09,6,6,0,12
2022-07-23T08:59:08,6,6,0,12
2022-07-23T09:08:06,6,6,0,12
2022-07-23T09:17:04,6,6,0,12
2022-07-23T09:26:01,6,6,0,12
2022-07-23T09:34:59,6,6,0,12
2022-07-23T09:43:56,6,6,0,12
2022-07-23T09:53:03,6,6,0,12
2022-07-23T10:02:00,6,6,0,12
2022-07-23T10:10:58,6,6,0,12
2022-07-23T10:19:55,6,6,0,12
2022-07-23T10:28:53,6,6,0,12
2022-07-23T10:37:50,6,6,0,12
2022-07-23T10:46:47,6,6,0,12
2022-07-23T10:55:43,6,6,0,12
2022-07-23T11:04:39,6,6,0,12
2022-07-23T11:13:35,6,6,0,12
2022-07-23T11:22:32,6,6,0,12
2022-07-23T11:31:28,6,6,0,12
2022-07-23T11:40:24,6,6,0,12
2022-07-23T11:49:20,6,6,0,12
2022-07-23T11:58:17,6,6,0,12
2022-07-23T12:07:13,6,6,0,12
2022-07-23T12:16:10,6,6,0,12
2022-07-23T12:25:06,6,6,0,12
2022-07-23T12:34:02,6,6,0,12
2022-07-23T12:42:58,6,6,0,12
2022-07-23T12:51:54,6,6,0,12
2022-07-23T13:00:51,6,6,0,12
2022-07-23T13:09:47,6,6,0,12
2022-07-23T13:18:44,6,6,0,12
2022-07-23T13:27:41,6,6,0,12
2022-07-23T13:36:38,6,6,0,12
2022-07-23T13:45:34,6,6,0,12
2022-07-23T13:54:30,6,6,0,12
2022-07-23T14:03:39,6,6,0,12
2022-07-23T14:12:36,6,6,0,12
2022-07-23T14:21:32,6,6,0,12
2022-07-23T14:30:28,6,6,0,12
2022-07-23T14:39:25,6,6,0,12
2022-07-23T14:48:22,6,6,0,12
2022-07-23T14:57:19,6,6,0,12
2022-07-23T15:06:15,6,6,0,12
2022-07-23T15:15:11,6,6,0,12
2022-07-23T15:24:07,6,6,0,12
2022-07-23T15:33:03,6,6,0,12
2022-07-23T15:41:59,6,6,0,12
2022-07-23T15:50:56,6,6,0,12
2022-07-23T15:59:52,6,6,0,12
2022-07-23T16:08:48,6,6,0,12
2022-07-23T16:17:45,6,6,0,12
2022-07-23T16:26:41,6,6,0,12
2022-07-23T16:35:37,6,6,0,12
2022-07-23T16:44:33,6,6,0,12
2022-07-23T16:53:30,6,6,0,12
2022-07-23T17:02:26,6,6,0,12
2022-07-23T17:11:23,6,6,0,12
2022-07-23T17:20:20,6,6,0,12
2022-07-23T17:29:16,6,6,0,12
2022-07-23T17:38:12,6,6,0,12
2022-07-23T17:47:08,6,6,0,12
2022-07-23T17:56:04,6,6,0,12
2022-07-23T18:05:00,6,6,0,12
2022-07-23T18:13:56,6,6,0,12
2022-07-23T18:22:52,6,6,0,12
2022-07-23T18:32:00,6,6,0,12
2022-07-23T18:40:57,6,6,0,12
2022-07-23T18:49:52,6,6,0,12
2022-07-23T18:58:48,6,6,0,12
2022-07-23T19:07:44,6,6,0,12
2022-07-23T19:16:40,6,6,0,12
2022-07-23T19:25:36,6,6,0,12
2022-07-23T19:34:32,6,6,0,12
2022-07-23T19:43:28,6,6,0,12
2022-07-23T19:52:23,6,6,0,12
2022-07-23T20:01:21,6,6,0,12
2022-07-23T20:10:18,6,6,0,12
2022-07-23T20:19:15,6,6,0,12
2022-07-23T20:28:11,6,6,0,12
2022-07-23T20:37:08,6,6,0,12
2022-07-23T20:46:04,6,6,0,12
2022-07-23T20:55:00,6,6,0,12
2022-07-23T21:03:56,6,6,0,12
2022-07-23T21:12:53,6,6,0,12
2022-07-23T21:21:49,6,6,0,12
2022-07-23T21:30:45,6,6,0,12
2022-07-23T21:39:42,6,6,0,12
2022-07-23T21:48:40,6,6,0,12
2022-07-23T21:57:37,6,6,0,12
2022-07-23T22:06:43,6,6,0,12
2022-07-23T22:15:40,6,6,0,12
2022-07-23T22:24:36,6,6,0,12
2022-07-23T22:33:33,6,6,0,12
2022-07-23T22:42:29,6,6,0,12
2022-07-23T22:51:25,6,6,0,12
2022-07-23T23:00:22,6,6,0,12
2022-07-23T23:09:19,6,6,0,12
2022-07-23T23:18:16,6,6,0,12
2022-07-23T23:27:13,6,6,0,12
2022-07-23T23:36:09,6,6,0,12
2022-07-23T23:45:05,6,6,0,12
2022-07-23T23:54:01,6,6,0,12
2022-07-24T00:02:59,6,6,0,12
2022-07-24T00:11:57,6,6,0,12
2022-07-24T00:20:57,6,6,0,12
2022-07-24T00:29:54,6,6,0,12
2022-07-24T00:38:51,6,6,0,12
2022-07-24T00:47:52,6,6,0,12
2022-07-24T00:56:48,6,6,0,12
2022-07-24T01:05:44,6,6,0,12
2022-07-24T01:14:41,6,6,0,12
2022-07-24T01:23:37,6,6,0,12
2022-07-24T01:32:33,6,6,0,12
2022-07-24T01:41:29,6,6,0,12
2022-07-24T01:50:35,6,6,0,12
2022-07-24T01:59:32,6,6,0,12
2022-07-24T02:08:30,6,6,0,12
2022-07-24T02:17:26,6,6,0,12
2022-07-24T02:26:28,6,6,0,12
2022-07-24T02:35:31,6,6,0,12
2022-07-24T02:44:31,6,6,0,12
2022-07-24T02:53:49,6,6,0,12
2022-07-24T03:02:48,6,6,0,12
2022-07-24T03:11:48,6,6,0,12
2022-07-24T03:20:48,6,6,0,12
2022-07-24T03:29:47,6,6,0,12
2022-07-24T03:38:48,6,6,0,12
2022-07-24T03:47:46,6,6,0,12
2022-07-24T03:56:44,6,6,0,12
2022-07-24T04:05:44,6,6,0,12
2022-07-24T04:21:11,6,6,0,12
2022-07-24T04:30:34,6,6,0,12
2022-07-24T04:39:34,6,6,0,12
2022-07-24T04:48:34,6,6,0,12
2022-07-24T04:57:34,6,6,0,12
2022-07-24T05:06:35,6,6,0,12
2022-07-24T05:15:35,6,6,0,12
2022-07-24T05:24:33,6,6,0,12
2022-07-24T05:33:34,6,6,0,12
2022-07-24T05:42:34,6,6,0,12
2022-07-24T05:51:32,6,6,0,12
2022-07-24T06:00:31,6,6,0,12
2022-07-24T06:09:30,6,6,0,12
2022-07-24T06:18:29,6,6,0,12
2022-07-24T06:27:27,6,6,0,12
2022-07-24T06:36:28,6,6,0,12
2022-07-24T06:45:27,6,6,0,12
2022-07-24T06:54:23,6,6,0,12
2022-07-24T07:03:19,6,6,0,12
2022-07-24T07:12:16,6,6,0,12
2022-07-24T07:21:12,6,6,0,12
2022-07-24T07:30:08,6,6,0,12
2022-07-24T07:39:05,6,6,0,12
2022-07-24T07:48:02,6,6,0,12
2022-07-24T07:56:58,6,6,0,12
2022-07-24T08:05:54,6,6,0,12
2022-07-24T08:14:50,6,6,0,12
2022-07-24T08:23:47,6,6,0,12
2022-07-24T08:32:47,6,6,0,12
2022-07-24T08:41:43,6,6,0,12
2022-07-24T08:50:40,6,6,0,12
2022-07-24T08:59:38,6,6,0,12
2022-07-24T09:08:35,6,6,0,12
2022-07-24T09:17:31,6,6,0,12
2022-07-24T09:26:27,6,6,0,12
2022-07-24T09:35:24,6,6,0,12
2022-07-24T09:44:25,6,6,0,12
2022-07-24T09:53:22,6,6,0,12
2022-07-24T10:02:20,6,6,0,12
2022-07-24T10:11:17,6,6,0,12
2022-07-24T10:20:14,6,6,0,12
2022-07-24T10:29:13,6,6,0,12
2022-07-24T10:38:10,6,6,0,12
2022-07-24T10:47:06,6,6,0,12
2022-07-24T10:56:04,6,6,0,12
2022-07-24T11:05:09,6,6,0,12
2022-07-24T11:14:06,6,6,0,12
2022-07-24T11:23:04,6,6,0,12
2022-07-24T11:32:01,6,6,0,12
2022-07-24T11:40:58,6,6,0,12
2022-07-24T11:49:55,6,6,0,12
2022-07-24T11:58:52,6,6,0,12
2022-07-24T12:07:50,6,6,0,12
2022-07-24T12:16:47,6,6,0,12
2022-07-24T12:25:43,6,6,0,12
2022-07-24T12:34:40,6,6,0,12
2022-07-24T12:43:37,6,6,0,12
2022-07-24T12:52:34,6,6,0,12
2022-07-24T13:01:30,6,6,0,12
2022-07-24T13:10:27,6,6,0,12
2022-07-24T13:19:23,6,6,0,12
2022-07-24T13:28:20,6,6,0,12
2022-07-24T13:37:17,6,6,0,12
2022-07-24T13:46:13,6,6,0,12
2022-07-24T13:55:10,6,6,0,12
2022-07-24T14:04:07,6,6,0,12
2022-07-24T14:13:16,6,6,0,12
2022-07-24T14:22:12,6,6,0,12
2022-07-24T14:31:08,6,6,0,12
2022-07-24T14:40:05,6,6,0,12
2022-07-24T14:49:01,6,6,0,12
2022-07-24T14:57:58,6,6,0,12
2022-07-24T15:06:54,6,6,0,12
2022-07-24T15:15:51,6,6,0,12
2022-07-24T15:24:48,6,6,0,12
2022-07-24T15:33:44,6,6,0,12
2022-07-24T15:42:41,6,6,0,12
2022-07-24T15:51:37,6,6,0,12
2022-07-24T16:00:34,6,6,0,12
2022-07-24T16:09:31,6,6,0,12
2022-07-24T16:18:27,6,6,0,12
2022-07-24T16:27:24,6,6,0,12
2022-07-24T16:36:21,6,6,0,12
2022-07-24T16:45:18,6,6,0,12
2022-07-24T16:54:14,6,6,0,12
2022-07-24T17:03:11,6,6,0,12
2022-07-24T17:12:07,6,6,0,12
2022-07-24T17:21:14,6,6,0,12
2022-07-24T17:30:11,6,6,0,12
2022-07-24T17:39:07,6,6,0,12
2022-07-24T17:48:04,6,6,0,12
2022-07-24T17:57:00,6,6,0,12
2022-07-24T18:05:56,6,6,0,12
2022-07-24T18:14:53,6,6,0,12
2022-07-24T18:23:50,6,6,0,12
2022-07-24T18:32:46,6,6,0,12
2022-07-24T18:41:43,6,6,0,12
2022-07-24T18:50:40,6,6,0,12
2022-07-24T18:59:37,6,6,0,12
2022-07-24T19:08:34,6,6,0,12
2022-07-24T19:17:31,6,6,0,12
2022-07-24T19:26:28,6,6,0,12
2022-07-24T19:35:25,6,6,0,12
2022-07-24T19:44:21,6,6,0,12
2022-07-24T19:53:18,6,6,0,12
2022-07-24T20:02:15,6,6,0,12
2022-07-24T20:11:12,6,6,0,12
2022-07-24T20:20:09,6,6,0,12
2022-07-24T20:29:16,6,6,0,12
2022-07-24T20:38:13,6,6,0,12
2022-07-24T20:47:10,6,6,0,12
2022-07-24T20:56:07,6,6,0,12
2022-07-24T21:05:04,6,6,0,12
2022-07-24T21:14:01,6,6,0,12
2022-07-24T21:22:58,6,6,0,12
2022-07-24T21:31:55,6,6,0,12
2022-07-24T21:40:52,6,6,0,12
2022-07-24T21:49:50,6,6,0,12
2022-07-24T21:58:46,6,6,0,12
2022-07-24T22:07:43,6,6,0,12
2022-07-24T22:16:40,6,6,0,12
2022-07-24T22:25:37,6,6,0,12
2022-07-24T22:34:35,6,6,0,12
2022-07-24T22:43:33,6,6,0,12
2022-07-24T22:52:29,6,6,0,12
2022-07-24T23:01:38,6,6,0,12
2022-07-24T23:10:37,6,6,0,12
2022-07-24T23:19:34,6,6,0,12
2022-07-24T23:28:32,6,6,0,12
2022-07-24T23:37:29,6,6,0,12
2022-07-24T23:46:26,6,6,0,12
2022-07-24T23:55:22,6,6,0,12
2022-07-25T00:04:19,6,6,0,12
2022-07-25T00:13:19,6,6,0,12
2022-07-25T00:22:23,6,6,0,12
2022-07-25T00:31:24,6,6,0,12
2022-07-25T00:40:33,6,6,0,12
2022-07-25T00:49:33,6,6,0,12
2022-07-25T00:58:32,6,6,0,12
2022-07-25T01:07:27,6,6,0,12
2022-07-25T01:16:25,6,6,0,12
2022-07-25T01:25:21,6,6,0,12
2022-07-25T01:34:18,6,6,0,12
2022-07-25T01:43:12,6,6,0,12
2022-07-25T01:52:08,6,6,0,12
2022-07-25T02:01:04,6,6,0,12
2022-07-25T02:10:01,6,6,0,12
2022-07-25T02:18:57,6,6,0,12
2022-07-25T02:27:53,6,6,0,12
2022-07-25T02:36:49,6,6,0,12
2022-07-25T02:45:44,6,6,0,12
2022-07-25T02:54:38,6,6,0,12
2022-07-25T03:03:32,6,6,0,12
2022-07-25T03:12:27,6,6,0,12
2022-07-25T03:21:21,6,6,0,12
2022-07-25T03:30:16,6,6,0,12
2022-07-25T03:39:11,6,6,0,12
2022-07-25T03:48:09,6,6,0,12
2022-07-25T03:57:05,6,6,0,12
2022-07-25T04:17:34,6,6,0,12
2022-07-25T04:27:51,6,6,0,12
2022-07-25T04:37:07,6,6,0,12
2022-07-25T04:46:08,6,6,0,12
2022-07-25T04:55:08,6,6,0,12
2022-07-25T05:04:10,6,6,0,12
2022-07-25T05:13:11,6,6,0,12
2022-07-25T05:22:10,6,6,0,12
2022-07-25T05:31:10,6,6,0,12
2022-07-25T05:40:10,6,6,0,12
2022-07-25T05:49:08,6,6,0,12
2022-07-25T05:58:06,6,6,0,12
2022-07-25T06:07:04,6,6,0,12
2022-07-25T06:16:02,6,6,0,12
2022-07-25T06:25:02,6,6,0,12
2022-07-25T06:34:00,6,6,0,12
2022-07-25T06:42:57,6,6,0,12
2022-07-25T06:51:54,6,6,0,12
2022-07-25T07:00:51,6,6,0,12
2022-07-25T07:09:48,6,6,0,12
2022-07-25T07:18:46,6,6,0,12
2022-07-25T07:27:43,6,6,0,12
2022-07-25T07:36:41,6,6,0,12
2022-07-25T07:45:39,6,6,0,12
2022-07-25T07:54:38,6,6,0,12
2022-07-25T08:03:37,6,6,0,12
2022-07-25T08:12:36,6,6,0,12
2022-07-25T08:21:39,6,6,0,12
2022-07-25T08:30:42,6,6,0,12
2022-07-25T08:39:40,6,6,0,12
2022-07-25T08:48:38,6,6,0,12
2022-07-25T08:57:36,6,6,0,12
2022-07-25T09:06:34,6,6,0,12
2022-07-25T09:15:32,6,6,0,12
2022-07-25T09:24:31,6,6,0,12
2022-07-25T09:33:29,6,6,0,12
2022-07-25T09:42:52,6,6,0,12
2022-07-25T09:51:51,6,6,0,12
2022-07-25T10:00:49,6,6,0,12
2022-07-25T10:09:48,6,6,0,12
2022-07-25T10:18:46,6,6,0,12
2022-07-25T10:27:45,6,6,0,12
2022-07-25T10:36:43,6,6,0,12
2022-07-25T10:45:41,6,6,0,12
2022-07-25T10:54:41,6,6,0,12
2022-07-25T11:03:40,6,6,0,12
2022-07-25T11:12:38,6,6,0,12
2022-07-25T11:21:37,6,6,0,12
2022-07-25T11:30:35,6,6,0,12
2022-07-25T11:39:33,6,6,0,12
2022-07-25T11:48:44,6,6,0,12
2022-07-25T11:57:42,6,6,0,12
2022-07-25T12:06:41,6,6,0,12
2022-07-25T12:15:40,6,6,0,12
2022-07-25T12:24:38,6,6,0,12
2022-07-25T12:33:35,6,6,0,12
2022-07-25T12:42:34,6,6,0,12
2022-07-25T12:51:32,6,6,0,12
2022-07-25T13:00:30,6,6,0,12
2022-07-25T13:09:28,6,6,0,12
2022-07-25T13:18:27,6,6,0,12
2022-07-25T13:27:25,6,6,0,12
2022-07-25T13:36:25,6,6,0,12
2022-07-25T13:45:35,6,6,0,12
2022-07-25T13:54:34,6,6,0,12
2022-07-25T14:03:33,6,6,0,12
2022-07-25T14:12:34,6,6,0,12
2022-07-25T14:21:33,6,6,0,12
2022-07-25T14:30:32,6,6,0,12
2022-07-25T14:39:31,6,6,0,12
2022-07-25T14:48:30,6,6,0,12
2022-07-25T14:57:30,6,6,0,12
2022-07-25T15:06:29,6,6,0,12
2022-07-25T15:15:27,6,6,0,12
2022-07-25T15:24:25,6,6,0,12
2022-07-25T15:33:23,6,6,0,12
2022-07-25T15:42:23,6,6,0,12
2022-07-25T15:51:33,6,6,0,12
2022-07-25T16:00:31,6,6,0,12
2022-07-25T16:09:29,6,6,0,12
2022-07-25T16:18:30,6,6,0,12
2022-07-25T16:27:28,6,6,0,12
2022-07-25T16:36:26,6,6,0,12
2022-07-25T16:45:24,6,6,0,12
2022-07-25T16:54:22,6,6,0,12
2022-07-25T17:03:20,6,6,0,12
2022-07-25T17:12:19,6,6,0,12
2022-07-25T17:21:17,6,6,0,12
2022-07-25T17:30:14,6,6,0,12
2022-07-25T17:39:12,6,6,0,12
2022-07-25T17:48:08,6,6,0,12
2022-07-25T17:57:05,6,6,0,12
2022-07-25T18:06:23,6,6,0,12
2022-07-25T18:15:20,6,6,0,12
2022-07-25T18:24:17,6,6,0,12
2022-07-25T18:33:14,6,6,0,12
2022-07-25T18:42:12,6,6,0,12
2022-07-25T18:51:09,6,6,0,12
2022-07-25T19:00:07,6,6,0,12
2022-07-25T19:09:05,6,6,0,12
2022-07-25T19:18:02,6,6,0,12
2022-07-25T19:27:02,6,6,0,12
2022-07-25T19:35:59,6,6,0,12
2022-07-25T19:44:56,6,6,0,12
2022-07-25T19:53:53,6,6,0,12
2022-07-25T20:03:00,6,6,0,12
2022-07-25T20:11:57,6,6,0,12
2022-07-25T20:20:54,6,6,0,12
2022-07-25T20:29:51,6,6,0,12
2022-07-25T20:38:48,6,6,0,12
2022-07-25T20:47:46,6,6,0,12
2022-07-25T20:56:42,6,6,0,12
2022-07-25T21:05:39,6,6,0,12
2022-07-25T21:14:37,6,6,0,12
2022-07-25T21:23:33,6,6,0,12
2022-07-25T21:32:31,6,6,0,12
2022-07-25T21:41:28,6,6,0,12
2022-07-25T21:50:26,6,6,0,12
2022-07-25T21:59:23,6,6,0,12
2022-07-25T22:08:20,6,6,0,12
2022-07-25T22:17:17,6,6,0,12
2022-07-25T22:26:14,6,6,0,12
2022-07-25T22:35:12,6,6,0,12
2022-07-25T22:44:20,6,6,0,12
2022-07-25T22:53:17,6,6,0,12
2022-07-25T23:02:17,6,6,0,12
2022-07-25T23:11:15,6,6,0,12
2022-07-25T23:20:13,6,6,0,12
2022-07-25T23:29:10,6,6,0,12
2022-07-25T23:38:07,6,6,0,12
2022-07-25T23:47:04,6,6,0,12
2022-07-25T23:56:01,6,6,0,12
2022-07-26T00:04:59,6,6,0,12
2022-07-26T00:13:57,6,6,0,12
2022-07-26T00:22:56,6,6,0,12
2022-07-26T00:31:56,6,6,0,12
2022-07-26T00:40:54,6,6,0,12
2022-07-26T00:49:55,6,6,0,12
2022-07-26T00:58:55,6,6,0,12
2022-07-26T01:08:20,6,6,0,12
2022-07-26T01:17:20,6,6,0,12
2022-07-26T01:26:19,6,6,0,12
2022-07-26T01:35:18,6,6,0,12
2022-07-26T01:44:16,6,6,0,12
2022-07-26T01:53:15,6,6,0,12
2022-07-26T02:02:14,6,6,0,12
2022-07-26T02:11:12,6,6,0,12
2022-07-26T02:20:09,6,6,0,12
2022-07-26T02:29:08,6,6,0,12
2022-07-26T02:38:05,6,6,0,12
2022-07-26T02:47:01,6,6,0,12
2022-07-26T02:55:57,6,6,0,12
2022-07-26T03:04:53,6,6,0,12
2022-07-26T03:13:49,6,6,0,12
2022-07-26T03:22:45,6,6,0,12
2022-07-26T03:31:41,6,6,0,12
2022-07-26T03:40:38,6,6,0,12
2022-07-26T03:49:36,6,6,0,12
2022-07-26T04:01:00,6,6,0,12
2022-07-26T04:10:01,6,6,0,12
2022-07-26T04:29:06,6,6,0,12
2022-07-26T04:38:31,6,6,0,12
2022-07-26T04:47:33,6,6,0,12
2022-07-26T04:56:46,6,6,0,12
2022-07-26T05:05:47,6,6,0,12
2022-07-26T05:14:48,6,6,0,12
2022-07-26T05:23:47,6,6,0,12
2022-07-26T05:32:49,6,6,0,12
2022-07-26T05:41:48,6,6,0,12
2022-07-26T05:50:48,6,6,0,12
2022-07-26T05:59:47,6,6,0,12
2022-07-26T06:08:50,6,6,0,12
2022-07-26T06:17:49,6,6,0,12
2022-07-26T06:26:48,6,6,0,12
2022-07-26T06:35:47,6,6,0,12
2022-07-26T06:44:47,6,6,0,12
2022-07-26T06:53:47,6,6,0,12
2022-07-26T07:02:49,6,6,0,12
2022-07-26T07:11:48,6,6,0,12
2022-07-26T07:20:48,6,6,0,12
2022-07-26T07:29:48,6,6,0,12
2022-07-26T07:38:47,6,6,0,12
2022-07-26T07:47:45,6,6,0,12
2022-07-26T07:56:46,6,6,0,12
2022-07-26T08:05:45,6,6,0,12
2022-07-26T08:14:45,6,6,0,12
2022-07-26T08:23:45,6,6,0,12
2022-07-26T08:32:44,6,6,0,12
2022-07-26T08:41:43,6,6,0,12
2022-07-26T08:50:41,6,6,0,12
2022-07-26T08:59:39,6,6,0,12
2022-07-26T09:08:38,6,6,0,12
2022-07-26T09:17:36,6,6,0,12
2022-07-26T09:26:35,6,6,0,12
2022-07-26T09:35:59,6,6,0,12
2022-07-26T09:44:57,6,6,0,12
2022-07-26T09:53:56,6,6,0,12
2022-07-26T10:02:54,6,6,0,12
2022-07-26T10:11:53,6,6,0,12
2022-07-26T10:20:51,6,6,0,12
2022-07-26T10:29:49,6,6,0,12
2022-07-26T10:38:48,6,6,0,12
2022-07-26T10:47:46,6,6,0,12
2022-07-26T10:56:46,6,6,0,12
2022-07-26T11:05:44,6,6,0,12
2022-07-26T11:14:43,6,6,0,12
2022-07-26T11:23:42,6,6,0,12
2022-07-26T11:32:41,6,6,0,12
2022-07-26T11:41:39,6,6,0,12
2022-07-26T11:50:38,6,6,0,12
2022-07-26T11:59:36,6,6,0,12
2022-07-26T12:08:35,6,6,0,12
2022-07-26T12:17:33,6,6,0,12
2022-07-26T12:26:44,6,6,0,12
2022-07-26T12:35:41,6,6,0,12
2022-07-26T12:44:39,6,6,0,12
2022-07-26T12:53:37,6,6,0,12
2022-07-26T13:02:36,6,6,0,12
2022-07-26T13:11:34,6,6,0,12
2022-07-26T13:20:32,6,6,0,12
2022-07-26T13:29:31,6,6,0,12
2022-07-26T13:38:30,6,6,0,12
2022-07-26T13:47:28,6,6,0,12
2022-07-26T13:56:54,6,6,0,12
2022-07-26T14:05:53,6,6,0,12
2022-07-26T14:14:52,6,6,0,12
2022-07-26T14:23:50,6,6,0,12
2022-07-26T14:32:48,6,6,0,12
2022-07-26T14:41:47,6,6,0,12
2022-07-26T14:50:45,6,6,0,12
2022-07-26T14:59:43,6,6,0,12
2022-07-26T15:08:41,6,6,0,12
2022-07-26T15:17:40,6,6,0,12
2022-07-26T15:26:38,6,6,0,12
2022-07-26T15:35:36,6,6,0,12
2022-07-26T15:44:36,6,6,0,12
2022-07-26T15:53:46,6,6,0,12
2022-07-26T16:02:44,6,6,0,12
2022-07-26T16:11:42,6,6,0,12
2022-07-26T16:20:40,6,6,0,12
2022-07-26T16:29:38,6,6,0,12
2022-07-26T16:38:36,6,6,0,12
2022-07-26T16:47:33,6,6,0,12
2022-07-26T16:56:31,6,6,0,12
2022-07-26T17:05:29,6,6,0,12
2022-07-26T17:14:27,6,6,0,12
2022-07-26T17:23:25,6,6,0,12
2022-07-26T17:32:41,6,6,0,12
2022-07-26T17:41:38,6,6,0,12
2022-07-26T17:50:36,6,6,0,12
2022-07-26T17:59:33,6,6,0,12
2022-07-26T18:08:30,6,6,0,12
2022-07-26T18:17:28,6,6,0,12
2022-07-26T18:26:25,6,6,0,12
2022-07-26T18:35:22,6,6,0,12
2022-07-26T18:44:19,6,6,0,12
2022-07-26T18:53:17,6,6,0,12
2022-07-26T19:02:14,6,6,0,12
2022-07-26T19:11:12,6,6,0,12
2022-07-26T19:20:09,6,6,0,12
2022-07-26T19:29:07,6,6,0,12
2022-07-26T19:38:04,6,6,0,12
2022-07-26T19:47:12,6,6,0,12
2022-07-26T19:56:09,6,6,0,12
2022-07-26T20:05:06,6,6,0,12
2022-07-26T20:14:03,6,6,0,12
2022-07-26T20:23:01,6,6,0,12
2022-07-26T20:31:58,6,6,0,12
2022-07-26T20:40:55,6,6,0,12
2022-07-26T20:49:52,6,6,0,12
2022-07-26T20:58:48,6,6,0,12
2022-07-26T21:07:45,6,6,0,12
2022-07-26T21:16:43,6,6,0,12
2022-07-26T21:25:40,6,6,0,12
2022-07-26T21:34:37,6,6,0,12
2022-07-26T21:43:34,6,6,0,12
2022-07-26T21:52:31,6,6,0,12
2022-07-26T22:01:28,6,6,0,12
2022-07-26T22:10:46,6,6,0,12
2022-07-26T22:19:43,6,6,0,12
2022-07-26T22:28:40,6,6,0,12
2022-07-26T22:37:36,6,6,0,12
2022-07-26T22:46:36,6,6,0,12
2022-07-26T22:55:33,6,6,0,12
2022-07-26T23:04:30,6,6,0,12
2022-07-26T23:13:28,6,6,0,12
2022-07-26T23:22:25,6,6,0,12
2022-07-26T23:31:22,6,6,0,12
2022-07-26T23:40:20,6,6,0,12
2022-07-26T23:49:16,6,6,0,12
2022-07-26T23:58:13,6,6,0,12
2022-07-27T00:07:11,6,6,0,12
2022-07-27T00:16:11,6,6,0,12
2022-07-27T00:25:09,6,6,0,12
2022-07-27T00:34:07,6,6,0,12
2022-07-27T00:43:07,6,6,0,12
2022-07-27T00:52:18,6,6,0,12
2022-07-27T01:01:18,6,6,0,12
2022-07-27T01:10:17,6,6,0,12
2022-07-27T01:19:17,6,6,0,12
2022-07-27T01:28:17,6,6,0,12
2022-07-27T01:37:17,6,6,0,12
2022-07-27T01:46:16,6,6,0,12
2022-07-27T01:55:15,6,6,0,12
2022-07-27T02:04:13,6,6,0,12
2022-07-27T02:13:12,6,6,0,12
2022-07-27T02:22:20,6,6,0,12
2022-07-27T02:31:19,6,6,0,12
2022-07-27T02:40:18,6,6,0,12
2022-07-27T02:49:16,6,6,0,12
2022-07-27T02:58:14,6,6,0,12
2022-07-27T03:07:12,6,6,0,12
2022-07-27T03:16:09,6,6,0,12
2022-07-27T03:25:06,6,6,0,12
2022-07-27T03:34:03,6,6,0,12
2022-07-27T03:43:02,6,6,0,12
2022-07-27T03:52:01,6,6,0,12
2022-07-27T04:00:59,6,6,0,12
2022-07-27T04:19:31,6,6,0,12
2022-07-27T04:28:54,6,6,0,12
2022-07-27T04:37:55,6,6,0,12
2022-07-27T04:46:56,6,6,0,12
2022-07-27T04:55:55,6,6,0,12
2022-07-27T05:04:54,6,6,0,12
2022-07-27T05:13:54,6,6,0,12
2022-07-27T05:22:52,6,6,0,12
2022-07-27T05:33:13,6,6,0,12
2022-07-27T05:42:31,6,6,0,12
2022-07-27T05:51:31,6,6,0,12
2022-07-27T06:00:30,6,6,0,12
2022-07-27T06:09:30,6,6,0,12
2022-07-27T06:18:28,6,6,0,12
2022-07-27T06:27:25,6,6,0,12
2022-07-27T06:36:22,6,6,0,12
2022-07-27T08:22:29,6,6,0,12
2022-07-27T08:31:58,6,6,0,12
2022-07-27T08:40:57,6,6,0,12
2022-07-27T08:49:56,6,6,0,12
2022-07-27T08:58:54,6,6,0,12
2022-07-27T09:07:53,6,6,0,12
2022-07-27T09:16:51,6,6,0,12
2022-07-27T09:25:49,6,6,0,12
2022-07-27T09:34:47,6,6,0,12
2022-07-27T09:43:46,6,6,0,12
2022-07-27T09:52:45,6,6,0,12
2022-07-27T10:01:44,6,6,0,12
2022-07-27T10:10:43,6,6,0,12
2022-07-27T10:19:41,6,6,0,12
2022-07-27T10:28:40,6,6,0,12
2022-07-27T10:37:38,6,6,0,12
2022-07-27T10:46:37,6,6,0,12
2022-07-27T10:55:35,6,6,0,12
2022-07-27T11:04:34,6,6,0,12
2022-07-27T11:13:33,6,6,0,12
2022-07-27T11:22:42,6,6,0,12
2022-07-27T11:31:40,6,6,0,12
2022-07-27T11:40:39,6,6,0,12
2022-07-27T11:49:37,6,6,0,12
2022-07-27T11:58:35,6,6,0,12
2022-07-27T12:07:34,6,6,0,12
2022-07-27T12:16:31,6,6,0,12
2022-07-27T12:25:29,6,6,0,12
2022-07-27T12:34:28,6,6,0,12
2022-07-27T12:43:26,6,6,0,12
2022-07-27T12:52:24,6,6,0,12
2022-07-27T13:01:22,6,6,0,12
2022-07-27T13:10:21,6,6,0,12
2022-07-27T13:19:19,6,6,0,12
2022-07-27T13:28:17,6,6,0,12
2022-07-27T13:37:16,6,6,0,12
2022-07-27T13:46:15,6,6,0,12
2022-07-27T13:55:24,6,6,0,12
2022-07-27T14:04:23,6,6,0,12
2022-07-27T14:13:21,6,6,0,12
2022-07-27T14:22:20,6,6,0,12
2022-07-27T14:31:19,6,6,0,12
2022-07-27T14:40:17,6,6,0,12
2022-07-27T14:49:15,6,6,0,12
2022-07-27T14:58:13,6,6,0,12
2022-07-27T15:07:11,6,6,0,12
2022-07-27T15:16:10,6,6,0,12
2022-07-27T15:25:07,6,6,0,12
2022-07-27T15:34:05,6,6,0,12
2022-07-27T15:43:03,6,6,0,12
2022-07-27T15:52:01,6,6,0,12
2022-07-27T16:01:00,6,6,0,12
2022-07-27T16:10:10,6,6,0,12
2022-07-27T16:19:09,6,6,0,12
2022-07-27T16:28:06,6,6,0,12
2022-07-27T16:37:04,6,6,0,12
2022-07-27T16:46:01,6,6,0,12
2022-07-27T16:54:59,6,6,0,12
2022-07-27T17:03:57,6,6,0,12
2022-07-27T17:12:55,6,6,0,12
2022-07-27T17:21:52,6,6,0,12
2022-07-27T17:30:49,6,6,0,12
2022-07-27T17:39:46,6,6,0,12
2022-07-27T17:48:44,6,6,0,12
2022-07-27T17:57:41,6,6,0,12
2022-07-27T18:06:49,6,6,0,12
2022-07-27T18:15:47,6,6,0,12
2022-07-27T18:24:44,6,6,0,12
2022-07-27T18:33:42,6,6,0,12
2022-07-27T18:42:39,6,6,0,12
2022-07-27T18:51:36,6,6,0,12
2022-07-27T19:00:33,6,6,0,12
2022-07-27T19:09:31,6,6,0,12
2022-07-27T19:18:28,6,6,0,12
2022-07-27T19:27:25,6,6,0,12
2022-07-27T19:36:22,6,6,0,12
2022-07-27T19:45:19,6,6,0,12
2022-07-27T19:54:16,6,6,0,12
2022-07-27T20:03:13,6,6,0,12
2022-07-27T20:12:11,6,6,0,12
2022-07-27T20:21:08,6,6,0,12
2022-07-27T20:30:05,6,6,0,12
2022-07-27T20:39:02,6,6,0,12
2022-07-27T20:47:59,6,6,0,12
2022-07-27T20:57:07,6,6,0,12
2022-07-27T21:06:04,6,6,0,12
2022-07-27T21:15:01,6,6,0,12
2022-07-27T21:23:58,6,6,0,12
2022-07-27T21:32:57,6,6,0,12
2022-07-27T21:41:55,6,6,0,12
2022-07-27T21:50:52,6,6,0,12
2022-07-27T21:59:50,6,6,0,12
2022-07-27T22:08:47,6,6,0,12
2022-07-27T22:17:45,6,6,0,12
2022-07-27T22:26:41,6,6,0,12
2022-07-27T22:35:38,6,6,0,12
2022-07-27T22:44:36,6,6,0,12
2022-07-27T22:53:33,6,6,0,12
2022-07-27T23:02:31,6,6,0,12
2022-07-27T23:11:29,6,6,0,12
2022-07-27T23:20:26,6,6,0,12
2022-07-27T23:29:23,6,6,0,12
2022-07-27T23:38:21,6,6,0,12
2022-07-27T23:47:18,6,6,0,12
2022-07-27T23:56:15,6,6,0,12
2022-07-28T00:05:13,6,6,0,12
2022-07-28T00:14:12,6,6,0,12
2022-07-28T00:23:11,6,6,0,12
2022-07-28T00:32:09,6,6,0,12
2022-07-28T00:41:40,6,6,0,12
2022-07-28T00:50:40,6,6,0,12
2022-07-28T00:59:40,6,6,0,12
2022-07-28T01:08:38,6,6,0,12
2022-07-28T01:17:37,6,6,0,12
2022-07-28T01:26:36,6,6,0,12
2022-07-28T01:35:35,6,6,0,12
2022-07-28T01:44:34,6,6,0,12
2022-07-28T01:53:34,6,6,0,12
2022-07-28T02:02:32,6,6,0,12
2022-07-28T02:11:30,6,6,0,12
2022-07-28T02:20:28,6,6,0,12
2022-07-28T02:29:24,6,6,0,12
2022-07-28T02:38:21,6,6,0,12
2022-07-28T02:47:19,6,6,0,12
2022-07-28T02:56:15,6,6,0,12
2022-07-28T03:05:11,6,6,0,12
2022-07-28T03:14:07,6,6,0,12
2022-07-28T03:23:03,6,6,0,12
2022-07-28T03:31:59,6,6,0,12
2022-07-28T03:40:57,6,6,0,12
2022-07-28T03:49:56,6,6,0,12
2022-07-28T03:58:54,6,6,0,12
2022-07-28T04:07:53,6,6,0,12
2022-07-28T04:28:13,6,6,0,12
2022-07-28T04:37:36,6,6,0,12
2022-07-28T04:46:37,6,6,0,12
2022-07-28T04:55:36,6,6,0,12
2022-07-28T05:04:39,6,6,0,12
2022-07-28T05:13:40,6,6,0,12
2022-07-28T05:22:39,6,6,0,12
2022-07-28T05:31:38,6,6,0,12
2022-07-28T05:40:37,6,6,0,12
2022-07-28T05:49:38,6,6,0,12
2022-07-28T05:58:39,6,6,0,12
2022-07-28T06:07:39,6,6,0,12
2022-07-28T06:16:38,6,6,0,12
2022-07-28T06:25:37,6,6,0,12
2022-07-28T06:34:36,6,6,0,12
2022-07-28T06:43:34,6,6,0,12
2022-07-28T06:52:31,6,6,0,12
2022-07-28T07:01:33,6,6,0,12
2022-07-28T07:10:34,6,6,0,12
2022-07-28T07:19:33,6,6,0,12
2022-07-28T07:28:31,6,6,0,12
2022-07-28T07:37:31,6,6,0,12
2022-07-28T07:46:30,6,6,0,12
2022-07-28T07:55:28,6,6,0,12
2022-07-28T08:04:30,6,6,0,12
2022-07-28T08:13:29,6,6,0,12
2022-07-28T08:22:28,6,6,0,12
2022-07-28T08:31:28,6,6,0,12
2022-07-28T08:40:26,6,6,0,12
2022-07-28T08:49:24,6,6,0,12
2022-07-28T08:58:22,6,6,0,12
2022-07-28T09:07:19,6,6,0,12
2022-07-28T09:16:18,6,6,0,12
2022-07-28T09:25:17,6,6,0,12
2022-07-28T09:34:18,6,6,0,12
2022-07-28T09:43:17,6,6,0,12
2022-07-28T09:52:26,6,6,0,12
2022-07-28T10:01:29,6,6,0,12
2022-07-28T10:10:35,6,6,0,12
2022-07-28T10:19:39,6,6,0,12
2022-07-28T10:28:44,6,6,0,12
2022-07-28T10:37:48,6,6,0,12
2022-07-28T10:46:55,6,6,0,12
2022-07-28T10:56:00,6,6,0,12
2022-07-28T11:05:05,6,6,0,12
2022-07-28T11:14:09,6,6,0,12
2022-07-28T11:23:14,6,6,0,12
2022-07-28T11:32:16,6,6,0,12
2022-07-28T11:41:30,6,6,0,12
2022-07-28T11:50:31,6,6,0,12
2022-07-28T11:59:30,6,6,0,12
2022-07-28T12:08:27,6,6,0,12
2022-07-28T12:17:25,6,6,0,12
2022-07-28T12:26:23,6,6,0,12
2022-07-28T12:35:20,6,6,0,12
2022-07-28T12:44:18,6,6,0,12
2022-07-28T12:53:16,6,6,0,12
2022-07-28T13:02:14,6,6,0,12
2022-07-28T13:11:11,6,6,0,12
2022-07-28T13:20:09,6,6,0,12
2022-07-28T13:29:07,6,6,0,12
2022-07-28T13:38:06,6,6,0,12
2022-07-28T13:47:04,6,6,0,12
2022-07-28T13:56:02,6,6,0,12
2022-07-28T14:05:02,6,6,0,12
2022-07-28T14:14:00,6,6,0,12
2022-07-28T14:22:59,6,6,0,12
2022-07-28T14:31:57,6,6,0,12
2022-07-28T14:41:07,6,6,0,12
2022-07-28T14:50:05,6,6,0,12
2022-07-28T14:59:04,6,6,0,12
2022-07-28T15:08:03,6,6,0,12
2022-07-28T15:17:01,6,6,0,12
2022-07-28T15:25:59,6,6,0,12
2022-07-28T15:34:57,6,6,0,12
2022-07-28T15:43:56,6,6,0,12
2022-07-28T15:52:54,6,6,0,12
2022-07-28T16:01:53,6,6,0,12
2022-07-28T16:10:51,6,6,0,12
2022-07-28T16:19:48,6,6,0,12
2022-07-28T16:28:46,6,6,0,12
2022-07-28T16:37:56,6,6,0,12
2022-07-28T16:46:54,6,6,0,12
2022-07-28T16:55:52,6,6,0,12
2022-07-28T17:04:50,6,6,0,12
2022-07-28T17:13:48,6,6,0,12
2022-07-28T17:22:46,6,6,0,12
2022-07-28T17:31:43,6,6,0,12
2022-07-28T17:40:40,6,6,0,12
2022-07-28T17:49:39,6,6,0,12
2022-07-28T17:58:37,6,6,0,12
2022-07-28T18:07:34,6,6,0,12
2022-07-28T18:16:32,6,6,0,12
2022-07-28T18:25:30,6,6,0,12
2022-07-28T18:34:27,6,6,0,12
2022-07-28T18:43:25,6,6,0,12
2022-07-28T18:52:23,6,6,0,12
2022-07-28T19:01:21,6,6,0,12
2022-07-28T19:10:19,6,6,0,12
2022-07-28T19:19:28,6,6,0,12
2022-07-28T19:28:25,6,6,0,12
2022-07-28T19:37:23,6,6,0,12
2022-07-28T19:46:20,6,6,0,12
2022-07-28T19:55:17,6,6,0,12
2022-07-28T20:04:14,6,6,0,12
2022-07-28T20:13:11,6,6,0,12
2022-07-28T20:22:08,6,6,0,12
2022-07-28T20:31:05,6,6,0,12
2022-07-28T20:40:02,6,6,0,12
2022-07-28T20:49:09,6,6,0,12
2022-07-28T20:58:17,6,6,0,12
2022-07-28T21:07:25,6,6,0,12
2022-07-28T21:16:31,6,6,0,12
2022-07-28T21:25:41,6,6,0,12
2022-07-28T21:34:56,6,6,0,12
2022-07-28T21:44:07,6,6,0,12
2022-07-28T21:53:20,6,6,0,12
2022-07-28T22:02:30,6,6,0,12
2022-07-28T22:11:53,6,6,0,12
2022-07-28T22:21:06,6,6,0,12
2022-07-28T22:30:14,6,6,0,12
2022-07-28T22:39:22,6,6,0,12
2022-07-28T22:48:30,6,6,0,12
2022-07-28T22:57:38,6,6,0,12
2022-07-28T23:06:48,6,6,0,12
2022-07-28T23:15:57,6,6,0,12
2022-07-28T23:25:06,6,6,0,12
2022-07-28T23:34:09,6,6,0,12
2022-07-28T23:43:12,6,6,0,12
2022-07-28T23:52:12,6,6,0,12
2022-07-29T00:01:11,6,6,0,12
2022-07-29T00:10:09,6,6,0,12
2022-07-29T00:19:11,6,6,0,12
2022-07-29T00:28:10,6,6,0,12
2022-07-29T00:37:09,6,6,0,12
2022-07-29T00:46:21,6,6,0,12
2022-07-29T00:55:22,6,6,0,12
2022-07-29T01:04:22,6,6,0,12
2022-07-29T01:13:21,6,6,0,12
2022-07-29T01:22:22,6,6,0,12
2022-07-29T01:31:23,6,6,0,12
2022-07-29T01:40:21,6,6,0,12
2022-07-29T01:49:20,6,6,0,12
2022-07-29T01:58:19,6,6,0,12
2022-07-29T02:07:17,6,6,0,12
2022-07-29T02:16:16,6,6,0,12
2022-07-29T02:25:14,6,6,0,12
2022-07-29T02:34:13,6,6,0,12
2022-07-29T02:43:12,6,6,0,12
2022-07-29T02:52:13,6,6,0,12
2022-07-29T03:01:13,6,6,0,12
2022-07-29T03:10:19,6,6,0,12
2022-07-29T03:19:17,6,6,0,12
2022-07-29T03:28:14,6,6,0,12
2022-07-29T03:37:14,6,6,0,12
2022-07-29T03:46:14,6,6,0,12
2022-07-29T03:55:14,6,6,0,12
2022-07-29T04:04:12,6,6,0,12
2022-07-29T04:21:17,6,6,0,12
2022-07-29T04:30:42,6,6,0,12
2022-07-29T04:39:41,6,6,0,12
2022-07-29T04:48:41,6,6,0,12
2022-07-29T04:57:41,6,6,0,12
2022-07-29T05:06:42,6,6,0,12
2022-07-29T05:15:43,6,6,0,12
2022-07-29T05:24:42,6,6,0,12
2022-07-29T05:33:43,6,6,0,12
2022-07-29T05:42:43,6,6,0,12
2022-07-29T05:51:42,6,6,0,12
2022-07-29T06:00:40,6,6,0,12
2022-07-29T06:09:39,6,6,0,12
2022-07-29T06:18:38,6,6,0,12
2022-07-29T06:27:36,6,6,0,12
2022-07-29T06:36:36,6,6,0,12
2022-07-29T06:45:35,6,6,0,12
2022-07-29T06:54:32,6,6,0,12
2022-07-29T07:03:30,6,6,0,12
2022-07-29T07:12:28,6,6,0,12
2022-07-29T07:21:25,6,6,0,12
2022-07-29T07:30:23,6,6,0,12
2022-07-29T07:39:21,6,6,0,12
2022-07-29T07:48:19,6,6,0,12
2022-07-29T07:57:16,6,6,0,12
2022-07-29T08:06:13,6,6,0,12
2022-07-29T08:15:11,6,6,0,12
2022-07-29T08:24:08,6,6,0,12
2022-07-29T08:33:06,6,6,0,12
2022-07-29T08:42:04,6,6,0,12
2022-07-29T08:51:01,6,6,0,12
2022-07-29T08:59:59,6,6,0,12
2022-07-29T09:09:06,6,6,0,12
2022-07-29T09:18:04,6,6,0,12
2022-07-29T09:27:02,6,6,0,12
2022-07-29T09:36:00,6,6,0,12
2022-07-29T09:44:57,6,6,0,12
2022-07-29T09:53:55,6,6,0,12
2022-07-29T10:02:55,6,6,0,12
2022-07-29T10:11:54,6,6,0,12
2022-07-29T10:20:52,6,6,0,12
2022-07-29T10:29:50,6,6,0,12
2022-07-29T10:38:49,6,6,0,12
2022-07-29T10:47:47,6,6,0,12
2022-07-29T10:56:45,6,6,0,12
2022-07-29T11:05:44,6,6,0,12
2022-07-29T11:14:42,6,6,0,12
2022-07-29T11:23:41,6,6,0,12
2022-07-29T11:32:52,6,6,0,12
2022-07-29T11:41:51,6,6,0,12
2022-07-29T11:50:49,6,6,0,12
2022-07-29T11:59:47,6,6,0,12
2022-07-29T12:08:45,6,6,0,12
2022-07-29T12:17:43,6,6,0,12
2022-07-29T12:26:41,6,6,0,12
2022-07-29T12:35:40,6,6,0,12
2022-07-29T12:44:37,6,6,0,12
2022-07-29T12:53:36,6,6,0,12
2022-07-29T13:02:34,6,6,0,12
2022-07-29T13:11:32,6,6,0,12
2022-07-29T13:20:30,6,6,0,12
2022-07-29T13:29:39,6,6,0,12
2022-07-29T13:38:38,6,6,0,12
2022-07-29T13:47:37,6,6,0,12
2022-07-29T13:56:36,6,6,0,12
2022-07-29T14:05:34,6,6,0,12
2022-07-29T14:14:33,6,6,0,12
2022-07-29T14:23:33,6,6,0,12
2022-07-29T14:32:32,6,6,0,12
2022-07-29T14:41:32,6,6,0,12
2022-07-29T14:50:31,6,6,0,12
2022-07-29T14:59:31,6,6,0,12
2022-07-29T15:08:30,6,6,0,12
2022-07-29T15:17:32,6,6,0,12
2022-07-29T15:26:32,6,6,0,12
2022-07-29T15:35:32,6,6,0,12
2022-07-29T15:44:43,6,6,0,12
2022-07-29T15:53:42,6,6,0,12
2022-07-29T16:02:43,6,6,0,12
2022-07-29T16:11:43,6,6,0,12
2022-07-29T16:20:44,6,6,0,12
2022-07-29T16:29:43,6,6,0,12
2022-07-29T16:38:44,6,6,0,12
2022-07-29T16:47:44,6,6,0,12
2022-07-29T16:56:44,6,6,0,12
2022-07-29T17:05:43,6,6,0,12
2022-07-29T17:14:44,6,6,0,12
2022-07-29T17:23:54,6,6,0,12
2022-07-29T17:32:53,6,6,0,12
2022-07-29T17:41:53,6,6,0,12
2022-07-29T17:50:53,6,6,0,12
2022-07-29T17:59:53,6,6,0,12
2022-07-29T18:08:54,6,6,0,12
2022-07-29T18:17:54,6,6,0,12
2022-07-29T18:26:53,6,6,0,12
2022-07-29T18:35:52,6,6,0,12
2022-07-29T18:44:51,6,6,0,12
2022-07-29T18:53:51,6,6,0,12
2022-07-29T19:02:51,6,6,0,12
2022-07-29T19:11:51,6,6,0,12
2022-07-29T19:20:50,6,6,0,12
2022-07-29T19:29:50,6,6,0,12
2022-07-29T19:38:49,6,6,0,12
2022-07-29T19:47:59,6,6,0,12
2022-07-29T19:56:58,6,6,0,12
2022-07-29T20:05:58,6,6,0,12
2022-07-29T20:14:59,6,6,0,12
2022-07-29T20:23:58,6,6,0,12
2022-07-29T20:32:58,6,6,0,12
2022-07-29T20:41:57,6,6,0,12
2022-07-29T20:50:56,6,6,0,12
2022-07-29T20:59:55,6,6,0,12
2022-07-29T21:08:53,6,6,0,12
2022-07-29T21:17:53,6,6,0,12
2022-07-29T21:26:53,6,6,0,12
2022-07-29T21:35:52,6,6,0,12
2022-07-29T21:44:51,6,6,0,12
2022-07-29T21:53:50,6,6,0,12
2022-07-29T22:03:00,6,6,0,12
2022-07-29T22:11:59,6,6,0,12
2022-07-29T22:20:59,6,6,0,12
2022-07-29T22:29:59,6,6,0,12
2022-07-29T22:38:58,6,6,0,12
2022-07-29T22:47:58,6,6,0,12
2022-07-29T22:56:57,6,6,0,12
2022-07-29T23:05:56,6,6,0,12
2022-07-29T23:14:56,6,6,0,12
2022-07-29T23:23:56,6,6,0,12
2022-07-29T23:32:56,6,6,0,12
2022-07-29T23:41:55,6,6,0,12
2022-07-29T23:50:54,6,6,0,12
2022-07-29T23:59:53,6,6,0,12
2022-07-30T00:08:54,6,6,0,12
2022-07-30T00:17:55,6,6,0,12
2022-07-30T00:26:56,6,6,0,12
2022-07-30T00:35:58,6,6,0,12
2022-07-30T00:44:59,6,6,0,12
2022-07-30T00:54:14,6,6,0,12
2022-07-30T01:03:15,6,6,0,12
2022-07-30T01:12:16,6,6,0,12
2022-07-30T01:21:17,6,6,0,12
2022-07-30T01:30:18,6,6,0,12
2022-07-30T01:39:19,6,6,0,12
2022-07-30T01:48:19,6,6,0,12
2022-07-30T01:57:19,6,6,0,12
2022-07-30T02:06:18,6,6,0,12
2022-07-30T02:15:19,6,6,0,12
2022-07-30T02:24:19,6,6,0,12
2022-07-30T02:33:20,6,6,0,12
2022-07-30T02:42:20,6,6,0,12
2022-07-30T02:51:18,6,6,0,12
2022-07-30T03:00:17,6,6,0,12
2022-07-30T03:09:15,6,6,0,12
2022-07-30T03:18:14,6,6,0,12
2022-07-30T03:27:12,6,6,0,12
2022-07-30T03:36:11,6,6,0,12
2022-07-30T03:45:12,6,6,0,12
2022-07-30T03:54:13,6,6,0,12
2022-07-30T04:05:39,6,6,0,12
2022-07-30T04:21:37,6,6,0,12
2022-07-30T04:31:01,6,6,0,12
2022-07-30T04:40:05,6,6,0,12
2022-07-30T04:49:08,6,6,0,12
2022-07-30T04:58:09,6,6,0,12
2022-07-30T05:07:08,6,6,0,12
2022-07-30T05:16:11,6,6,0,12
2022-07-30T05:25:17,6,6,0,12
2022-07-30T05:34:19,6,6,0,12
2022-07-30T05:43:20,6,6,0,12
2022-07-30T05:52:21,6,6,0,12
2022-07-30T06:01:23,6,6,0,12
2022-07-30T06:10:23,6,6,0,12
2022-07-30T06:19:24,6,6,0,12
2022-07-30T06:28:25,6,6,0,12
2022-07-30T06:37:26,6,6,0,12
2022-07-30T06:46:27,6,6,0,12
2022-07-30T06:55:29,6,6,0,12
2022-07-30T07:04:30,6,6,0,12
2022-07-30T07:13:32,6,6,0,12
2022-07-30T07:22:35,6,6,0,12
2022-07-30T07:31:37,6,6,0,12
2022-07-30T07:40:37,6,6,0,12
2022-07-30T07:49:38,6,6,0,12
2022-07-30T07:58:40,6,6,0,12
2022-07-30T08:07:40,6,6,0,12
2022-07-30T08:16:41,6,6,0,12
2022-07-30T08:25:44,6,6,0,12
2022-07-30T08:34:45,6,6,0,12
2022-07-30T08:43:46,6,6,0,12
2022-07-30T08:52:47,6,6,0,12
2022-07-30T09:01:49,6,6,0,12
2022-07-30T09:10:50,6,6,0,12
2022-07-30T09:19:51,6,6,0,12
2022-07-30T09:28:52,6,6,0,12
2022-07-30T09:37:54,6,6,0,12
2022-07-30T09:46:55,6,6,0,12
2022-07-30T09:55:55,6,6,0,12
2022-07-30T10:04:56,6,6,0,12
2022-07-30T10:13:56,6,6,0,12
2022-07-30T10:22:56,6,6,0,12
2022-07-30T10:31:57,6,6,0,12
2022-07-30T10:40:58,6,6,0,12
2022-07-30T10:49:59,6,6,0,12
2022-07-30T10:58:59,6,6,0,12
2022-07-30T11:07:59,6,6,0,12
2022-07-30T11:16:58,6,6,0,12
2022-07-30T11:26:00,6,6,0,12
2022-07-30T11:35:00,6,6,0,12
2022-07-30T11:43:59,6,6,0,12
2022-07-30T11:52:58,6,6,0,12
2022-07-30T12:01:57,6,6,0,12
2022-07-30T12:10:56,6,6,0,12
2022-07-30T12:19:55,6,6,0,12
2022-07-30T12:29:02,6,6,0,12
2022-07-30T12:38:01,6,6,0,12
2022-07-30T12:47:01,6,6,0,12
2022-07-30T12:55:59,6,6,0,12
2022-07-30T13:04:58,6,6,0,12
2022-07-30T13:13:58,6,6,0,12
2022-07-30T13:22:57,6,6,0,12
2022-07-30T13:31:56,6,6,0,12
2022-07-30T13:40:55,6,6,0,12
2022-07-30T13:49:54,6,6,0,12
2022-07-30T13:58:53,6,6,0,12
2022-07-30T14:07:51,6,6,0,12
2022-07-30T14:16:50,6,6,0,12
2022-07-30T14:25:49,6,6,0,12
2022-07-30T14:34:48,6,6,0,12
2022-07-30T14:43:46,6,6,0,12
2022-07-30T14:52:45,6,6,0,12
2022-07-30T15:01:44,6,6,0,12
2022-07-30T15:10:43,6,6,0,12
2022-07-30T15:19:42,6,6,0,12
2022-07-30T15:28:41,6,6,0,12
2022-07-30T15:37:39,6,6,0,12
2022-07-30T15:46:39,6,6,0,12
2022-07-30T15:55:37,6,6,0,12
2022-07-30T16:04:36,6,6,0,12
2022-07-30T16:13:34,6,6,0,12
2022-07-30T16:22:46,6,6,0,12
2022-07-30T16:31:44,6,6,0,12
2022-07-30T16:40:43,6,6,0,12
2022-07-30T16:49:42,6,6,0,12
2022-07-30T16:58:40,6,6,0,12
2022-07-30T17:07:39,6,6,0,12
2022-07-30T17:16:39,6,6,0,12
2022-07-30T17:25:39,6,6,0,12
2022-07-30T17:34:38,6,6,0,12
2022-07-30T17:43:36,6,6,0,12
2022-07-30T17:52:35,6,6,0,12
2022-07-30T18:01:34,6,6,0,12
2022-07-30T18:10:32,6,6,0,12
2022-07-30T18:19:31,6,6,0,12
2022-07-30T18:28:30,6,6,0,12
2022-07-30T18:37:28,6,6,0,12
2022-07-30T18:46:27,6,6,0,12
2022-07-30T18:55:26,6,6,0,12
2022-07-30T19:04:25,6,6,0,12
2022-07-30T19:13:24,6,6,0,12
2022-07-30T19:22:33,6,6,0,12
2022-07-30T19:31:32,6,6,0,12
2022-07-30T19:40:30,6,6,0,12
2022-07-30T19:49:29,6,6,0,12
2022-07-30T19:58:27,6,6,0,12
2022-07-30T20:07:26,6,6,0,12
2022-07-30T20:16:25,6,6,0,12
2022-07-30T20:25:24,6,6,0,12
2022-07-30T20:34:22,6,6,0,12
2022-07-30T20:43:21,6,6,0,12
2022-07-30T20:52:19,6,6,0,12
2022-07-30T21:01:18,6,6,0,12
2022-07-30T21:10:17,6,6,0,12
2022-07-30T21:19:15,6,6,0,12
2022-07-30T21:28:14,6,6,0,12
2022-07-30T21:37:13,6,6,0,12
2022-07-30T21:46:12,6,6,0,12
2022-07-30T21:55:11,6,6,0,12
2022-07-30T22:04:10,6,6,0,12
2022-07-30T22:13:08,6,6,0,12
2022-07-30T22:22:07,6,6,0,12
2022-07-30T22:31:06,6,6,0,12
2022-07-30T22:40:04,6,6,0,12
2022-07-30T22:49:14,6,6,0,12
2022-07-30T22:58:12,6,6,0,12
2022-07-30T23:07:14,6,6,0,12
2022-07-30T23:16:13,6,6,0,12
2022-07-30T23:25:12,6,6,0,12
2022-07-30T23:34:11,6,6,0,12
2022-07-30T23:43:10,6,6,0,12
2022-07-30T23:52:09,6,6,0,12
2022-07-31T00:01:07,6,6,0,12
2022-07-31T00:10:07,6,6,0,12
2022-07-31T00:19:08,6,6,0,12
2022-07-31T00:28:09,6,6,0,12
2022-07-31T00:37:10,6,6,0,12
2022-07-31T00:46:11,6,6,0,12
2022-07-31T00:55:12,6,6,0,12
2022-07-31T01:04:13,6,6,0,12
2022-07-31T01:13:13,6,6,0,12
2022-07-31T01:22:13,6,6,0,12
2022-07-31T01:31:13,6,6,0,12
2022-07-31T01:40:13,6,6,0,12
2022-07-31T01:49:13,6,6,0,12
2022-07-31T01:58:14,6,6,0,12
2022-07-31T02:07:22,6,6,0,12
2022-07-31T02:16:23,6,6,0,12
2022-07-31T02:25:23,6,6,0,12
2022-07-31T02:34:25,6,6,0,12
2022-07-31T02:43:25,6,6,0,12
2022-07-31T02:52:24,6,6,0,12
2022-07-31T03:01:23,6,6,0,12
2022-07-31T03:10:23,6,6,0,12
2022-07-31T03:19:22,6,6,0,12
2022-07-31T03:28:21,6,6,0,12
2022-07-31T03:37:21,6,6,0,12
2022-07-31T03:46:22,6,6,0,12
2022-07-31T03:55:23,6,6,0,12
2022-07-31T04:04:25,6,6,0,12
2022-07-31T04:24:33,6,6,0,12
2022-07-31T04:33:58,6,6,0,12
2022-07-31T04:43:01,6,6,0,12
2022-07-31T04:52:04,6,6,0,12
2022-07-31T05:01:06,6,6,0,12
2022-07-31T05:10:09,6,6,0,12
2022-07-31T05:19:11,6,6,0,12
2022-07-31T05:28:13,6,6,0,12
2022-07-31T05:37:15,6,6,0,12
2022-07-31T05:46:14,6,6,0,12
2022-07-31T05:55:15,6,6,0,12
2022-07-31T06:04:15,6,6,0,12
2022-07-31T06:13:15,6,6,0,12
2022-07-31T06:22:15,6,6,0,12
2022-07-31T06:31:15,6,6,0,12
2022-07-31T06:40:14,6,6,0,12
2022-07-31T06:49:13,6,6,0,12
2022-07-31T06:58:12,6,6,0,12
2022-07-31T07:07:11,6,6,0,12
2022-07-31T07:16:10,6,6,0,12
2022-07-31T07:25:09,6,6,0,12
2022-07-31T07:34:08,6,6,0,12
2022-07-31T07:43:08,6,6,0,12
2022-07-31T07:52:07,6,6,0,12
2022-07-31T08:01:06,6,6,0,12
2022-07-31T08:10:05,6,6,0,12
2022-07-31T08:19:04,6,6,0,12
2022-07-31T08:28:05,6,6,0,12
2022-07-31T08:37:07,6,6,0,12
2022-07-31T08:46:07,6,6,0,12
2022-07-31T08:55:07,6,6,0,12
2022-07-31T09:04:07,6,6,0,12
2022-07-31T09:13:06,6,6,0,12
2022-07-31T09:22:05,6,6,0,12
2022-07-31T09:31:05,6,6,0,12
2022-07-31T09:40:04,6,6,0,12
2022-07-31T09:49:04,6,6,0,12
2022-07-31T09:58:03,6,6,0,12
2022-07-31T10:07:03,6,6,0,12
2022-07-31T10:16:03,6,6,0,12
2022-07-31T10:25:03,6,6,0,12
2022-07-31T10:34:03,6,6,0,12
2022-07-31T10:43:03,6,6,0,12
2022-07-31T10:52:04,6,6,0,12
2022-07-31T11:01:04,6,6,0,12
2022-07-31T11:10:03,6,6,0,12
2022-07-31T11:19:02,6,6,0,12
2022-07-31T11:28:02,6,6,0,12
2022-07-31T11:37:01,6,6,0,12
2022-07-31T11:46:01,6,6,0,12
2022-07-31T11:55:09,6,6,0,12
2022-07-31T12:04:08,6,6,0,12
2022-07-31T12:13:07,6,6,0,12
2022-07-31T12:22:07,6,6,0,12
2022-07-31T12:31:06,6,6,0,12
2022-07-31T12:40:07,6,6,0,12
2022-07-31T12:49:06,6,6,0,12
2022-07-31T12:58:04,6,6,0,12
2022-07-31T13:07:03,6,6,0,12
2022-07-31T13:16:02,6,6,0,12
2022-07-31T13:25:00,6,6,0,12
2022-07-31T13:33:59,6,6,0,12
2022-07-31T13:42:58,6,6,0,12
2022-07-31T13:51:57,6,6,0,12
2022-07-31T14:00:55,6,6,0,12
2022-07-31T14:09:54,6,6,0,12
2022-07-31T14:18:53,6,6,0,12
2022-07-31T14:27:53,6,6,0,12
2022-07-31T14:36:52,6,6,0,12
2022-07-31T14:45:50,6,6,0,12
2022-07-31T14:54:50,6,6,0,12
2022-07-31T15:04:01,6,6,0,12
2022-07-31T15:12:59,6,6,0,12
2022-07-31T15:21:58,6,6,0,12
2022-07-31T15:30:57,6,6,0,12
2022-07-31T15:39:56,6,6,0,12
2022-07-31T15:48:55,6,6,0,12
2022-07-31T15:57:54,6,6,0,12
2022-07-31T16:06:53,6,6,0,12
2022-07-31T16:15:52,6,6,0,12
2022-07-31T16:24:51,6,6,0,12
2022-07-31T16:33:50,6,6,0,12
2022-07-31T16:42:48,6,6,0,12
2022-07-31T16:51:47,6,6,0,12
2022-07-31T17:00:46,6,6,0,12
2022-07-31T17:09:45,6,6,0,12
2022-07-31T17:18:54,6,6,0,12
2022-07-31T17:27:54,6,6,0,12
2022-07-31T17:36:53,6,6,0,12
2022-07-31T17:45:54,6,6,0,12
2022-07-31T17:54:54,6,6,0,12
2022-07-31T18:03:52,6,6,0,12
2022-07-31T18:12:52,6,6,0,12
2022-07-31T18:21:51,6,6,0,12
2022-07-31T18:30:50,6,6,0,12
2022-07-31T18:39:49,6,6,0,12
2022-07-31T18:48:47,6,6,0,12
2022-07-31T18:57:47,6,6,0,12
2022-07-31T19:06:48,6,6,0,12
2022-07-31T19:15:47,6,6,0,12
2022-07-31T19:24:50,6,6,0,12
2022-07-31T19:33:49,6,6,0,12
2022-07-31T19:42:48,6,6,0,12
2022-07-31T19:51:57,6,6,0,12
2022-07-31T20:00:55,6,6,0,12
2022-07-31T20:09:57,6,6,0,12
2022-07-31T20:18:57,6,6,0,12
2022-07-31T20:27:58,6,6,0,12
2022-07-31T20:37:03,6,6,0,12
2022-07-31T20:46:06,6,6,0,12
2022-07-31T20:55:06,6,6,0,12
2022-07-31T21:04:05,6,6,0,12
2022-07-31T21:13:04,6,6,0,12
2022-07-31T21:22:03,6,6,0,12
2022-07-31T21:31:03,6,6,0,12
2022-07-31T21:40:03,6,6,0,12
2022-07-31T21:49:03,6,6,0,12
2022-07-31T21:58:03,6,6,0,12
2022-07-31T22:07:13,6,6,0,12
2022-07-31T22:16:12,6,6,0,12
2022-07-31T22:25:11,6,6,0,12
2022-07-31T22:34:11,6,6,0,12
2022-07-31T22:43:11,6,6,0,12
2022-07-31T22:52:11,6,6,0,12
2022-07-31T23:01:10,6,6,0,12
2022-07-31T23:10:11,6,6,0,12
2022-07-31T23:19:12,6,6,0,12
2022-07-31T23:28:12,6,6,0,12
2022-07-31T23:37:12,6,6,0,12
2022-07-31T23:46:12,6,6,0,12
2022-07-31T23:55:22,6,6,0,12
2022-08-01T00:04:22,6,6,0,12
2022-08-01T00:13:21,6,6,0,12
2022-08-01T00:22:22,6,6,0,12
2022-08-01T00:31:21,6,6,0,12
2022-08-01T00:40:19,6,6,0,12
2022-08-01T00:49:17,6,6,0,12
2022-08-01T00:58:15,6,6,0,12
2022-08-01T01:07:12,6,6,0,12
2022-08-01T01:16:10,6,6,0,12
2022-08-01T01:25:09,6,6,0,12
2022-08-01T01:34:08,6,6,0,12
2022-08-01T01:43:05,6,6,0,12
2022-08-01T01:52:02,6,6,0,12
2022-08-01T02:00:58,6,6,0,12
2022-08-01T02:09:54,6,6,0,12
2022-08-01T02:19:03,6,6,0,12
2022-08-01T02:28:03,6,6,0,12
2022-08-01T02:37:05,6,6,0,12
2022-08-01T02:46:07,6,6,0,12
2022-08-01T02:55:09,6,6,0,12
2022-08-01T03:04:11,6,6,0,12
2022-08-01T03:13:11,6,6,0,12
2022-08-01T03:22:11,6,6,0,12
2022-08-01T03:31:10,6,6,0,12
2022-08-01T03:40:10,6,6,0,12
2022-08-01T03:49:10,6,6,0,12
2022-08-01T04:00:01,6,6,0,12
2022-08-01T04:09:21,6,6,0,12
2022-08-01T04:30:14,6,6,0,12
2022-08-01T04:39:38,6,6,0,12
2022-08-01T04:48:41,6,6,0,12
2022-08-01T04:57:43,6,6,0,12
2022-08-01T05:06:48,6,6,0,12
2022-08-01T05:15:51,6,6,0,12
2022-08-01T05:24:53,6,6,0,12
2022-08-01T05:33:55,6,6,0,12
2022-08-01T05:42:57,6,6,0,12
2022-08-01T05:52:01,6,6,0,12
2022-08-01T06:01:04,6,6,0,12
2022-08-01T06:10:06,6,6,0,12
2022-08-01T06:19:09,6,6,0,12
2022-08-01T06:28:11,6,6,0,12
2022-08-01T06:37:12,6,6,0,12
2022-08-01T06:46:12,6,6,0,12
2022-08-01T06:55:12,6,6,0,12
2022-08-01T07:04:15,6,6,0,12
2022-08-01T07:13:14,6,6,0,12
2022-08-01T07:22:15,6,6,0,12
2022-08-01T07:31:15,6,6,0,12
2022-08-01T07:40:15,6,6,0,12
2022-08-01T07:49:15,6,6,0,12
2022-08-01T07:58:14,6,6,0,12
2022-08-01T08:07:15,6,6,0,12
2022-08-01T08:16:16,6,6,0,12
2022-08-01T08:25:17,6,6,0,12
2022-08-01T08:34:18,6,6,0,12
2022-08-01T08:43:28,6,6,0,12
2022-08-01T08:52:30,6,6,0,12
2022-08-01T09:01:34,6,6,0,12
2022-08-01T09:10:37,6,6,0,12
2022-08-01T09:19:39,6,6,0,12
2022-08-01T09:28:40,6,6,0,12
2022-08-01T09:37:42,6,6,0,12
2022-08-01T09:46:44,6,6,0,12
2022-08-01T09:55:46,6,6,0,12
2022-08-01T10:05:01,6,6,0,12
2022-08-01T10:14:03,6,6,0,12
2022-08-01T10:23:05,6,6,0,12
2022-08-01T10:32:07,6,6,0,12
2022-08-01T10:41:09,6,6,0,12
2022-08-01T10:50:23,6,6,0,12
2022-08-01T10:59:26,6,6,0,12
2022-08-01T11:08:28,6,6,0,12
2022-08-01T11:17:34,6,6,0,12
2022-08-01T11:26:46,6,6,0,12
2022-08-01T11:35:51,6,6,0,12
2022-08-01T11:44:56,6,6,0,12
2022-08-01T11:54:00,6,6,0,12
2022-08-01T12:03:04,6,6,0,12
2022-08-01T12:12:18,6,6,0,12
2022-08-01T12:21:21,6,6,0,12
2022-08-01T12:30:23,6,6,0,12
2022-08-01T12:39:25,6,6,0,12
2022-08-01T12:48:38,6,6,0,12
2022-08-01T12:57:40,6,6,0,12
2022-08-01T13:06:42,6,6,0,12
2022-08-01T13:15:44,6,6,0,12
2022-08-01T13:24:46,6,6,0,12
2022-08-01T13:33:58,6,6,0,12
2022-08-01T13:43:00,6,6,0,12
2022-08-01T13:52:02,6,6,0,12
2022-08-01T14:01:04,6,6,0,12
2022-08-01T14:10:06,6,6,0,12
2022-08-01T14:19:19,6,6,0,12
2022-08-01T14:28:21,6,6,0,12
2022-08-01T14:37:22,6,6,0,12
2022-08-01T14:46:35,6,6,0,12
2022-08-01T14:55:36,6,6,0,12
2022-08-01T15:04:38,6,6,0,12
2022-08-01T15:13:39,6,6,0,12
2022-08-01T15:22:41,6,6,0,12
2022-08-01T15:31:54,6,6,0,12
2022-08-01T15:40:56,6,6,0,12
2022-08-01T15:49:57,6,6,0,12
2022-08-01T15:59:00,6,6,0,12
2022-08-01T16:08:01,6,6,0,12
2022-08-01T16:17:12,6,6,0,12
2022-08-01T16:26:13,6,6,0,12
2022-08-01T16:35:14,6,6,0,12
2022-08-01T16:44:15,6,6,0,12
2022-08-01T16:53:15,6,6,0,12
2022-08-01T17:02:16,6,6,0,12
2022-08-01T17:11:28,6,6,0,12
2022-08-01T17:20:29,6,6,0,12
2022-08-01T17:29:29,6,6,0,12
2022-08-01T17:38:29,6,6,0,12
2022-08-01T17:47:29,6,6,0,12
2022-08-01T17:56:29,6,6,0,12
2022-08-01T18:05:29,6,6,0,12
2022-08-01T18:14:30,6,6,0,12
2022-08-01T18:23:41,6,6,0,12
2022-08-01T18:32:42,6,6,0,12
2022-08-01T18:41:42,6,6,0,12
2022-08-01T18:50:42,6,6,0,12
2022-08-01T18:59:42,6,6,0,12
2022-08-01T19:08:43,6,6,0,12
2022-08-01T19:17:43,6,6,0,12
2022-08-01T19:26:44,6,6,0,12
2022-08-01T19:35:55,6,6,0,12
2022-08-01T19:44:56,6,6,0,12
2022-08-01T19:53:56,6,6,0,12
2022-08-01T20:02:56,6,6,0,12
2022-08-01T20:11:56,6,6,0,12
2022-08-01T20:20:58,6,6,0,12
2022-08-01T20:30:09,6,6,0,12
2022-08-01T20:39:09,6,6,0,12
2022-08-01T20:48:08,6,6,0,12
2022-08-01T20:57:08,6,6,0,12
2022-08-01T21:06:08,6,6,0,12
2022-08-01T21:15:08,6,6,0,12
2022-08-01T21:24:08,6,6,0,12
2022-08-01T21:33:08,6,6,0,12
2022-08-01T21:42:19,6,6,0,12
2022-08-01T21:51:19,6,6,0,12
2022-08-01T22:00:19,6,6,0,12
2022-08-01T22:09:18,6,6,0,12
2022-08-01T22:18:18,6,6,0,12
2022-08-01T22:27:17,6,6,0,12
2022-08-01T22:36:17,6,6,0,12
2022-08-01T22:45:28,6,6,0,12
2022-08-01T22:54:28,6,6,0,12
2022-08-01T23:03:29,6,6,0,12
2022-08-01T23:12:30,6,6,0,12
2022-08-01T23:21:30,6,6,0,12
2022-08-01T23:30:30,6,6,0,12
2022-08-01T23:39:30,6,6,0,12
2022-08-01T23:48:30,7,5,0,12
2022-08-01T23:57:29,7,5,0,12
2022-08-02T00:06:30,7,5,0,12
2022-08-02T00:15:42,7,5,0,12
2022-08-02T00:24:45,7,5,0,12
2022-08-02T00:33:46,7,5,0,12
2022-08-02T00:42:47,7,5,0,12
2022-08-02T00:51:49,7,5,0,12
2022-08-02T01:00:51,7,5,0,12
2022-08-02T01:09:53,7,5,0,12
2022-08-02T01:18:54,7,5,0,12
2022-08-02T01:27:55,7,5,0,12
2022-08-02T01:36:57,7,5,0,12
2022-08-02T01:45:58,7,5,0,12
2022-08-02T01:54:59,7,5,0,12
2022-08-02T02:04:01,7,5,0,12
2022-08-02T02:13:01,7,5,0,12
2022-08-02T02:22:01,7,5,0,12
2022-08-02T02:31:00,7,5,0,12
2022-08-02T02:39:59,7,5,0,12
2022-08-02T02:48:59,7,5,0,12
2022-08-02T02:58:07,7,5,0,12
2022-08-02T03:07:06,7,5,0,12
2022-08-02T03:16:05,7,5,0,12
2022-08-02T03:25:04,7,5,0,12
2022-08-02T03:34:03,7,5,0,12
2022-08-02T03:43:03,7,5,0,12
2022-08-02T03:52:04,7,5,0,12
2022-08-02T04:03:24,7,5,0,12
2022-08-02T04:12:46,7,5,0,12
2022-08-02T04:32:58,7,5,0,12
2022-08-02T04:42:30,7,5,0,12
2022-08-02T04:51:33,7,5,0,12
2022-08-02T05:00:36,7,5,0,12
2022-08-02T05:09:41,7,5,0,12
2022-08-02T05:18:43,7,5,0,12
2022-08-02T05:27:43,7,5,0,12
2022-08-02T05:36:43,7,5,0,12
2022-08-02T05:45:44,7,5,0,12
2022-08-02T05:54:44,7,5,0,12
2022-08-02T06:03:44,7,5,0,12
2022-08-02T06:12:44,7,5,0,12
2022-08-02T06:21:45,7,5,0,12
2022-08-02T06:30:47,7,5,0,12
2022-08-02T06:39:51,7,5,0,12
2022-08-02T06:48:52,7,5,0,12
2022-08-02T06:57:54,7,5,0,12
2022-08-02T07:06:58,7,5,0,12
2022-08-02T07:16:01,7,5,0,12
2022-08-02T07:25:05,7,5,0,12
2022-08-02T07:34:07,7,5,0,12
2022-08-02T07:43:08,7,5,0,12
2022-08-02T07:52:11,7,5,0,12
2022-08-02T08:01:13,7,5,0,12
2022-08-02T08:10:16,7,5,0,12
2022-08-02T08:19:19,7,5,0,12
2022-08-02T08:28:23,7,5,0,12
2022-08-02T08:37:25,7,5,0,12
2022-08-02T08:46:26,7,5,0,12
2022-08-02T08:55:27,7,5,0,12
2022-08-02T09:04:39,7,5,0,12
2022-08-02T09:13:42,7,5,0,12
2022-08-02T09:22:43,7,5,0,12
2022-08-02T09:31:45,7,5,0,12
2022-08-02T09:40:46,7,5,0,12
2022-08-02T09:49:49,7,5,0,12
2022-08-02T09:58:50,7,5,0,12
2022-08-02T10:07:53,7,5,0,12
2022-08-02T10:16:56,7,5,0,12
2022-08-02T10:25:59,7,5,0,12
2022-08-02T10:35:14,7,5,0,12
2022-08-02T10:44:21,7,5,0,12
2022-08-02T10:53:27,7,5,0,12
2022-08-02T11:02:30,7,5,0,12
2022-08-02T11:11:32,7,5,0,12
2022-08-02T11:20:34,7,5,0,12
2022-08-02T11:29:47,7,5,0,12
2022-08-02T11:38:49,7,5,0,12
2022-08-02T11:47:51,7,5,0,12
2022-08-02T11:56:53,7,5,0,12
2022-08-02T12:05:54,7,5,0,12
2022-08-02T12:14:55,7,5,0,12
2022-08-02T12:23:57,7,5,0,12
2022-08-02T12:33:09,7,5,0,12
2022-08-02T12:42:09,7,5,0,12
2022-08-02T12:51:11,7,5,0,12
2022-08-02T13:00:13,7,5,0,12
2022-08-02T13:09:23,7,5,0,12
2022-08-02T13:18:25,7,5,0,12
2022-08-02T13:27:26,7,5,0,12
2022-08-02T13:36:28,7,5,0,12
2022-08-02T13:45:30,7,5,0,12
2022-08-02T13:54:32,7,5,0,12
2022-08-02T14:03:46,7,5,0,12
2022-08-02T14:12:48,7,5,0,12
2022-08-02T14:21:51,7,5,0,12
2022-08-02T14:30:53,7,5,0,12
2022-08-02T14:39:55,7,5,0,12
2022-08-02T14:48:57,7,5,0,12
2022-08-02T14:57:59,7,5,0,12
2022-08-02T15:07:12,7,5,0,12
2022-08-02T15:16:14,7,5,0,12
2022-08-02T15:25:16,7,5,0,12
2022-08-02T15:34:18,7,5,0,12
2022-08-02T15:43:20,7,5,0,12
2022-08-02T15:52:22,7,5,0,12
2022-08-02T16:01:23,7,5,0,12
2022-08-02T16:10:26,7,5,0,12
2022-08-02T16:19:41,7,5,0,12
2022-08-02T16:28:47,7,5,0,12
2022-08-02T16:37:49,7,5,0,12
2022-08-02T16:46:51,7,5,0,12
2022-08-02T16:55:53,7,5,0,12
2022-08-02T17:04:54,7,5,0,12
2022-08-02T17:13:55,7,5,0,12
2022-08-02T17:22:55,7,5,0,12
2022-08-02T17:31:56,7,5,0,12
2022-08-02T17:40:55,7,5,0,12
2022-08-02T17:49:56,7,5,0,12
2022-08-02T17:59:07,7,5,0,12
2022-08-02T18:08:07,7,5,0,12
2022-08-02T18:17:08,7,5,0,12
2022-08-02T18:26:08,7,5,0,12
2022-08-02T18:35:09,7,5,0,12
2022-08-02T18:44:11,7,5,0,12
2022-08-02T18:53:11,7,5,0,12
2022-08-02T19:02:23,7,5,0,12
2022-08-02T19:11:24,7,5,0,12
2022-08-02T19:20:24,7,5,0,12
2022-08-02T19:29:25,7,5,0,12
2022-08-02T19:38:25,7,5,0,12
2022-08-02T19:47:25,7,5,0,12
2022-08-02T19:56:25,7,5,0,12
2022-08-02T20:05:25,7,5,0,12
2022-08-02T20:14:36,7,5,0,12
2022-08-02T20:23:36,7,5,0,12
2022-08-02T20:32:36,7,5,0,12
2022-08-02T20:41:36,7,5,0,12
2022-08-02T20:50:36,7,5,0,12
2022-08-02T20:59:36,7,5,0,12
2022-08-02T21:08:36,7,5,0,12
2022-08-02T21:17:36,7,5,0,12
2022-08-02T21:26:47,7,5,0,12
2022-08-02T21:35:47,7,5,0,12
2022-08-02T21:44:47,7,5,0,12
2022-08-02T21:53:47,7,5,0,12
2022-08-02T22:02:47,7,5,0,12
2022-08-02T22:11:46,7,5,0,12
2022-08-02T22:20:46,7,5,0,12
2022-08-02T22:29:57,7,5,0,12
2022-08-02T22:38:56,7,5,0,12
2022-08-02T22:47:56,7,5,0,12
2022-08-02T22:56:56,7,5,0,12
2022-08-02T23:05:58,7,5,0,12
2022-08-02T23:14:59,7,5,0,12
2022-08-02T23:23:59,7,5,0,12
2022-08-02T23:33:10,7,5,0,12
2022-08-02T23:42:10,7,5,0,12
2022-08-02T23:51:10,7,5,0,12
2022-08-03T00:00:09,7,5,0,12
2022-08-03T00:09:24,7,5,0,12
2022-08-03T00:18:26,7,5,0,12
2022-08-03T00:27:28,7,5,0,12
2022-08-03T00:36:29,7,5,0,12
2022-08-03T00:45:42,7,5,0,12
2022-08-03T00:54:43,7,5,0,12
2022-08-03T01:03:46,7,5,0,12
2022-08-03T01:12:49,7,5,0,12
2022-08-03T01:21:51,7,5,0,12
2022-08-03T01:30:52,7,5,0,12
2022-08-03T01:40:04,7,5,0,12
2022-08-03T01:49:05,7,5,0,12
2022-08-03T01:58:09,7,5,0,12
2022-08-03T02:07:11,7,5,0,12
2022-08-03T02:16:12,7,5,0,12
2022-08-03T02:25:12,7,5,0,12
2022-08-03T02:34:13,7,5,0,12
2022-08-03T02:43:15,7,5,0,12
2022-08-03T02:52:18,7,5,0,12
2022-08-03T03:01:19,7,5,0,12
2022-08-03T03:10:19,7,5,0,12
2022-08-03T03:19:20,7,5,0,12
2022-08-03T03:28:19,7,5,0,12
2022-08-03T03:37:19,7,5,0,12
2022-08-03T03:46:20,7,5,0,12
2022-08-03T03:57:37,7,5,0,12
2022-08-03T04:07:00,7,5,0,12
2022-08-03T04:19:54,7,5,0,12
2022-08-03T04:29:23,7,5,0,12
2022-08-03T04:38:26,7,5,0,12
2022-08-03T04:47:27,7,5,0,12
2022-08-03T04:56:29,7,5,0,12
2022-08-03T05:05:31,7,5,0,12
2022-08-03T05:14:35,7,5,0,12
2022-08-03T05:23:38,7,5,0,12
2022-08-03T05:32:43,7,5,0,12
2022-08-03T05:41:46,7,5,0,12
2022-08-03T05:50:48,7,5,0,12
2022-08-03T05:59:50,7,5,0,12
2022-08-03T06:08:52,7,5,0,12
2022-08-03T06:17:54,7,5,0,12
2022-08-03T06:26:56,7,5,0,12
2022-08-03T06:35:58,7,5,0,12
2022-08-03T06:44:58,7,5,0,12
2022-08-03T06:53:58,7,5,0,12
2022-08-03T07:02:58,7,5,0,12
2022-08-03T07:11:59,7,5,0,12
2022-08-03T07:21:00,7,5,0,12
2022-08-03T07:30:00,7,5,0,12
2022-08-03T07:39:25,7,5,0,12
2022-08-03T07:48:26,7,5,0,12
2022-08-03T07:57:26,7,5,0,12
2022-08-03T08:06:27,7,5,0,12
2022-08-03T08:15:27,7,5,0,12
2022-08-03T08:24:28,7,5,0,12
2022-08-03T08:33:29,7,5,0,12
2022-08-03T08:42:30,7,5,0,12
2022-08-03T08:51:30,7,5,0,12
2022-08-03T09:00:31,7,5,0,12
2022-08-03T09:09:32,7,5,0,12
2022-08-03T09:18:33,7,5,0,12
2022-08-03T09:27:36,7,5,0,12
2022-08-03T09:36:48,7,5,0,12
2022-08-03T09:45:49,7,5,0,12
2022-08-03T09:54:50,7,5,0,12
2022-08-03T10:03:52,7,5,0,12
2022-08-03T10:12:54,7,5,0,12
2022-08-03T10:21:56,7,5,0,12
2022-08-03T10:30:58,7,5,0,12
2022-08-03T10:39:59,7,5,0,12
2022-08-03T10:49:14,7,5,0,12
2022-08-03T10:58:16,7,5,0,12
2022-08-03T11:07:19,7,5,0,12
2022-08-03T11:16:21,7,5,0,12
2022-08-03T11:25:22,7,5,0,12
2022-08-03T11:34:24,7,5,0,12
2022-08-03T11:43:25,7,5,0,12
2022-08-03T11:52:37,7,5,0,12
2022-08-03T12:01:38,7,5,0,12
2022-08-03T12:10:39,7,5,0,12
2022-08-03T12:19:39,7,5,0,12
2022-08-03T12:28:40,7,5,0,12
2022-08-03T12:37:41,7,5,0,12
2022-08-03T12:46:51,7,5,0,12
2022-08-03T12:55:52,7,5,0,12
2022-08-03T13:04:53,7,5,0,12
2022-08-03T13:13:53,7,5,0,12
2022-08-03T13:22:54,7,5,0,12
2022-08-03T13:31:56,7,5,0,12
2022-08-03T13:40:57,7,5,0,12
2022-08-03T13:50:24,7,5,0,12
2022-08-03T13:59:25,7,5,0,12
2022-08-03T14:08:26,7,5,0,12
2022-08-03T14:17:28,7,5,0,12
2022-08-03T14:26:31,7,5,0,12
2022-08-03T14:35:32,7,5,0,12
2022-08-03T14:44:36,7,5,0,12
2022-08-03T14:53:49,7,5,0,12
2022-08-03T15:02:50,7,5,0,12
2022-08-03T15:11:52,7,5,0,12
2022-08-03T15:20:53,7,5,0,12
2022-08-03T15:29:55,7,5,0,12
2022-08-03T15:39:06,7,5,0,12
2022-08-03T15:48:08,7,5,0,12
2022-08-03T15:57:09,7,5,0,12
2022-08-03T16:06:11,7,5,0,12
2022-08-03T16:15:12,7,5,0,12
2022-08-03T16:24:13,7,5,0,12
2022-08-03T16:33:14,7,5,0,12
2022-08-03T16:42:15,7,5,0,12
2022-08-03T16:51:16,7,5,0,12
2022-08-03T17:00:36,7,5,0,12
2022-08-03T17:09:38,7,5,0,12
2022-08-03T17:18:39,7,5,0,12
2022-08-03T17:27:40,7,5,0,12
2022-08-03T17:36:40,7,5,0,12
2022-08-03T17:45:42,7,5,0,12
2022-08-03T17:54:42,7,5,0,12
2022-08-03T18:03:44,7,5,0,12
2022-08-03T18:12:45,7,5,0,12
2022-08-03T18:21:45,7,5,0,12
2022-08-03T18:30:46,7,5,0,12
2022-08-03T18:39:57,7,5,0,12
2022-08-03T18:48:58,7,5,0,12
2022-08-03T18:57:58,7,5,0,12
2022-08-03T19:06:59,7,5,0,12
2022-08-03T19:15:59,7,5,0,12
2022-08-03T19:24:59,7,5,0,12
2022-08-03T19:34:28,7,5,0,12
2022-08-03T19:43:28,7,5,0,12
2022-08-03T19:52:28,7,5,0,12
2022-08-03T20:01:28,7,5,0,12
2022-08-03T20:10:28,7,5,0,12
2022-08-03T20:19:28,7,5,0,12
2022-08-03T20:28:28,7,5,0,12
2022-08-03T20:37:29,7,5,0,12
2022-08-03T20:46:29,7,5,0,12
2022-08-03T20:55:29,7,5,0,12
2022-08-03T21:04:30,7,5,0,12
2022-08-03T21:13:42,7,5,0,12
2022-08-03T21:22:42,7,5,0,12
2022-08-03T21:31:41,7,5,0,12
2022-08-03T21:40:41,7,5,0,12
2022-08-03T21:49:41,7,5,0,12
2022-08-03T21:58:41,7,5,0,12
2022-08-03T22:07:43,7,5,0,12
2022-08-03T22:16:44,7,5,0,12
2022-08-03T22:25:44,7,5,0,12
2022-08-03T22:34:44,7,5,0,12
2022-08-03T22:43:44,7,5,0,12
2022-08-03T22:52:54,7,5,0,12
2022-08-03T23:01:54,7,5,0,12
2022-08-03T23:10:55,7,5,0,12
2022-08-03T23:19:56,7,5,0,12
2022-08-03T23:28:56,7,5,0,12
2022-08-03T23:37:57,7,5,0,12
2022-08-03T23:46:56,7,5,0,12
2022-08-03T23:55:56,7,5,0,12
2022-08-04T00:04:58,7,5,0,12
2022-08-04T00:14:01,7,5,0,12
2022-08-04T00:23:04,7,5,0,12
2022-08-04T00:32:05,7,5,0,12
2022-08-04T00:41:27,7,5,0,12
2022-08-04T00:50:30,7,5,0,12
2022-08-04T00:59:32,7,5,0,12
2022-08-04T01:08:35,7,5,0,12
2022-08-04T01:17:37,7,5,0,12
2022-08-04T01:26:39,7,5,0,12
2022-08-04T01:35:41,7,5,0,12
2022-08-04T01:44:42,7,5,0,12
2022-08-04T01:53:45,7,5,0,12
2022-08-04T02:02:48,7,5,0,12
2022-08-04T02:11:49,7,5,0,12
2022-08-04T02:20:48,7,5,0,12
2022-08-04T02:29:48,7,5,0,12
2022-08-04T02:38:47,7,5,0,12
2022-08-04T02:47:47,7,5,0,12
2022-08-04T02:56:47,7,5,0,12
2022-08-04T03:05:46,7,5,0,12
2022-08-04T03:14:46,7,5,0,12
2022-08-04T03:23:45,7,5,0,12
2022-08-04T03:32:44,7,5,0,12
2022-08-04T03:41:45,7,5,0,12
2022-08-04T03:50:46,7,5,0,12
2022-08-04T03:59:47,7,5,0,12
2022-08-04T04:21:23,7,5,0,12
2022-08-04T04:30:48,7,5,0,12
2022-08-04T04:39:51,7,5,0,12
2022-08-04T04:48:54,7,5,0,12
2022-08-04T04:57:55,7,5,0,12
2022-08-04T05:06:56,7,5,0,12
2022-08-04T05:15:57,7,5,0,12
2022-08-04T05:24:58,7,5,0,12
2022-08-04T05:34:09,7,5,0,12
2022-08-04T05:43:11,7,5,0,12
2022-08-04T05:52:13,7,5,0,12
2022-08-04T06:01:16,7,5,0,12
2022-08-04T06:10:19,7,5,0,12
2022-08-04T06:19:21,7,5,0,12
2022-08-04T06:28:23,7,5,0,12
2022-08-04T06:37:25,7,5,0,12
2022-08-04T06:46:27,7,5,0,12
2022-08-04T06:55:29,7,5,0,12
2022-08-04T07:04:34,7,5,0,12
2022-08-04T07:13:36,7,5,0,12
2022-08-04T07:22:38,7,5,0,12
2022-08-04T07:31:40,7,5,0,12
2022-08-04T07:40:42,7,5,0,12
2022-08-04T07:49:43,7,5,0,12
2022-08-04T07:58:45,7,5,0,12
2022-08-04T08:07:48,7,5,0,12
2022-08-04T08:16:50,7,5,0,12
2022-08-04T08:25:52,7,5,0,12
2022-08-04T08:34:55,7,5,0,12
2022-08-04T08:43:57,7,5,0,12
2022-08-04T08:53:00,7,5,0,12
2022-08-04T09:02:04,7,5,0,12
2022-08-04T09:11:33,7,5,0,12
2022-08-04T09:20:35,7,5,0,12
2022-08-04T09:29:37,7,5,0,12
2022-08-04T09:38:38,7,5,0,12
2022-08-04T09:47:39,7,5,0,12
2022-08-04T09:56:40,7,5,0,12
2022-08-04T10:05:42,7,5,0,12
2022-08-04T10:14:43,7,5,0,12
2022-08-04T10:23:44,7,5,0,12
2022-08-04T10:32:46,7,5,0,12
2022-08-04T10:41:47,7,5,0,12
2022-08-04T10:50:52,7,5,0,12
2022-08-04T11:00:08,7,5,0,12
2022-08-04T11:09:10,7,5,0,12
2022-08-04T11:18:11,7,5,0,12
2022-08-04T11:27:13,7,5,0,12
2022-08-04T11:36:14,7,5,0,12
2022-08-04T11:45:16,7,5,0,12
2022-08-04T11:54:17,7,5,0,12
2022-08-04T12:03:18,7,5,0,12
2022-08-04T12:12:20,7,5,0,12
2022-08-04T12:21:22,7,5,0,12
2022-08-04T12:30:35,7,5,0,12
2022-08-04T12:39:36,7,5,0,12
2022-08-04T12:48:38,7,5,0,12
2022-08-04T12:57:39,7,5,0,12
2022-08-04T13:06:41,7,5,0,12
2022-08-04T13:15:42,7,5,0,12
2022-08-04T13:24:43,7,5,0,12
2022-08-04T13:33:45,7,5,0,12
2022-08-04T13:42:46,7,5,0,12
2022-08-04T13:51:47,7,5,0,12
2022-08-04T14:00:59,7,5,0,12
2022-08-04T14:10:01,7,5,0,12
2022-08-04T14:19:03,7,5,0,12
2022-08-04T14:28:06,7,5,0,12
2022-08-04T14:37:10,7,5,0,12
2022-08-04T14:46:12,7,5,0,12
2022-08-04T14:55:14,7,5,0,12
2022-08-04T15:04:15,7,5,0,12
2022-08-04T15:13:16,7,5,0,12
2022-08-04T15:22:17,7,5,0,12
2022-08-04T15:31:18,7,5,0,12
2022-08-04T15:40:30,7,5,0,12
2022-08-04T15:49:32,7,5,0,12
2022-08-04T15:58:33,7,5,0,12
2022-08-04T16:07:35,7,5,0,12
2022-08-04T16:16:37,7,5,0,12
2022-08-04T16:25:38,7,5,0,12
2022-08-04T16:34:41,7,5,0,12
2022-08-04T16:43:42,7,5,0,12
2022-08-04T16:52:42,7,5,0,12
2022-08-04T17:02:13,7,5,0,12
2022-08-04T17:11:14,7,5,0,12
2022-08-04T17:20:15,7,5,0,12
2022-08-04T17:29:15,7,5,0,12
2022-08-04T17:38:18,7,5,0,12
2022-08-04T17:47:19,7,5,0,12
2022-08-04T17:56:19,7,5,0,12
2022-08-04T18:05:19,7,5,0,12
2022-08-04T18:14:20,7,5,0,12
2022-08-04T18:23:20,7,5,0,12
2022-08-04T18:32:21,7,5,0,12
2022-08-04T18:41:31,7,5,0,12
2022-08-04T18:50:30,7,5,0,12
2022-08-04T18:59:30,7,5,0,12
2022-08-04T19:08:30,7,5,0,12
2022-08-04T19:17:30,7,5,0,12
2022-08-04T19:26:31,7,5,0,12
2022-08-04T19:35:31,7,5,0,12
2022-08-04T19:44:31,7,5,0,12
2022-08-04T19:53:31,7,5,0,12
2022-08-04T20:02:31,7,5,0,12
2022-08-04T20:11:31,7,5,0,12
2022-08-04T20:20:37,7,5,0,12
2022-08-04T20:30:01,7,5,0,12
2022-08-04T20:39:15,7,5,0,12
2022-08-04T20:48:28,7,5,0,12
2022-08-04T20:57:39,7,5,0,12
2022-08-04T21:06:52,7,5,0,12
2022-08-04T21:16:09,7,5,0,12
2022-08-04T21:25:29,7,5,0,12
2022-08-04T21:35:22,7,5,0,12
2022-08-04T21:44:40,7,5,0,12
2022-08-04T21:53:53,7,5,0,12
2022-08-04T22:03:04,7,5,0,12
2022-08-04T22:12:14,7,5,0,12
2022-08-04T22:21:25,7,5,0,12
2022-08-04T22:30:35,7,5,0,12
2022-08-04T22:39:44,7,5,0,12
2022-08-04T22:48:49,7,5,0,12
2022-08-04T22:57:53,7,5,0,12
2022-08-04T23:06:56,7,5,0,12
2022-08-04T23:15:57,7,5,0,12
2022-08-04T23:24:57,7,5,0,12
2022-08-04T23:33:58,7,5,0,12
2022-08-04T23:42:57,7,5,0,12
2022-08-04T23:51:57,7,5,0,12
2022-08-05T00:01:09,7,5,0,12
2022-08-05T00:10:11,7,5,0,12
2022-08-05T00:19:14,7,5,0,12
2022-08-05T00:28:15,7,5,0,12
2022-08-05T00:37:18,7,5,0,12
2022-08-05T00:46:20,7,5,0,12
2022-08-05T00:55:25,7,5,0,12
2022-08-05T01:04:27,7,5,0,12
2022-08-05T01:13:29,7,5,0,12
2022-08-05T01:22:32,7,5,0,12
2022-08-05T01:31:34,7,5,0,12
2022-08-05T01:40:35,7,5,0,12
2022-08-05T01:49:37,7,5,0,12
2022-08-05T01:58:39,7,5,0,12
2022-08-05T02:07:42,7,5,0,12
2022-08-05T02:16:45,7,5,0,12
2022-08-05T02:25:48,7,5,0,12
2022-08-05T02:35:03,7,5,0,12
2022-08-05T02:44:05,7,5,0,12
2022-08-05T02:53:06,7,5,0,12
2022-08-05T03:02:07,7,5,0,12
2022-08-05T03:11:08,7,5,0,12
2022-08-05T03:20:07,7,5,0,12
2022-08-05T03:29:07,7,5,0,12
2022-08-05T03:38:08,7,5,0,12
2022-08-05T03:47:10,7,5,0,12
2022-08-05T03:58:34,7,5,0,12
2022-08-05T04:18:24,7,5,0,12
2022-08-05T04:27:52,7,5,0,12
2022-08-05T04:36:57,7,5,0,12
2022-08-05T04:46:01,7,5,0,12
2022-08-05T04:55:04,7,5,0,12
2022-08-05T05:04:08,7,5,0,12
2022-08-05T05:13:11,7,5,0,12
2022-08-05T05:22:14,7,5,0,12
2022-08-05T05:31:15,7,5,0,12
2022-08-05T05:40:17,7,5,0,12
2022-08-05T05:49:19,7,5,0,12
2022-08-05T05:58:21,7,5,0,12
2022-08-05T06:07:24,7,5,0,12
2022-08-05T06:16:24,7,5,0,12
2022-08-05T06:25:25,7,5,0,12
2022-08-05T06:34:26,7,5,0,12
2022-08-05T06:43:26,7,5,0,12
2022-08-05T06:52:26,7,5,0,12
2022-08-05T07:01:26,7,5,0,12
2022-08-05T07:10:26,7,5,0,12
2022-08-05T07:19:26,7,5,0,12
2022-08-05T07:28:27,7,5,0,12
2022-08-05T07:37:28,7,5,0,12
2022-08-05T07:46:29,7,5,0,12
2022-08-05T07:55:30,7,5,0,12
2022-08-05T08:04:30,7,5,0,12
2022-08-05T08:13:31,7,5,0,12
2022-08-05T08:22:32,7,5,0,12
2022-08-05T08:31:33,7,5,0,12
2022-08-05T08:40:33,7,5,0,12
2022-08-05T08:49:34,7,5,0,12
2022-08-05T08:58:35,7,5,0,12
2022-08-05T09:07:35,7,5,0,12
2022-08-05T09:16:39,7,5,0,12
2022-08-05T09:25:40,7,5,0,12
2022-08-05T09:34:41,7,5,0,12
2022-08-05T09:43:42,7,5,0,12
2022-08-05T09:52:43,7,5,0,12
2022-08-05T10:01:44,7,5,0,12
2022-08-05T10:10:45,7,5,0,12
2022-08-05T10:19:46,7,5,0,12
2022-08-05T10:28:48,7,5,0,12
2022-08-05T10:38:01,7,5,0,12
2022-08-05T10:47:02,7,5,0,12
2022-08-05T10:56:03,7,5,0,12
2022-08-05T11:05:05,7,5,0,12
2022-08-05T11:14:06,7,5,0,12
2022-08-05T11:23:09,7,5,0,12
2022-08-05T11:32:11,7,5,0,12
2022-08-05T11:41:12,7,5,0,12
2022-08-05T11:50:13,7,5,0,12
2022-08-05T11:59:13,7,5,0,12
2022-08-05T12:08:14,7,5,0,12
2022-08-05T12:17:14,7,5,0,12
2022-08-05T12:26:14,7,5,0,12
2022-08-05T12:35:15,7,5,0,12
2022-08-05T12:44:30,7,5,0,12
2022-08-05T12:53:31,7,5,0,12
2022-08-05T13:02:32,7,5,0,12
2022-08-05T13:11:33,7,5,0,12
2022-08-05T13:20:34,7,5,0,12
2022-08-05T13:29:35,7,5,0,12
2022-08-05T15:04:43,7,5,0,12
2022-08-05T15:13:54,7,5,0,12
2022-08-05T15:22:55,7,5,0,12
2022-08-05T15:31:56,7,5,0,12
2022-08-05T15:40:58,7,5,0,12
2022-08-05T15:49:59,7,5,0,12
2022-08-05T15:59:00,7,5,0,12
2022-08-05T16:08:01,7,5,0,12
2022-08-05T16:17:01,7,5,0,12
2022-08-05T16:26:03,7,5,0,12
2022-08-05T16:35:03,7,5,0,12
2022-08-05T16:44:03,7,5,0,12
2022-08-05T16:53:03,7,5,0,12
2022-08-05T17:02:03,7,5,0,12
2022-08-05T17:11:16,7,5,0,12
2022-08-05T17:20:17,7,5,0,12
2022-08-05T17:29:17,7,5,0,12
2022-08-05T17:38:16,7,5,0,12
2022-08-05T17:47:16,7,5,0,12
2022-08-05T17:56:16,7,5,0,12
2022-08-05T18:05:16,7,5,0,12
2022-08-05T18:14:16,7,5,0,12
2022-08-05T18:23:16,7,5,0,12
2022-08-05T18:32:16,7,5,0,12
2022-08-05T18:41:18,7,5,0,12
2022-08-05T18:50:18,7,5,0,12
2022-08-05T18:59:18,7,5,0,12
2022-08-05T19:08:18,7,5,0,12
2022-08-05T19:17:18,7,5,0,12
2022-08-05T19:26:18,7,5,0,12
2022-08-05T19:35:18,7,5,0,12
2022-08-05T19:44:17,7,5,0,12
2022-08-05T19:53:17,7,5,0,12
2022-08-05T20:02:28,7,5,0,12
2022-08-05T20:11:28,7,5,0,12
2022-08-05T20:20:28,7,5,0,12
2022-08-05T20:29:27,7,5,0,12
2022-08-05T20:38:27,7,5,0,12
2022-08-05T20:47:27,7,5,0,12
2022-08-05T20:56:26,7,5,0,12
2022-08-05T21:05:26,7,5,0,12
2022-08-05T21:14:25,7,5,0,12
2022-08-05T21:23:25,7,5,0,12
2022-08-05T21:32:25,7,5,0,12
2022-08-05T21:41:25,7,5,0,12
2022-08-05T21:50:24,7,5,0,12
2022-08-05T21:59:24,7,5,0,12
2022-08-05T22:08:24,7,5,0,12
2022-08-05T22:17:23,7,5,0,12
2022-08-05T22:26:22,7,5,0,12
2022-08-05T22:35:33,7,5,0,12
2022-08-05T22:44:32,7,5,0,12
2022-08-05T22:53:32,7,5,0,12
2022-08-05T23:02:32,7,5,0,12
2022-08-05T23:11:33,7,5,0,12
2022-08-05T23:20:33,7,5,0,12
2022-08-05T23:29:34,7,5,0,12
2022-08-05T23:38:34,7,5,0,12
2022-08-05T23:47:34,7,5,0,12
2022-08-05T23:56:34,7,5,0,12
2022-08-06T00:05:36,7,5,0,12
2022-08-06T00:14:40,7,5,0,12
2022-08-06T00:23:44,7,5,0,12
2022-08-06T00:32:45,7,5,0,12
2022-08-06T00:41:47,7,5,0,12
2022-08-06T00:50:59,7,5,0,12
2022-08-06T01:00:01,7,5,0,12
2022-08-06T01:09:05,7,5,0,12
2022-08-06T01:18:08,7,5,0,12
2022-08-06T01:27:10,7,5,0,12
2022-08-06T01:36:12,7,5,0,12
2022-08-06T01:45:12,7,5,0,12
2022-08-06T01:54:14,7,5,0,12
2022-08-06T02:03:15,7,5,0,12
2022-08-06T02:12:15,7,5,0,12
2022-08-06T02:21:15,7,5,0,12
2022-08-06T02:30:15,7,5,0,12
2022-08-06T02:39:14,7,5,0,12
2022-08-06T02:48:13,7,5,0,12
2022-08-06T02:57:13,7,5,0,12
2022-08-06T03:06:12,7,5,0,12
2022-08-06T03:15:11,7,5,0,12
2022-08-06T03:24:10,7,5,0,12
2022-08-06T03:33:09,7,5,0,12
2022-08-06T03:42:10,7,5,0,12
2022-08-06T03:51:10,7,5,0,12
2022-08-06T04:00:12,7,5,0,12
2022-08-06T04:09:13,7,5,0,12
2022-08-06T04:27:08,7,5,0,12
2022-08-06T04:36:28,7,5,0,12
2022-08-06T04:45:31,7,5,0,12
2022-08-06T04:54:33,7,5,0,12
2022-08-06T05:03:36,7,5,0,12
2022-08-06T05:12:44,7,5,0,12
2022-08-06T05:21:47,7,5,0,12
2022-08-06T05:30:50,7,5,0,12
2022-08-06T05:39:53,7,5,0,12
2022-08-06T05:48:55,7,5,0,12
2022-08-06T05:57:56,7,5,0,12
2022-08-06T06:06:58,7,5,0,12
2022-08-06T06:16:00,7,5,0,12
2022-08-06T06:25:02,7,5,0,12
2022-08-06T06:34:04,7,5,0,12
2022-08-06T06:43:06,7,5,0,12
2022-08-06T06:52:07,7,5,0,12
2022-08-06T07:01:09,7,5,0,12
2022-08-06T07:10:12,7,5,0,12
2022-08-06T07:19:14,7,5,0,12
2022-08-06T07:28:17,7,5,0,12
2022-08-06T07:37:18,7,5,0,12
2022-08-06T07:46:20,7,5,0,12
2022-08-06T07:55:22,7,5,0,12
2022-08-06T08:04:24,7,5,0,12
2022-08-06T08:13:26,7,5,0,12
2022-08-06T08:22:27,7,5,0,12
2022-08-06T08:31:29,7,5,0,12
2022-08-06T08:40:30,7,5,0,12
2022-08-06T08:49:32,7,5,0,12
2022-08-06T08:58:34,7,5,0,12
2022-08-06T09:07:36,7,5,0,12
2022-08-06T09:16:41,7,5,0,12
2022-08-06T09:25:41,7,5,0,12
2022-08-06T09:34:42,7,5,0,12
2022-08-06T09:43:43,7,5,0,12
2022-08-06T09:52:44,7,5,0,12
2022-08-06T10:01:44,7,5,0,12
2022-08-06T10:10:45,7,5,0,12
2022-08-06T10:20:02,7,5,0,12
2022-08-06T10:29:04,7,5,0,12
2022-08-06T10:38:06,7,5,0,12
2022-08-06T10:47:06,7,5,0,12
2022-08-06T10:56:05,7,5,0,12
2022-08-06T11:05:05,7,5,0,12
2022-08-06T11:14:05,7,5,0,12
2022-08-06T11:23:05,7,5,0,12
2022-08-06T11:32:04,7,5,0,12
2022-08-06T11:41:03,7,5,0,12
2022-08-06T11:50:02,7,5,0,12
2022-08-06T11:59:01,7,5,0,12
2022-08-06T12:08:01,7,5,0,12
2022-08-06T12:17:00,7,5,0,12
2022-08-06T12:26:00,7,5,0,12
2022-08-06T12:35:00,7,5,0,12
2022-08-06T12:44:00,7,5,0,12
2022-08-06T12:53:09,7,5,0,12
2022-08-06T13:02:09,7,5,0,12
2022-08-06T13:11:08,7,5,0,12
2022-08-06T13:20:07,7,5,0,12
2022-08-06T13:29:07,7,5,0,12
2022-08-06T13:38:07,7,5,0,12
2022-08-06T13:47:06,7,5,0,12
2022-08-06T13:56:06,7,5,0,12
2022-08-06T14:05:06,7,5,0,12
2022-08-06T14:14:06,7,5,0,12
2022-08-06T14:23:07,7,5,0,12
2022-08-06T14:32:06,7,5,0,12
2022-08-06T14:41:06,7,5,0,12
2022-08-06T14:50:05,7,5,0,12
2022-08-06T14:59:05,7,5,0,12
2022-08-06T15:08:04,7,5,0,12
2022-08-06T15:17:04,7,5,0,12
2022-08-06T15:26:03,7,5,0,12
2022-08-06T15:35:03,7,5,0,12
2022-08-06T15:44:03,7,5,0,12
2022-08-06T15:53:03,7,5,0,12
2022-08-06T16:02:02,7,5,0,12
2022-08-06T16:11:02,7,5,0,12
2022-08-06T16:20:01,7,5,0,12
2022-08-06T16:29:01,7,5,0,12
2022-08-06T16:38:11,7,5,0,12
2022-08-06T16:47:10,7,5,0,12
2022-08-06T16:56:10,7,5,0,12
2022-08-06T17:05:09,7,5,0,12
2022-08-06T17:14:09,7,5,0,12
2022-08-06T17:23:08,7,5,0,12
2022-08-06T17:32:07,7,5,0,12
2022-08-06T17:41:06,7,5,0,12
2022-08-06T17:50:05,7,5,0,12
2022-08-06T17:59:05,7,5,0,12
2022-08-06T18:08:04,7,5,0,12
2022-08-06T18:17:04,7,5,0,12
2022-08-06T18:26:04,7,5,0,12
2022-08-06T18:35:03,7,5,0,12
2022-08-06T18:44:02,7,5,0,12
2022-08-06T18:53:02,7,5,0,12
2022-08-06T19:02:10,7,5,0,12
2022-08-06T19:11:10,7,5,0,12
2022-08-06T19:20:09,7,5,0,12
2022-08-06T19:29:08,7,5,0,12
2022-08-06T19:38:07,7,5,0,12
2022-08-06T19:47:06,7,5,0,12
2022-08-06T19:56:05,7,5,0,12
2022-08-06T20:05:04,7,5,0,12
2022-08-06T20:14:04,7,5,0,12
2022-08-06T20:23:03,7,5,0,12
2022-08-06T20:32:02,7,5,0,12
2022-08-06T20:41:02,7,5,0,12
2022-08-06T20:50:01,7,5,0,12
2022-08-06T20:59:00,7,5,0,12
2022-08-06T21:07:59,7,5,0,12
2022-08-06T21:16:59,7,5,0,12
2022-08-06T21:25:58,7,5,0,12
2022-08-06T21:34:58,7,5,0,12
2022-08-06T21:43:57,7,5,0,12
2022-08-06T21:53:05,7,5,0,12
2022-08-06T22:02:06,7,5,0,12
2022-08-06T22:11:06,7,5,0,12
2022-08-06T22:20:05,7,5,0,12
2022-08-06T22:29:05,7,5,0,12
2022-08-06T22:38:04,7,5,0,12
2022-08-06T22:47:04,7,5,0,12
2022-08-06T22:56:03,7,5,0,12
2022-08-06T23:05:03,7,5,0,12
2022-08-06T23:14:03,7,5,0,12
2022-08-06T23:23:02,7,5,0,12
2022-08-06T23:32:01,7,5,0,12
2022-08-06T23:41:01,7,5,0,12
2022-08-06T23:50:00,7,5,0,12
2022-08-06T23:59:01,7,5,0,12
2022-08-07T00:08:11,7,5,0,12
2022-08-07T00:17:13,7,5,0,12
2022-08-07T00:26:13,7,5,0,12
2022-08-07T00:35:14,7,5,0,12
2022-08-07T00:44:14,7,5,0,12
2022-08-07T00:53:13,7,5,0,12
2022-08-07T01:02:15,7,5,0,12
2022-08-07T01:11:18,7,5,0,12
2022-08-07T01:20:20,7,5,0,12
2022-08-07T01:29:23,7,5,0,12
2022-08-07T01:38:26,7,5,0,12
2022-08-07T01:47:27,7,5,0,12
2022-08-07T01:56:30,7,5,0,12
2022-08-07T02:05:42,7,5,0,12
2022-08-07T02:14:44,7,5,0,12
2022-08-07T02:23:45,7,5,0,12
2022-08-07T02:32:51,7,5,0,12
2022-08-07T02:41:52,7,5,0,12
2022-08-07T02:50:52,7,5,0,12
2022-08-07T02:59:52,7,5,0,12
2022-08-07T03:08:53,7,5,0,12
2022-08-07T03:17:53,7,5,0,12
2022-08-07T03:26:53,7,5,0,12
2022-08-07T03:35:52,7,5,0,12
2022-08-07T03:44:54,7,5,0,12
2022-08-07T03:53:56,7,5,0,12
2022-08-07T04:02:57,7,5,0,12
2022-08-07T04:25:46,7,5,0,12
2022-08-07T04:35:15,7,5,0,12
2022-08-07T04:44:17,7,5,0,12
2022-08-07T04:53:20,7,5,0,12
2022-08-07T05:02:22,7,5,0,12
2022-08-07T05:11:25,7,5,0,12
2022-08-07T05:20:27,7,5,0,12
2022-08-07T05:29:29,7,5,0,12
2022-08-07T05:38:31,7,5,0,12
2022-08-07T05:47:31,7,5,0,12
2022-08-07T05:56:31,7,5,0,12
2022-08-07T06:05:31,7,5,0,12
2022-08-07T06:14:32,7,5,0,12
2022-08-07T06:23:33,7,5,0,12
2022-08-07T06:32:34,7,5,0,12
2022-08-07T06:41:33,7,5,0,12
2022-08-07T06:50:32,7,5,0,12
2022-08-07T06:59:31,7,5,0,12
2022-08-07T07:08:31,7,5,0,12
2022-08-07T07:17:31,7,5,0,12
2022-08-07T07:26:31,7,5,0,12
2022-08-07T07:35:33,7,5,0,12
2022-08-07T07:44:33,7,5,0,12
2022-08-07T07:53:32,7,5,0,12
2022-08-07T08:02:32,7,5,0,12
2022-08-07T08:11:32,7,5,0,12
2022-08-07T08:20:31,7,5,0,12
2022-08-07T08:29:33,7,5,0,12
2022-08-07T08:38:33,7,5,0,12
2022-08-07T08:47:32,7,5,0,12
2022-08-07T08:56:32,7,5,0,12
2022-08-07T09:05:31,7,5,0,12
2022-08-07T09:14:30,7,5,0,12
2022-08-07T09:23:30,7,5,0,12
2022-08-07T09:32:30,7,5,0,12
2022-08-07T09:41:30,7,5,0,12
2022-08-07T09:50:33,7,5,0,12
2022-08-07T09:59:32,7,5,0,12
2022-08-07T10:08:32,7,5,0,12
2022-08-07T10:17:32,7,5,0,12
2022-08-07T10:26:31,7,5,0,12
2022-08-07T10:35:31,7,5,0,12
2022-08-07T10:44:31,7,5,0,12
2022-08-07T10:53:31,7,5,0,12
2022-08-07T11:02:31,7,5,0,12
2022-08-07T11:11:31,7,5,0,12
2022-08-07T11:20:30,7,5,0,12
2022-08-07T11:29:30,7,5,0,12
2022-08-07T11:38:30,7,5,0,12
2022-08-07T11:47:29,7,5,0,12
2022-08-07T11:56:29,7,5,0,12
2022-08-07T12:05:28,7,5,0,12
2022-08-07T12:14:27,7,5,0,12
2022-08-07T12:23:26,7,5,0,12
2022-08-07T12:32:26,7,5,0,12
2022-08-07T12:41:36,7,5,0,12
2022-08-07T12:50:36,7,5,0,12
2022-08-07T12:59:35,7,5,0,12
2022-08-07T13:08:35,7,5,0,12
2022-08-07T13:17:34,7,5,0,12
2022-08-07T13:26:33,7,5,0,12
2022-08-07T13:35:32,7,5,0,12
2022-08-07T13:44:31,7,5,0,12
2022-08-07T13:53:31,7,5,0,12
2022-08-07T14:02:30,7,5,0,12
2022-08-07T14:11:29,7,5,0,12
2022-08-07T14:20:28,7,5,0,12
2022-08-07T14:29:30,7,5,0,12
2022-08-07T14:38:30,7,5,0,12
2022-08-07T14:47:29,7,5,0,12
2022-08-07T14:56:28,7,5,0,12
2022-08-07T15:05:28,7,5,0,12
2022-08-07T15:14:28,7,5,0,12
2022-08-07T15:23:27,7,5,0,12
2022-08-07T15:32:27,7,5,0,12
2022-08-07T15:41:26,7,5,0,12
2022-08-07T15:50:35,7,5,0,12
2022-08-07T15:59:35,7,5,0,12
2022-08-07T16:08:35,7,5,0,12
2022-08-07T16:17:35,7,5,0,12
2022-08-07T16:26:35,7,5,0,12
2022-08-07T16:35:34,7,5,0,12
2022-08-07T16:44:35,7,5,0,12
2022-08-07T16:53:34,7,5,0,12
2022-08-07T17:02:33,7,5,0,12
2022-08-07T17:11:34,7,5,0,12
2022-08-07T17:20:33,7,5,0,12
2022-08-07T17:29:35,7,5,0,12
2022-08-07T17:38:35,7,5,0,12
2022-08-07T17:47:34,7,5,0,12
2022-08-07T17:56:34,7,5,0,12
2022-08-07T18:05:33,7,5,0,12
2022-08-07T18:14:33,7,5,0,12
2022-08-07T18:23:32,7,5,0,12
2022-08-07T18:32:32,7,5,0,12
2022-08-07T18:41:31,7,5,0,12
2022-08-07T18:50:31,7,5,0,12
2022-08-07T18:59:30,7,5,0,12
2022-08-07T19:08:41,7,5,0,12
2022-08-07T19:17:41,7,5,0,12
2022-08-07T19:26:41,7,5,0,12
2022-08-07T19:35:41,7,5,0,12
2022-08-07T19:44:40,7,5,0,12
2022-08-07T19:53:39,7,5,0,12
2022-08-07T20:02:39,7,5,0,12
2022-08-07T20:11:38,7,5,0,12
2022-08-07T20:20:39,7,5,0,12
2022-08-07T20:29:39,7,5,0,12
2022-08-07T20:38:38,7,5,0,12
2022-08-07T20:47:37,7,5,0,12
2022-08-07T20:56:36,7,5,0,12
2022-08-07T21:05:36,7,5,0,12
2022-08-07T21:14:35,7,5,0,12
2022-08-07T21:23:36,7,5,0,12
2022-08-07T21:32:35,7,5,0,12
2022-08-07T21:41:36,7,5,0,12
2022-08-07T21:50:35,7,5,0,12
2022-08-07T21:59:34,7,5,0,12
2022-08-07T22:08:44,7,5,0,12
2022-08-07T22:17:44,7,5,0,12
2022-08-07T22:26:43,7,5,0,12
2022-08-07T22:35:42,7,5,0,12
2022-08-07T22:44:42,7,5,0,12
2022-08-07T22:53:41,7,5,0,12
2022-08-07T23:02:41,7,5,0,12
2022-08-07T23:11:42,7,5,0,12
2022-08-07T23:20:42,7,5,0,12
2022-08-07T23:29:42,7,5,0,12
2022-08-07T23:38:42,7,5,0,12
2022-08-07T23:47:41,7,5,0,12
2022-08-07T23:56:41,7,5,0,12
2022-08-08T00:05:42,7,5,0,12
2022-08-08T00:14:48,7,5,0,12
2022-08-08T00:23:51,7,5,0,12
2022-08-08T00:32:54,7,5,0,12
2022-08-08T00:41:56,7,5,0,12
2022-08-08T00:50:56,7,5,0,12
2022-08-08T00:59:57,7,5,0,12
2022-08-08T01:09:14,7,5,0,12
2022-08-08T01:18:17,7,5,0,12
2022-08-08T01:27:19,7,5,0,12
2022-08-08T01:36:22,7,5,0,12
2022-08-08T01:45:23,7,5,0,12
2022-08-08T01:54:24,7,5,0,12
2022-08-08T02:03:35,7,5,0,12
2022-08-08T02:12:37,7,5,0,12
2022-08-08T02:21:39,7,5,0,12
2022-08-08T02:30:39,7,5,0,12
2022-08-08T02:39:40,7,5,0,12
2022-08-08T02:48:41,7,5,0,12
2022-08-08T02:57:42,7,5,0,12
2022-08-08T03:06:43,7,5,0,12
2022-08-08T03:15:45,7,5,0,12
2022-08-08T03:24:45,7,5,0,12
2022-08-08T03:33:45,7,5,0,12
2022-08-08T03:42:47,7,5,0,12
2022-08-08T03:51:49,7,5,0,12
2022-08-08T04:00:51,7,5,0,12
2022-08-08T04:16:37,7,5,0,12
2022-08-08T04:26:02,7,5,0,12
2022-08-08T04:35:04,7,5,0,12
2022-08-08T04:44:06,7,5,0,12
2022-08-08T04:53:08,7,5,0,12
2022-08-08T05:02:11,7,5,0,12
2022-08-08T05:11:14,7,5,0,12
2022-08-08T05:20:17,7,5,0,12
2022-08-08T05:29:21,7,5,0,12
2022-08-08T05:38:25,7,5,0,12
2022-08-08T05:47:31,7,5,0,12
2022-08-08T05:56:33,7,5,0,12
2022-08-08T06:05:35,7,5,0,12
2022-08-08T06:14:37,7,5,0,12
2022-08-08T06:23:38,7,5,0,12
2022-08-08T06:32:40,7,5,0,12
2022-08-08T06:41:41,7,5,0,12
2022-08-08T06:50:41,7,5,0,12
2022-08-08T06:59:41,7,5,0,12
2022-08-08T07:08:43,7,5,0,12
2022-08-08T07:17:44,7,5,0,12
2022-08-08T07:26:43,7,5,0,12
2022-08-08T07:35:44,7,5,0,12
2022-08-08T07:44:44,7,5,0,12
2022-08-08T07:53:45,7,5,0,12
2022-08-08T08:02:45,7,5,0,12
2022-08-08T08:11:46,7,5,0,12
2022-08-08T08:20:47,7,5,0,12
2022-08-08T08:29:48,7,5,0,12
2022-08-08T08:38:50,7,5,0,12
2022-08-08T08:47:52,7,5,0,12
2022-08-08T08:56:53,7,5,0,12
2022-08-08T09:05:55,7,5,0,12
2022-08-08T09:15:07,7,5,0,12
2022-08-08T09:24:09,7,5,0,12
2022-08-08T09:33:10,7,5,0,12
2022-08-08T09:42:12,7,5,0,12
2022-08-08T09:51:14,7,5,0,12
2022-08-08T10:00:17,7,5,0,12
2022-08-08T10:09:20,7,5,0,12
2022-08-08T10:18:22,7,5,0,12
2022-08-08T10:27:25,7,5,0,12
2022-08-08T10:36:27,7,5,0,12
2022-08-08T10:45:28,7,5,0,12
2022-08-08T10:54:32,7,5,0,12
2022-08-08T11:03:35,7,5,0,12
2022-08-08T11:12:37,7,5,0,12
2022-08-08T11:21:50,7,5,0,12
2022-08-08T11:30:53,7,5,0,12
2022-08-08T11:39:55,7,5,0,12
2022-08-08T11:48:57,7,5,0,12
2022-08-08T11:57:59,7,5,0,12
2022-08-08T12:07:01,7,5,0,12
2022-08-08T12:16:03,7,5,0,12
2022-08-08T12:25:04,7,5,0,12
2022-08-08T12:34:08,7,5,0,12
2022-08-08T12:43:09,7,5,0,12
2022-08-08T12:52:21,7,5,0,12
2022-08-08T13:01:22,7,5,0,12
2022-08-08T13:10:24,7,5,0,12
2022-08-08T13:19:26,7,5,0,12
2022-08-08T13:28:28,7,5,0,12
2022-08-08T13:37:30,7,5,0,12
2022-08-08T13:46:33,7,5,0,12
2022-08-08T13:55:35,7,5,0,12
2022-08-08T14:04:38,7,5,0,12
2022-08-08T14:13:41,7,5,0,12
2022-08-08T14:22:44,7,5,0,12
2022-08-08T14:31:58,7,5,0,12
2022-08-08T14:41:00,7,5,0,12
2022-08-08T14:50:02,7,5,0,12
2022-08-08T14:59:05,7,5,0,12
2022-08-08T15:08:08,7,5,0,12
2022-08-08T15:17:12,7,5,0,12
2022-08-08T15:26:17,7,5,0,12
2022-08-08T15:35:22,7,5,0,12
2022-08-08T15:44:27,7,5,0,12
2022-08-08T15:53:31,7,5,0,12
2022-08-08T16:02:33,7,5,0,12
2022-08-08T16:11:34,7,5,0,12
2022-08-08T16:20:47,7,5,0,12
2022-08-08T16:29:49,7,5,0,12
2022-08-08T16:38:50,7,5,0,12
2022-08-08T16:47:51,7,5,0,12
2022-08-08T16:56:52,7,5,0,12
2022-08-08T17:05:53,7,5,0,12
2022-08-08T17:14:55,7,5,0,12
2022-08-08T17:23:56,7,5,0,12
2022-08-08T17:32:56,7,5,0,12
2022-08-08T17:41:57,7,5,0,12
2022-08-08T17:50:58,7,5,0,12
2022-08-08T17:59:58,7,5,0,12
2022-08-08T18:08:59,7,5,0,12
2022-08-08T18:17:59,7,5,0,12
2022-08-08T18:27:00,7,5,0,12
2022-08-08T18:36:00,7,5,0,12
2022-08-08T18:45:00,7,5,0,12
2022-08-08T18:54:01,7,5,0,12
2022-08-08T19:03:01,7,5,0,12
2022-08-08T19:12:01,7,5,0,12
2022-08-08T19:21:12,7,5,0,12
2022-08-08T19:30:12,7,5,0,12
2022-08-08T19:39:12,7,5,0,12
2022-08-08T19:48:13,7,5,0,12
2022-08-08T19:57:13,7,5,0,12
2022-08-08T20:06:15,7,5,0,12
2022-08-08T20:15:17,7,5,0,12
2022-08-08T20:24:19,7,5,0,12
2022-08-08T20:33:19,7,5,0,12
2022-08-08T20:42:19,7,5,0,12
2022-08-08T20:51:19,7,5,0,12
2022-08-08T21:00:19,7,5,0,12
2022-08-08T21:09:19,7,5,0,12
2022-08-08T21:18:19,7,5,0,12
2022-08-08T21:27:20,7,5,0,12
2022-08-08T21:36:20,7,5,0,12
2022-08-08T21:45:20,7,5,0,12
2022-08-08T21:54:31,7,5,0,12
2022-08-08T22:03:33,7,5,0,12
2022-08-08T22:12:33,7,5,0,12
2022-08-08T22:21:33,7,5,0,12
2022-08-08T22:30:34,7,5,0,12
2022-08-08T22:39:34,7,5,0,12
2022-08-08T22:48:33,7,5,0,12
2022-08-08T22:57:33,7,5,0,12
2022-08-08T23:06:34,7,5,0,12
2022-08-08T23:15:35,7,5,0,12
2022-08-08T23:24:36,7,5,0,12
2022-08-08T23:33:36,7,5,0,12
2022-08-08T23:42:38,7,5,0,12
2022-08-08T23:51:38,7,5,0,12
2022-08-09T00:00:39,7,5,0,12
2022-08-09T00:09:55,7,5,0,12
2022-08-09T00:19:00,7,5,0,12
2022-08-09T00:28:02,7,5,0,12
2022-08-09T00:37:04,7,5,0,12
2022-08-09T00:46:07,7,5,0,12
2022-08-09T00:55:09,7,5,0,12
2022-08-09T01:04:12,7,5,0,12
2022-08-09T01:13:14,7,5,0,12
2022-08-09T01:22:16,7,5,0,12
2022-08-09T01:31:20,7,5,0,12
2022-08-09T01:40:22,7,5,0,12
2022-08-09T01:49:25,7,5,0,12
2022-08-09T01:58:28,7,5,0,12
2022-08-09T02:07:31,7,5,0,12
2022-08-09T02:16:32,7,5,0,12
2022-08-09T02:25:32,7,5,0,12
2022-08-09T02:34:32,7,5,0,12
2022-08-09T02:43:31,7,5,0,12
2022-08-09T02:52:31,7,5,0,12
2022-08-09T03:01:30,7,5,0,12
2022-08-09T03:10:31,7,5,0,12
2022-08-09T03:19:30,7,5,0,12
2022-08-09T03:28:29,7,5,0,12
2022-08-09T03:37:29,7,5,0,12
2022-08-09T03:46:29,7,5,0,12
2022-08-09T03:55:31,7,5,0,12
2022-08-09T04:06:51,7,5,0,12
2022-08-09T04:16:00,7,5,0,12
2022-08-09T04:28:53,7,5,0,12
2022-08-09T04:38:20,7,5,0,12
2022-08-09T04:47:25,7,5,0,12
2022-08-09T04:56:30,7,5,0,12
2022-08-09T05:05:34,7,5,0,12
2022-08-09T05:14:39,7,5,0,12
2022-08-09T05:23:42,7,5,0,12
2022-08-09T05:32:44,7,5,0,12
2022-08-09T05:41:45,7,5,0,12
2022-08-09T05:50:47,7,5,0,12
2022-08-09T05:59:49,7,5,0,12
2022-08-09T06:08:51,7,5,0,12
2022-08-09T06:17:55,7,5,0,12
2022-08-09T06:26:58,7,5,0,12
2022-08-09T06:36:04,7,5,0,12
2022-08-09T06:45:06,7,5,0,12
2022-08-09T06:54:08,7,5,0,12
2022-08-09T07:03:11,7,5,0,12
2022-08-09T07:12:14,7,5,0,12
2022-08-09T07:21:16,7,5,0,12
2022-08-09T07:30:17,7,5,0,12
2022-08-09T07:39:20,7,5,0,12
2022-08-09T07:48:23,7,5,0,12
2022-08-09T07:57:27,7,5,0,12
2022-08-09T08:06:30,7,5,0,12
2022-08-09T08:15:31,7,5,0,12
2022-08-09T08:24:33,7,5,0,12
2022-08-09T08:33:34,7,5,0,12
2022-08-09T08:42:35,7,5,0,12
2022-08-09T08:51:35,7,5,0,12
2022-08-09T09:00:37,7,5,0,12
2022-08-09T09:09:38,7,5,0,12
2022-08-09T09:18:49,7,5,0,12
2022-08-09T09:27:51,7,5,0,12
2022-08-09T09:36:52,7,5,0,12
2022-08-09T09:45:53,7,5,0,12
2022-08-09T09:54:55,7,5,0,12
2022-08-09T10:03:57,7,5,0,12
2022-08-09T10:12:59,7,5,0,12
2022-08-09T10:22:01,7,5,0,12
2022-08-09T10:31:03,7,5,0,12
2022-08-09T10:40:04,7,5,0,12
2022-08-09T10:49:07,7,5,0,12
2022-08-09T10:58:11,7,5,0,12
2022-08-09T11:07:25,7,5,0,12
2022-08-09T11:16:27,7,5,0,12
2022-08-09T11:25:29,7,5,0,12
2022-08-09T11:34:33,7,5,0,12
2022-08-09T11:43:36,7,5,0,12
2022-08-09T11:52:38,7,5,0,12
2022-08-09T12:01:40,7,5,0,12
2022-08-09T12:10:49,7,5,0,12
2022-08-09T12:19:59,7,5,0,12
2022-08-09T12:29:08,7,5,0,12
2022-08-09T12:38:16,7,5,0,12
2022-08-09T12:47:36,7,5,0,12
2022-08-09T12:56:44,7,5,0,12
2022-08-09T13:05:52,7,5,0,12
2022-08-09T13:15:01,7,5,0,12
2022-08-09T13:24:09,7,5,0,12
2022-08-09T13:33:18,7,5,0,12
2022-08-09T13:42:23,7,5,0,12
2022-08-09T13:51:28,7,5,0,12
2022-08-09T14:00:32,7,5,0,12
2022-08-09T14:09:45,7,5,0,12
2022-08-09T14:18:47,7,5,0,12
2022-08-09T14:27:49,7,5,0,12
2022-08-09T14:36:53,7,5,0,12
2022-08-09T14:45:55,7,5,0,12
2022-08-09T14:54:58,7,5,0,12
2022-08-09T15:04:00,7,5,0,12
2022-08-09T15:13:01,7,5,0,12
2022-08-09T15:22:15,7,5,0,12
2022-08-09T15:31:17,7,5,0,12
2022-08-09T15:40:20,7,5,0,12
2022-08-09T15:49:23,7,5,0,12
2022-08-09T15:58:24,7,5,0,12
2022-08-09T16:07:26,7,5,0,12
2022-08-09T16:16:28,7,5,0,12
2022-08-09T16:25:41,7,5,0,12
2022-08-09T16:34:42,7,5,0,12
2022-08-09T16:43:43,7,5,0,12
2022-08-09T16:52:44,7,5,0,12
2022-08-09T17:01:45,7,5,0,12
2022-08-09T17:10:46,7,5,0,12
2022-08-09T17:19:47,7,5,0,12
2022-08-09T17:28:48,7,5,0,12
2022-08-09T17:37:50,7,5,0,12
2022-08-09T17:47:00,7,5,0,12
2022-08-09T17:56:01,7,5,0,12
2022-08-09T18:05:02,7,5,0,12
2022-08-09T18:14:03,7,5,0,12
2022-08-09T18:23:03,7,5,0,12
2022-08-09T18:32:04,7,5,0,12
2022-08-09T18:41:05,7,5,0,12
2022-08-09T18:50:05,7,5,0,12
2022-08-09T18:59:05,7,5,0,12
2022-08-09T19:08:06,7,5,0,12
2022-08-09T19:17:07,7,5,0,12
2022-08-09T19:26:08,7,5,0,12
2022-08-09T19:35:08,7,5,0,12
2022-08-09T19:44:20,7,5,0,12
2022-08-09T19:53:20,7,5,0,12
2022-08-09T20:02:20,7,5,0,12
2022-08-09T20:11:20,7,5,0,12
2022-08-09T20:20:20,7,5,0,12
2022-08-09T20:29:20,7,5,0,12
2022-08-09T20:38:20,7,5,0,12
2022-08-09T20:47:20,7,5,0,12
2022-08-09T20:56:21,7,5,0,12
2022-08-09T21:05:20,7,5,0,12
2022-08-09T21:14:32,7,5,0,12
2022-08-09T21:23:32,7,5,0,12
2022-08-09T21:32:32,7,5,0,12
2022-08-09T21:41:33,7,5,0,12
2022-08-09T21:50:33,7,5,0,12
2022-08-09T21:59:33,7,5,0,12
2022-08-09T22:08:33,7,5,0,12
2022-08-09T22:17:33,7,5,0,12
2022-08-09T22:26:34,7,5,0,12
2022-08-09T22:35:34,7,5,0,12
2022-08-09T22:44:34,7,5,0,12
2022-08-09T22:53:34,7,5,0,12
2022-08-09T23:02:34,7,5,0,12
2022-08-09T23:11:35,7,5,0,12
2022-08-09T23:20:36,7,5,0,12
2022-08-09T23:29:37,7,5,0,12
2022-08-09T23:38:49,7,5,0,12
2022-08-09T23:47:49,7,5,0,12
2022-08-09T23:56:49,7,5,0,12
2022-08-10T00:05:50,7,5,0,12
2022-08-10T00:14:52,7,5,0,12
2022-08-10T00:23:55,7,5,0,12
2022-08-10T00:32:56,7,5,0,12
2022-08-10T00:41:59,7,5,0,12
2022-08-10T00:51:02,7,5,0,12
2022-08-10T01:00:06,7,5,0,12
2022-08-10T01:09:08,7,5,0,12
2022-08-10T01:18:11,7,5,0,12
2022-08-10T01:27:14,7,5,0,12
2022-08-10T01:36:18,7,5,0,12
2022-08-10T01:45:20,7,5,0,12
2022-08-10T01:54:22,7,5,0,12
2022-08-10T02:03:23,7,5,0,12
2022-08-10T02:12:24,7,5,0,12
2022-08-10T02:21:25,7,5,0,12
2022-08-10T02:30:25,7,5,0,12
2022-08-10T02:39:27,7,5,0,12
2022-08-10T02:48:31,7,5,0,12
2022-08-10T02:57:44,7,5,0,12
2022-08-10T03:06:47,7,5,0,12
2022-08-10T03:15:48,7,5,0,12
2022-08-10T03:24:49,7,5,0,12
2022-08-10T03:33:49,7,5,0,12
2022-08-10T03:42:51,7,5,0,12
2022-08-10T03:51:53,7,5,0,12
2022-08-10T04:00:55,7,5,0,12
2022-08-10T04:12:30,7,5,0,12
2022-08-10T04:30:41,7,5,0,12
2022-08-10T04:40:06,7,5,0,12
2022-08-10T04:49:10,7,5,0,12
2022-08-10T04:58:13,7,5,0,12
2022-08-10T05:07:19,7,5,0,12
2022-08-10T05:16:21,7,5,0,12
2022-08-10T05:25:25,7,5,0,12
2022-08-10T05:34:29,7,5,0,12
2022-08-10T05:43:30,7,5,0,12
2022-08-10T05:52:33,7,5,0,12
2022-08-10T06:01:36,7,5,0,12
2022-08-10T06:10:39,7,5,0,12
2022-08-10T06:19:43,7,5,0,12
2022-08-10T06:28:46,7,5,0,12
2022-08-10T06:37:48,7,5,0,12
2022-08-10T06:46:49,7,5,0,12
2022-08-10T06:55:49,7,5,0,12
2022-08-10T07:04:50,7,5,0,12
2022-08-10T07:13:51,7,5,0,12
2022-08-10T07:23:01,7,5,0,12
2022-08-10T07:32:14,7,5,0,12
2022-08-10T07:41:14,7,5,0,12
2022-08-10T07:50:15,7,5,0,12
2022-08-10T07:59:15,7,5,0,12
2022-08-10T08:08:17,7,5,0,12
2022-08-10T08:17:18,7,5,0,12
2022-08-10T08:26:19,7,5,0,12
2022-08-10T08:35:32,7,5,0,12
2022-08-10T08:44:34,7,5,0,12
2022-08-10T08:53:36,7,5,0,12
2022-08-10T09:02:37,7,5,0,12
2022-08-10T09:11:38,7,5,0,12
2022-08-10T09:20:40,7,5,0,12
2022-08-10T09:29:43,7,5,0,12
2022-08-10T09:38:44,7,5,0,12
2022-08-10T09:47:45,7,5,0,12
2022-08-10T09:56:47,7,5,0,12
2022-08-10T10:05:49,7,5,0,12
2022-08-10T10:14:50,7,5,0,12
2022-08-10T10:23:52,7,5,0,12
2022-08-10T10:32:54,7,5,0,12
2022-08-10T10:42:09,7,5,0,12
2022-08-10T10:51:10,7,5,0,12
2022-08-10T11:00:12,7,5,0,12
2022-08-10T11:09:14,7,5,0,12
2022-08-10T11:18:16,7,5,0,12
2022-08-10T11:27:18,7,5,0,12
2022-08-10T11:36:19,7,5,0,12
2022-08-10T11:45:21,7,5,0,12
2022-08-10T11:54:22,7,5,0,12
2022-08-10T12:03:25,7,5,0,12
2022-08-10T12:12:26,7,5,0,12
2022-08-10T12:21:27,7,5,0,12
2022-08-10T12:30:41,7,5,0,12
2022-08-10T12:39:42,7,5,0,12
2022-08-10T12:48:43,7,5,0,12
2022-08-10T12:57:45,7,5,0,12
2022-08-10T13:06:47,7,5,0,12
2022-08-10T13:15:48,7,5,0,12
2022-08-10T13:24:50,7,5,0,12
2022-08-10T13:33:52,7,5,0,12
2022-08-10T13:42:55,7,5,0,12
2022-08-10T13:51:58,7,5,0,12
2022-08-10T14:01:01,7,5,0,12
2022-08-10T14:10:14,7,5,0,12
2022-08-10T14:19:16,7,5,0,12
2022-08-10T14:28:18,7,5,0,12
2022-08-10T14:37:20,7,5,0,12
2022-08-10T14:46:22,7,5,0,12
2022-08-10T14:55:24,7,5,0,12
2022-08-10T15:04:26,7,5,0,12
2022-08-10T15:13:27,7,5,0,12
2022-08-10T15:22:29,7,5,0,12
2022-08-10T15:31:32,7,5,0,12
2022-08-10T15:40:34,7,5,0,12
2022-08-10T15:49:36,7,5,0,12
2022-08-10T15:58:48,7,5,0,12
2022-08-10T16:07:50,7,5,0,12
2022-08-10T16:16:52,7,5,0,12
2022-08-10T16:25:53,7,5,0,12
2022-08-10T16:34:54,7,5,0,12
2022-08-10T16:43:54,7,5,0,12
2022-08-10T16:52:54,7,5,0,12
2022-08-10T17:01:55,7,5,0,12
2022-08-10T17:10:57,7,5,0,12
2022-08-10T17:19:59,7,5,0,12
2022-08-10T17:28:59,7,5,0,12
2022-08-10T17:37:59,7,5,0,12
2022-08-10T17:47:10,7,5,0,12
2022-08-10T17:56:10,7,5,0,12
2022-08-10T18:05:11,7,5,0,12
2022-08-10T18:14:11,7,5,0,12
2022-08-10T18:23:12,7,5,0,12
2022-08-10T18:32:13,7,5,0,12
2022-08-10T18:41:13,7,5,0,12
2022-08-10T18:50:13,7,5,0,12
2022-08-10T18:59:13,7,5,0,12
2022-08-10T19:08:14,7,5,0,12
2022-08-10T19:17:15,7,5,0,12
2022-08-10T19:26:16,7,5,0,12
2022-08-10T19:35:17,7,5,0,12
2022-08-10T19:44:27,7,5,0,12
2022-08-10T19:53:27,7,5,0,12
2022-08-10T20:02:27,7,5,0,12
2022-08-10T20:11:28,7,5,0,12
2022-08-10T20:20:28,7,5,0,12
2022-08-10T20:29:28,7,5,0,12
2022-08-10T20:38:28,7,5,0,12
2022-08-10T20:47:29,7,5,0,12
2022-08-10T20:56:29,7,5,0,12
2022-08-10T21:05:29,7,5,0,12
2022-08-10T21:14:30,7,5,0,12
2022-08-10T21:23:30,7,5,0,12
2022-08-10T21:32:30,7,5,0,12
2022-08-10T21:41:30,7,5,0,12
2022-08-10T21:50:30,7,5,0,12
2022-08-10T21:59:30,7,5,0,12
2022-08-10T22:08:41,7,5,0,12
2022-08-10T22:17:41,7,5,0,12
2022-08-10T22:26:40,7,5,0,12
2022-08-10T22:35:40,7,5,0,12
2022-08-10T22:44:39,7,5,0,12
2022-08-10T22:53:39,7,5,0,12
2022-08-10T23:02:39,7,5,0,12
2022-08-10T23:11:41,7,5,0,12
2022-08-10T23:20:41,7,5,0,12
2022-08-10T23:25:16,7,5,0,12
2022-08-10T23:34:16,7,5,0,12
2022-08-10T23:43:17,7,5,0,12
2022-08-10T23:52:18,7,5,0,12
2022-08-11T00:01:18,7,5,0,12
2022-08-11T00:10:21,7,5,0,12
2022-08-11T00:19:24,7,5,0,12
2022-08-11T00:28:26,7,5,0,12
2022-08-11T00:37:28,7,5,0,12
2022-08-11T00:46:31,7,5,0,12
2022-08-11T00:55:34,7,5,0,12
2022-08-11T01:04:36,7,5,0,12
2022-08-11T01:13:38,7,5,0,12
2022-08-11T01:22:52,7,5,0,12
2022-08-11T01:31:55,7,5,0,12
2022-08-11T01:40:58,7,5,0,12
2022-08-11T01:49:59,7,5,0,12
2022-08-11T01:59:02,7,5,0,12
2022-08-11T02:08:03,7,5,0,12
2022-08-11T02:17:04,7,5,0,12
2022-08-11T02:26:04,7,5,0,12
2022-08-11T02:35:04,7,5,0,12
2022-08-11T02:44:04,7,5,0,12
2022-08-11T02:53:03,7,5,0,12
2022-08-11T03:02:03,7,5,0,12
2022-08-11T03:11:04,7,5,0,12
2022-08-11T03:20:04,7,5,0,12
2022-08-11T03:29:04,7,5,0,12
2022-08-11T03:38:04,7,5,0,12
2022-08-11T03:47:07,7,5,0,12
2022-08-11T03:56:09,7,5,0,12
2022-08-11T04:05:11,7,5,0,12
2022-08-11T04:20:48,7,5,0,12
2022-08-11T04:31:20,7,5,0,12
2022-08-11T04:40:25,7,5,0,12
2022-08-11T04:49:31,7,5,0,12
2022-08-11T04:58:34,7,5,0,12
2022-08-11T05:07:39,7,5,0,12
2022-08-11T05:16:42,7,5,0,12
2022-08-11T05:25:44,7,5,0,12
2022-08-11T05:34:46,7,5,0,12
2022-08-11T05:43:47,7,5,0,12
2022-08-11T05:52:47,7,5,0,12
2022-08-11T06:01:49,7,5,0,12
2022-08-11T06:10:50,7,5,0,12
2022-08-11T06:19:51,7,5,0,12
2022-08-11T06:28:52,7,5,0,12
2022-08-11T06:37:53,7,5,0,12
2022-08-11T06:46:53,7,5,0,12
2022-08-11T06:55:55,7,5,0,12
2022-08-11T07:05:10,7,5,0,12
2022-08-11T07:14:15,7,5,0,12
2022-08-11T07:23:19,7,5,0,12
2022-08-11T07:32:22,7,5,0,12
2022-08-11T07:41:25,7,5,0,12
2022-08-11T07:50:28,7,5,0,12
2022-08-11T07:59:31,7,5,0,12
2022-08-11T08:08:34,7,5,0,12
2022-08-11T08:17:40,7,5,0,12
2022-08-11T08:26:51,7,5,0,12
2022-08-11T08:36:09,7,5,0,12
2022-08-11T08:45:20,7,5,0,12
2022-08-11T08:54:34,7,5,0,12
2022-08-11T09:03:54,7,5,0,12
2022-08-11T09:13:09,7,5,0,12
2022-08-11T09:22:25,7,5,0,12
2022-08-11T09:31:44,7,5,0,12
2022-08-11T09:41:05,7,5,0,12
2022-08-11T09:50:31,7,5,0,12
2022-08-11T09:59:44,7,5,0,12
2022-08-11T10:08:58,7,5,0,12
2022-08-11T10:18:11,7,5,0,12
2022-08-11T10:27:24,7,5,0,12
2022-08-11T10:36:38,7,5,0,12
2022-08-11T10:45:51,7,5,0,12
2022-08-11T10:55:04,7,5,0,12
2022-08-11T11:04:12,7,5,0,12
2022-08-11T11:13:15,7,5,0,12
2022-08-11T11:22:20,7,5,0,12
2022-08-11T11:31:23,7,5,0,12
2022-08-11T11:40:25,7,5,0,12
2022-08-11T11:49:26,7,5,0,12
2022-08-11T11:58:39,7,5,0,12
2022-08-11T12:07:41,7,5,0,12
2022-08-11T12:16:42,7,5,0,12
2022-08-11T12:25:43,7,5,0,12
2022-08-11T12:34:44,7,5,0,12
2022-08-11T12:43:45,7,5,0,12
2022-08-11T12:52:46,7,5,0,12
2022-08-11T13:01:48,7,5,0,12
2022-08-11T13:10:49,7,5,0,12
2022-08-11T13:19:51,7,5,0,12
2022-08-11T13:29:03,7,5,0,12
2022-08-11T13:38:05,7,5,0,12
2022-08-11T13:47:07,7,5,0,12
2022-08-11T13:56:09,7,5,0,12
2022-08-11T14:05:10,7,5,0,12
2022-08-11T14:14:11,7,5,0,12
2022-08-11T14:23:13,7,5,0,12
2022-08-11T14:32:15,7,5,0,12
2022-08-11T14:41:16,7,5,0,12
2022-08-11T14:50:29,7,5,0,12
2022-08-11T14:59:32,7,5,0,12
2022-08-11T15:08:34,7,5,0,12
2022-08-11T15:17:36,7,5,0,12
2022-08-11T15:26:37,7,5,0,12
2022-08-11T15:35:39,7,5,0,12
2022-08-11T15:44:41,7,5,0,12
2022-08-11T15:53:42,7,5,0,12
2022-08-11T16:02:44,7,5,0,12
2022-08-11T16:11:45,7,5,0,12
2022-08-11T16:20:47,7,5,0,12
2022-08-11T16:29:48,7,5,0,12
2022-08-11T16:38:49,7,5,0,12
2022-08-11T16:47:49,7,5,0,12
2022-08-11T16:57:00,7,5,0,12
2022-08-11T17:06:01,7,5,0,12
2022-08-11T17:15:03,7,5,0,12
2022-08-11T17:24:04,7,5,0,12
2022-08-11T17:33:04,7,5,0,12
2022-08-11T17:42:05,7,5,0,12
2022-08-11T17:51:07,7,5,0,12
2022-08-11T18:00:07,7,5,0,12
2022-08-11T18:09:09,7,5,0,12
2022-08-11T18:18:09,7,5,0,12
2022-08-11T18:27:10,7,5,0,12
2022-08-11T18:36:11,7,5,0,12
2022-08-11T18:45:12,7,5,0,12
2022-08-11T18:54:14,7,5,0,12
2022-08-11T19:03:26,7,5,0,12
2022-08-11T19:12:26,7,5,0,12
2022-08-11T19:21:27,7,5,0,12
2022-08-11T19:30:27,7,5,0,12
2022-08-11T19:39:27,7,5,0,12
2022-08-11T19:48:27,7,5,0,12
2022-08-11T19:57:28,7,5,0,12
2022-08-11T20:06:28,7,5,0,12
2022-08-11T20:15:28,7,5,0,12
2022-08-11T20:24:28,7,5,0,12
2022-08-11T20:33:28,7,5,0,12
2022-08-11T20:42:28,7,5,0,12
2022-08-11T20:51:28,7,5,0,12
2022-08-11T21:00:30,7,5,0,12
2022-08-11T21:09:31,7,5,0,12
2022-08-11T21:18:32,7,5,0,12
2022-08-11T21:27:32,7,5,0,12
2022-08-11T21:36:44,7,5,0,12
2022-08-11T21:45:44,7,5,0,12
2022-08-11T21:54:45,7,5,0,12
2022-08-11T22:03:45,7,5,0,12
2022-08-11T22:12:45,7,5,0,12
2022-08-11T22:21:45,7,5,0,12
2022-08-11T22:30:45,7,5,0,12
2022-08-11T22:39:45,7,5,0,12
2022-08-11T22:48:45,7,5,0,12
2022-08-11T22:57:46,7,5,0,12
2022-08-11T23:06:47,7,5,0,12
2022-08-11T23:15:48,7,5,0,12
2022-08-11T23:24:48,7,5,0,12
2022-08-11T23:33:48,7,5,0,12
2022-08-11T23:42:49,7,5,0,12
2022-08-11T23:51:48,7,5,0,12
2022-08-12T00:00:48,7,5,0,12
2022-08-12T00:09:50,7,5,0,12
2022-08-12T00:18:54,7,5,0,12
2022-08-12T00:27:57,7,5,0,12
2022-08-12T00:37:00,7,5,0,12
2022-08-12T00:46:03,7,5,0,12
2022-08-12T00:55:06,7,5,0,12
2022-08-12T01:04:09,7,5,0,12
2022-08-12T01:13:12,7,5,0,12
2022-08-12T01:22:15,7,5,0,12
2022-08-12T01:31:18,7,5,0,12
2022-08-12T01:40:21,7,5,0,12
2022-08-12T01:49:24,7,5,0,12
2022-08-12T01:58:27,7,5,0,12
2022-08-12T02:07:28,7,5,0,12
2022-08-12T02:16:30,7,5,0,12
2022-08-12T02:25:52,7,5,0,12
2022-08-12T02:34:55,7,5,0,12
2022-08-12T02:43:59,7,5,0,12
2022-08-12T02:53:01,7,5,0,12
2022-08-12T03:02:03,7,5,0,12
2022-08-12T03:11:05,7,5,0,12
2022-08-12T03:20:05,7,5,0,12
2022-08-12T03:29:06,7,5,0,12
2022-08-12T03:38:08,7,5,0,12
2022-08-12T03:47:11,7,5,0,12
2022-08-12T03:56:14,7,5,0,12
2022-08-12T04:05:16,7,5,0,12
2022-08-12T04:27:14,7,5,0,12
2022-08-12T04:36:41,7,5,0,12
2022-08-12T04:45:44,7,5,0,12
2022-08-12T04:54:48,7,5,0,12
2022-08-12T05:03:53,7,5,0,12
2022-08-12T05:12:57,7,5,0,12
2022-08-12T05:22:00,7,5,0,12
2022-08-12T05:31:04,7,5,0,12
2022-08-12T05:40:06,7,5,0,12
2022-08-12T05:49:09,7,5,0,12
2022-08-12T05:58:12,7,5,0,12
2022-08-12T06:07:14,7,5,0,12
2022-08-12T06:16:16,7,5,0,12
2022-08-12T06:25:17,7,5,0,12
2022-08-12T06:34:18,7,5,0,12
2022-08-12T06:43:19,7,5,0,12
2022-08-12T06:52:18,7,5,0,12
2022-08-12T07:01:19,7,5,0,12
2022-08-12T07:10:21,7,5,0,12
2022-08-12T07:19:21,7,5,0,12
2022-08-12T07:28:21,7,5,0,12
2022-08-12T07:37:22,7,5,0,12
2022-08-12T07:46:23,7,5,0,12
2022-08-12T07:55:24,7,5,0,12
2022-08-12T08:04:25,7,5,0,12
2022-08-12T08:13:26,7,5,0,12
2022-08-12T08:22:27,7,5,0,12
2022-08-12T08:31:28,7,5,0,12
2022-08-12T08:40:30,7,5,0,12
2022-08-12T08:49:30,7,5,0,12
2022-08-12T08:58:31,7,5,0,12
2022-08-12T09:07:32,7,5,0,12
2022-08-12T09:16:33,7,5,0,12
2022-08-12T09:25:34,7,5,0,12
2022-08-12T09:34:36,7,5,0,12
2022-08-12T09:43:39,7,5,0,12
2022-08-12T09:52:41,7,5,0,12
2022-08-12T10:01:41,7,5,0,12
2022-08-12T10:10:43,7,5,0,12
2022-08-12T10:19:44,7,5,0,12
2022-08-12T10:28:45,7,5,0,12
2022-08-12T10:37:46,7,5,0,12
2022-08-12T10:46:47,7,5,0,12
2022-08-12T10:55:48,7,5,0,12
2022-08-12T11:04:50,7,5,0,12
2022-08-12T11:14:02,7,5,0,12
2022-08-12T11:23:05,7,5,0,12
2022-08-12T11:32:07,7,5,0,12
2022-08-12T11:41:09,7,5,0,12
2022-08-12T11:50:12,7,5,0,12
2022-08-12T11:59:23,7,5,0,12
2022-08-12T12:08:25,7,5,0,12
2022-08-12T12:17:26,7,5,0,12
2022-08-12T12:26:28,7,5,0,12
2022-08-12T12:35:29,7,5,0,12
2022-08-12T12:44:32,7,5,0,12
2022-08-12T12:53:33,7,5,0,12
2022-08-12T13:02:35,7,5,0,12
2022-08-12T13:11:36,7,5,0,12
2022-08-12T13:20:38,7,5,0,12
2022-08-12T13:29:49,7,5,0,12
2022-08-12T13:38:51,7,5,0,12
2022-08-12T13:47:53,7,5,0,12
2022-08-12T13:56:55,7,5,0,12
2022-08-12T14:05:57,7,5,0,12
2022-08-12T14:14:59,7,5,0,12
2022-08-12T14:24:01,7,5,0,12
2022-08-12T14:33:03,7,5,0,12
2022-08-12T14:42:05,7,5,0,12
2022-08-12T14:51:07,7,5,0,12
2022-08-12T15:00:08,7,5,0,12
2022-08-12T15:09:10,7,5,0,12
2022-08-12T15:18:12,7,5,0,12
2022-08-12T15:27:26,7,5,0,12
2022-08-12T15:36:28,7,5,0,12
2022-08-12T15:45:30,7,5,0,12
2022-08-12T15:54:31,7,5,0,12
2022-08-12T16:03:33,7,5,0,12
2022-08-12T16:12:34,7,5,0,12
2022-08-12T16:21:35,7,5,0,12
2022-08-12T16:30:37,7,5,0,12
2022-08-12T16:39:38,7,5,0,12
2022-08-12T16:48:39,7,5,0,12
2022-08-12T16:57:40,7,5,0,12
2022-08-12T17:06:41,7,5,0,12
2022-08-12T17:15:43,7,5,0,12
2022-08-12T17:24:44,7,5,0,12
2022-08-12T17:33:44,7,5,0,12
2022-08-12T17:42:45,7,5,0,12
2022-08-12T17:51:45,7,5,0,12
2022-08-12T18:00:56,7,5,0,12
2022-08-12T18:09:57,7,5,0,12
2022-08-12T18:18:57,7,5,0,12
2022-08-12T18:27:58,7,5,0,12
2022-08-12T18:36:59,7,5,0,12
2022-08-12T18:45:59,7,5,0,12
2022-08-12T18:54:59,7,5,0,12
2022-08-12T19:04:01,7,5,0,12
2022-08-12T19:13:01,7,5,0,12
2022-08-12T19:22:02,7,5,0,12
2022-08-12T19:31:03,7,5,0,12
2022-08-12T19:40:04,7,5,0,12
2022-08-12T19:49:06,7,5,0,12
2022-08-12T19:58:07,7,5,0,12
2022-08-12T20:07:08,7,5,0,12
2022-08-12T20:16:10,7,5,0,12
2022-08-12T20:25:11,7,5,0,12
2022-08-12T20:34:11,7,5,0,12
2022-08-12T20:43:12,7,5,0,12
2022-08-12T20:52:12,7,5,0,12
2022-08-12T21:01:12,7,5,0,12
2022-08-12T21:10:13,7,5,0,12
2022-08-12T21:19:13,7,5,0,12
2022-08-12T21:28:14,7,5,0,12
2022-08-12T21:37:14,7,5,0,12
2022-08-12T21:46:14,7,5,0,12
2022-08-12T21:55:14,7,5,0,12
2022-08-12T22:04:15,7,5,0,12
2022-08-12T22:13:25,7,5,0,12
2022-08-12T22:22:27,7,5,0,12
2022-08-12T22:31:27,7,5,0,12
2022-08-12T22:40:27,7,5,0,12
2022-08-12T22:49:28,7,5,0,12
2022-08-12T22:58:28,7,5,0,12
2022-08-12T23:07:29,7,5,0,12
2022-08-12T23:16:30,7,5,0,12
2022-08-12T23:25:31,7,5,0,12
2022-08-12T23:34:31,7,5,0,12
2022-08-12T23:43:32,7,5,0,12
2022-08-12T23:52:33,7,5,0,12
2022-08-13T00:01:33,7,5,0,12
2022-08-13T00:10:34,7,5,0,12
2022-08-13T00:19:42,7,5,0,12
2022-08-13T00:28:44,7,5,0,12
2022-08-13T00:37:47,7,5,0,12
2022-08-13T00:46:50,7,5,0,12
2022-08-13T00:56:03,7,5,0,12
2022-08-13T01:05:07,7,5,0,12
2022-08-13T01:14:11,7,5,0,12
2022-08-13T01:23:14,7,5,0,12
2022-08-13T01:32:18,7,5,0,12
2022-08-13T01:41:21,7,5,0,12
2022-08-13T01:50:24,7,5,0,12
2022-08-13T01:59:26,7,5,0,12
2022-08-13T02:08:30,7,5,0,12
2022-08-13T02:17:31,7,5,0,12
2022-08-13T02:26:32,7,5,0,12
2022-08-13T02:35:32,7,5,0,12
2022-08-13T02:44:33,7,5,0,12
2022-08-13T02:53:33,7,5,0,12
2022-08-13T03:02:33,7,5,0,12
2022-08-13T03:11:33,7,5,0,12
2022-08-13T03:20:34,7,5,0,12
2022-08-13T03:29:34,7,5,0,12
2022-08-13T03:38:35,7,5,0,12
2022-08-13T03:47:37,7,5,0,12
2022-08-13T03:56:39,7,5,0,12
2022-08-13T04:05:42,7,5,0,12
2022-08-13T04:24:47,7,5,0,12
2022-08-13T04:33:53,7,5,0,12
2022-08-13T04:42:56,7,5,0,12
2022-08-13T04:51:59,7,5,0,12
2022-08-13T05:01:01,7,5,0,12
2022-08-13T05:10:02,7,5,0,12
2022-08-13T05:19:02,7,5,0,12
2022-08-13T05:28:03,7,5,0,12
2022-08-13T05:37:05,7,5,0,12
2022-08-13T05:46:16,7,5,0,12
2022-08-13T05:55:23,7,5,0,12
2022-08-13T06:04:26,7,5,0,12
2022-08-13T06:13:29,7,5,0,12
2022-08-13T06:22:32,7,5,0,12
2022-08-13T06:31:35,7,5,0,12
2022-08-13T06:40:39,7,5,0,12
2022-08-13T06:49:42,7,5,0,12
2022-08-13T06:58:45,7,5,0,12
2022-08-13T07:07:48,7,5,0,12
2022-08-13T07:16:52,7,5,0,12
2022-08-13T07:25:54,7,5,0,12
2022-08-13T07:34:57,7,5,0,12
2022-08-13T07:44:01,7,5,0,12
2022-08-13T07:53:05,7,5,0,12
2022-08-13T08:02:11,7,5,0,12
2022-08-13T08:11:21,7,5,0,12
2022-08-13T08:20:25,7,5,0,12
2022-08-13T08:29:28,7,5,0,12
2022-08-13T08:38:31,7,5,0,12
2022-08-13T08:47:32,7,5,0,12
2022-08-13T08:56:35,7,5,0,12
2022-08-13T09:05:37,7,5,0,12
2022-08-13T09:14:39,7,5,0,12
2022-08-13T09:23:42,7,5,0,12
2022-08-13T09:32:44,7,5,0,12
2022-08-13T09:41:47,7,5,0,12
2022-08-13T09:50:50,7,5,0,12
2022-08-13T09:59:52,7,5,0,12
2022-08-13T10:08:54,7,5,0,12
2022-08-13T10:17:55,7,5,0,12
2022-08-13T10:26:59,7,5,0,12
2022-08-13T10:36:00,7,5,0,12
2022-08-13T10:45:01,7,5,0,12
2022-08-13T10:54:02,7,5,0,12
2022-08-13T11:03:02,7,5,0,12
2022-08-13T11:12:02,7,5,0,12
2022-08-13T11:21:02,7,5,0,12
2022-08-13T11:30:02,7,5,0,12
2022-08-13T11:39:03,7,5,0,12
2022-08-13T11:48:04,7,5,0,12
2022-08-13T11:57:04,7,5,0,12
2022-08-13T12:06:04,7,5,0,12
2022-08-13T12:15:04,7,5,0,12
2022-08-13T12:24:05,7,5,0,12
2022-08-13T12:33:06,7,5,0,12
2022-08-13T12:42:07,7,5,0,12
2022-08-13T12:51:07,7,5,0,12
2022-08-13T13:00:07,7,5,0,12
2022-08-13T13:09:15,7,5,0,12
2022-08-13T13:18:22,7,5,0,12
2022-08-13T13:27:29,7,5,0,12
2022-08-13T13:36:36,7,5,0,12
2022-08-13T13:45:42,7,5,0,12
2022-08-13T13:54:49,7,5,0,12
2022-08-13T14:03:56,7,5,0,12
2022-08-13T14:13:04,7,5,0,12
2022-08-13T14:22:12,7,5,0,12
2022-08-13T14:31:19,7,5,0,12
2022-08-13T14:40:23,7,5,0,12
2022-08-13T14:49:27,7,5,0,12
2022-08-13T14:58:30,7,5,0,12
2022-08-13T15:07:31,7,5,0,12
2022-08-13T15:16:30,7,5,0,12
2022-08-13T15:25:30,7,5,0,12
2022-08-13T15:34:31,7,5,0,12
2022-08-13T15:43:31,7,5,0,12
2022-08-13T15:52:31,7,5,0,12
2022-08-13T16:01:31,7,5,0,12
2022-08-13T16:10:31,7,5,0,12
2022-08-13T16:19:31,7,5,0,12
2022-08-13T16:28:31,7,5,0,12
2022-08-13T16:37:31,7,5,0,12
2022-08-13T16:46:31,7,5,0,12
2022-08-13T16:55:31,7,5,0,12
2022-08-13T17:04:31,7,5,0,12
2022-08-13T17:13:32,7,5,0,12
2022-08-13T17:22:32,7,5,0,12
2022-08-13T17:31:31,7,5,0,12
2022-08-13T17:40:31,7,5,0,12
2022-08-13T17:49:31,7,5,0,12
2022-08-13T17:58:31,7,5,0,12
2022-08-13T18:07:31,7,5,0,12
2022-08-13T18:16:31,7,5,0,12
2022-08-13T18:25:31,7,5,0,12
2022-08-13T18:34:31,7,5,0,12
2022-08-13T18:43:31,7,5,0,12
2022-08-13T18:52:31,7,5,0,12
2022-08-13T19:01:31,7,5,0,12
2022-08-13T19:10:31,7,5,0,12
2022-08-13T19:19:31,7,5,0,12
2022-08-13T19:28:30,7,5,0,12
2022-08-13T19:37:30,7,5,0,12
2022-08-13T19:46:31,7,5,0,12
2022-08-13T19:55:32,7,5,0,12
2022-08-13T20:04:32,7,5,0,12
2022-08-13T20:13:31,7,5,0,12
2022-08-13T20:22:32,7,5,0,12
2022-08-13T20:31:31,7,5,0,12
2022-08-13T20:40:31,7,5,0,12
2022-08-13T20:49:34,7,5,0,12
2022-08-13T20:58:34,7,5,0,12
2022-08-13T21:07:34,7,5,0,12
2022-08-13T21:16:33,7,5,0,12
2022-08-13T21:25:33,7,5,0,12
2022-08-13T21:34:33,7,5,0,12
2022-08-13T21:43:33,7,5,0,12
2022-08-13T21:52:33,7,5,0,12
2022-08-13T22:01:33,7,5,0,12
2022-08-13T22:10:33,7,5,0,12
2022-08-13T22:19:33,7,5,0,12
2022-08-13T22:28:33,7,5,0,12
2022-08-13T22:37:33,7,5,0,12
2022-08-13T22:46:33,7,5,0,12
2022-08-13T22:55:33,7,5,0,12
2022-08-13T23:04:34,7,5,0,12
2022-08-13T23:13:35,7,5,0,12
2022-08-13T23:22:35,7,5,0,12
2022-08-13T23:31:35,7,5,0,12
2022-08-13T23:40:35,7,5,0,12
2022-08-13T23:49:35,7,5,0,12
2022-08-13T23:58:35,7,5,0,12
2022-08-14T00:07:36,7,5,0,12
2022-08-14T00:16:39,7,5,0,12
2022-08-14T00:25:41,7,5,0,12
2022-08-14T00:34:41,7,5,0,12
2022-08-14T00:43:41,7,5,0,12
2022-08-14T00:52:41,7,5,0,12
2022-08-14T01:01:41,7,5,0,12
2022-08-14T01:10:41,7,5,0,12
2022-08-14T01:19:41,7,5,0,12
2022-08-14T01:28:40,7,5,0,12
2022-08-14T01:37:40,7,5,0,12
2022-08-14T01:46:40,7,5,0,12
2022-08-14T01:55:39,7,5,0,12
2022-08-14T02:04:40,7,5,0,12
2022-08-14T02:13:39,7,5,0,12
2022-08-14T02:22:41,7,5,0,12
2022-08-14T02:31:50,7,5,0,12
2022-08-14T02:40:54,7,5,0,12
2022-08-14T02:49:58,7,5,0,12
2022-08-14T02:59:21,7,5,0,12
2022-08-14T03:08:25,7,5,0,12
2022-08-14T03:17:30,7,5,0,12
2022-08-14T03:26:33,7,5,0,12
2022-08-14T03:35:36,7,5,0,12
2022-08-14T03:44:39,7,5,0,12
2022-08-14T03:53:41,7,5,0,12
2022-08-14T04:02:43,7,5,0,12
2022-08-14T04:25:44,7,5,0,12
2022-08-14T04:34:48,7,5,0,12
2022-08-14T04:43:53,7,5,0,12
2022-08-14T04:52:57,7,5,0,12
2022-08-14T05:02:01,7,5,0,12
2022-08-14T05:11:05,7,5,0,12
2022-08-14T05:20:08,7,5,0,12
2022-08-14T05:29:10,7,5,0,12
2022-08-14T05:38:14,7,5,0,12
2022-08-14T05:47:16,7,5,0,12
2022-08-14T05:56:18,7,5,0,12
2022-08-14T06:05:20,7,5,0,12
2022-08-14T06:14:23,7,5,0,12
2022-08-14T06:23:25,7,5,0,12
2022-08-14T06:32:28,7,5,0,12
2022-08-14T06:41:31,7,5,0,12
2022-08-14T06:50:33,7,5,0,12
2022-08-14T06:59:33,7,5,0,12
2022-08-14T07:08:33,7,5,0,12
2022-08-14T07:17:34,7,5,0,12
2022-08-14T07:26:34,7,5,0,12
2022-08-14T07:35:34,7,5,0,12
2022-08-14T07:44:35,7,5,0,12
2022-08-14T07:53:36,7,5,0,12
2022-08-14T08:02:36,7,5,0,12
2022-08-14T08:11:35,7,5,0,12
2022-08-14T08:20:35,7,5,0,12
2022-08-14T08:29:37,7,5,0,12
2022-08-14T08:38:37,7,5,0,12
2022-08-14T08:47:37,7,5,0,12
2022-08-14T08:56:37,7,5,0,12
2022-08-14T09:05:37,7,5,0,12
2022-08-14T09:14:37,7,5,0,12
2022-08-14T09:23:37,7,5,0,12
2022-08-14T09:32:36,7,5,0,12
2022-08-14T09:41:36,7,5,0,12
2022-08-14T09:50:37,7,5,0,12
2022-08-14T09:59:37,7,5,0,12
2022-08-14T10:08:37,7,5,0,12
2022-08-14T10:17:38,7,5,0,12
2022-08-14T10:26:38,7,5,0,12
2022-08-14T10:35:38,7,5,0,12
2022-08-14T10:44:38,7,5,0,12
2022-08-14T10:53:38,7,5,0,12
2022-08-14T11:02:39,7,5,0,12
2022-08-14T11:11:40,7,5,0,12
2022-08-14T11:20:40,7,5,0,12
2022-08-14T11:29:41,7,5,0,12
2022-08-14T11:38:41,7,5,0,12
2022-08-14T11:47:42,7,5,0,12
2022-08-14T11:56:41,7,5,0,12
2022-08-14T12:05:42,7,5,0,12
2022-08-14T12:14:42,7,5,0,12
2022-08-14T12:23:42,7,5,0,12
2022-08-14T12:32:43,7,5,0,12
2022-08-14T12:41:42,7,5,0,12
2022-08-14T12:50:42,7,5,0,12
2022-08-14T12:59:43,7,5,0,12
2022-08-14T13:08:43,7,5,0,12
2022-08-14T13:17:43,7,5,0,12
2022-08-14T13:26:43,7,5,0,12
2022-08-14T13:35:43,7,5,0,12
2022-08-14T13:44:43,7,5,0,12
2022-08-14T13:53:43,7,5,0,12
2022-08-14T14:02:43,7,5,0,12
2022-08-14T14:11:43,7,5,0,12
2022-08-14T14:20:43,7,5,0,12
2022-08-14T14:29:44,7,5,0,12
2022-08-14T14:38:43,7,5,0,12
2022-08-14T14:47:43,7,5,0,12
2022-08-14T14:56:44,7,5,0,12
2022-08-14T15:05:44,7,5,0,12
2022-08-14T15:14:44,7,5,0,12
2022-08-14T15:23:44,7,5,0,12
2022-08-14T15:32:43,7,5,0,12
2022-08-14T15:41:43,7,5,0,12
2022-08-14T15:50:43,7,5,0,12
2022-08-14T15:59:43,7,5,0,12
2022-08-14T16:08:44,7,5,0,12
2022-08-14T16:17:44,7,5,0,12
2022-08-14T16:26:45,7,5,0,12
2022-08-14T16:35:45,7,5,0,12
2022-08-14T16:44:46,7,5,0,12
2022-08-14T16:53:46,7,5,0,12
2022-08-14T17:02:45,7,5,0,12
2022-08-14T17:11:46,7,5,0,12
2022-08-14T17:20:46,7,5,0,12
2022-08-14T17:29:46,7,5,0,12
2022-08-14T17:38:45,7,5,0,12
2022-08-14T17:47:45,7,5,0,12
2022-08-14T17:56:45,7,5,0,12
2022-08-14T18:05:45,7,5,0,12
2022-08-14T18:14:45,7,5,0,12
2022-08-14T18:23:45,7,5,0,12
2022-08-14T18:32:46,7,5,0,12
2022-08-14T18:41:46,7,5,0,12
2022-08-14T18:50:46,7,5,0,12
2022-08-14T18:59:46,7,5,0,12
2022-08-14T19:08:48,7,5,0,12
2022-08-14T19:17:49,7,5,0,12
2022-08-14T19:26:50,7,5,0,12
2022-08-14T19:35:49,7,5,0,12
2022-08-14T19:44:52,7,5,0,12
2022-08-14T19:53:52,7,5,0,12
2022-08-14T20:02:52,7,5,0,12
2022-08-14T20:11:52,7,5,0,12
2022-08-14T20:20:52,7,5,0,12
2022-08-14T20:29:52,7,5,0,12
2022-08-14T20:38:52,7,5,0,12
2022-08-14T20:47:52,7,5,0,12
2022-08-14T20:56:52,7,5,0,12
2022-08-14T21:05:53,7,5,0,12
2022-08-14T21:14:53,7,5,0,12
2022-08-14T21:23:54,7,5,0,12
2022-08-14T21:32:54,7,5,0,12
2022-08-14T21:41:55,7,5,0,12
2022-08-14T21:50:55,7,5,0,12
2022-08-14T21:59:55,7,5,0,12
2022-08-14T22:08:55,7,5,0,12
2022-08-14T22:17:55,7,5,0,12
2022-08-14T22:26:55,7,5,0,12
2022-08-14T22:35:56,7,5,0,12
2022-08-14T22:45:04,7,5,0,12
2022-08-14T22:54:04,7,5,0,12
2022-08-14T23:03:05,7,5,0,12
2022-08-14T23:12:07,7,5,0,12
2022-08-14T23:21:07,7,5,0,12
2022-08-14T23:30:09,7,5,0,12
2022-08-14T23:39:09,7,5,0,12
2022-08-14T23:48:10,7,5,0,12
2022-08-14T23:57:11,7,5,0,12
2022-08-15T00:06:12,7,5,0,12
2022-08-15T00:15:17,7,5,0,12
2022-08-15T00:24:19,7,5,0,12
2022-08-15T00:33:21,7,5,0,12
2022-08-15T00:42:24,7,5,0,12
2022-08-15T00:51:26,7,5,0,12
2022-08-15T01:00:27,7,5,0,12
2022-08-15T01:09:33,7,5,0,12
2022-08-15T01:18:36,7,5,0,12
2022-08-15T01:27:39,7,5,0,12
2022-08-15T01:36:43,7,5,0,12
2022-08-15T01:45:44,7,5,0,12
2022-08-15T01:54:46,7,5,0,12
2022-08-15T02:03:59,7,5,0,12
2022-08-15T02:13:01,7,5,0,12
2022-08-15T02:22:03,7,5,0,12
2022-08-15T02:31:05,7,5,0,12
2022-08-15T02:40:06,7,5,0,12
2022-08-15T02:49:08,7,5,0,12
2022-08-15T02:58:09,7,5,0,12
2022-08-15T03:07:10,7,5,0,12
2022-08-15T03:16:11,7,5,0,12
2022-08-15T03:25:11,7,5,0,12
2022-08-15T03:34:12,7,5,0,12
2022-08-15T03:43:15,7,5,0,12
2022-08-15T03:52:19,7,5,0,12
2022-08-15T04:01:22,7,5,0,12
2022-08-15T04:10:25,7,5,0,12
2022-08-15T04:28:16,7,5,0,12
2022-08-15T04:37:41,7,5,0,12
2022-08-15T04:46:45,7,5,0,12
2022-08-15T04:55:47,7,5,0,12
2022-08-15T05:04:51,7,5,0,12
2022-08-15T05:13:54,7,5,0,12
2022-08-15T05:22:58,7,5,0,12
2022-08-15T05:33:07,7,5,0,12
2022-08-15T05:42:26,7,5,0,12
2022-08-15T05:51:27,7,5,0,12
2022-08-15T06:00:29,7,5,0,12
2022-08-15T06:09:33,7,5,0,12
2022-08-15T06:18:35,7,5,0,12
2022-08-15T06:27:37,7,5,0,12
2022-08-15T06:36:39,7,5,0,12
2022-08-15T06:45:40,7,5,0,12
2022-08-15T06:54:41,7,5,0,12
2022-08-15T07:03:42,7,5,0,12
2022-08-15T07:12:43,7,5,0,12
2022-08-15T07:21:44,7,5,0,12
2022-08-15T07:30:45,7,5,0,12
2022-08-15T07:39:46,7,5,0,12
2022-08-15T07:48:48,7,5,0,12
2022-08-15T07:57:50,7,5,0,12
2022-08-15T08:06:51,7,5,0,12
2022-08-15T08:15:52,7,5,0,12
2022-08-15T08:24:54,7,5,0,12
2022-08-15T08:33:56,7,5,0,12
2022-08-15T08:42:57,7,5,0,12
2022-08-15T08:51:58,7,5,0,12
2022-08-15T09:01:00,7,5,0,12
2022-08-15T09:10:01,7,5,0,12
2022-08-15T09:19:03,7,5,0,12
2022-08-15T09:28:05,7,5,0,12
2022-08-15T09:37:10,7,5,0,12
2022-08-15T09:46:13,7,5,0,12
2022-08-15T09:55:15,7,5,0,12
2022-08-15T10:04:19,7,5,0,12
2022-08-15T10:13:22,7,5,0,12
2022-08-15T10:22:25,7,5,0,12
2022-08-15T10:31:35,7,5,0,12
2022-08-15T10:40:37,7,5,0,12
2022-08-15T10:49:40,7,5,0,12
2022-08-15T10:58:42,7,5,0,12
2022-08-15T11:07:44,7,5,0,12
2022-08-15T11:16:48,7,5,0,12
2022-08-15T11:25:50,7,5,0,12
2022-08-15T11:34:52,7,5,0,12
2022-08-15T11:43:55,7,5,0,12
2022-08-15T11:53:10,7,5,0,12
2022-08-15T12:02:14,7,5,0,12
2022-08-15T12:11:17,7,5,0,12
2022-08-15T12:20:28,7,5,0,12
2022-08-15T12:29:31,7,5,0,12
2022-08-15T12:38:34,7,5,0,12
2022-08-15T12:47:36,7,5,0,12
2022-08-15T12:56:38,7,5,0,12
2022-08-15T13:05:50,7,5,0,12
2022-08-15T13:14:52,7,5,0,12
2022-08-15T13:23:54,7,5,0,12
2022-08-15T13:32:57,7,5,0,12
2022-08-15T13:42:00,7,5,0,12
2022-08-15T13:51:04,7,5,0,12
2022-08-15T14:00:06,7,5,0,12
2022-08-15T14:09:20,7,5,0,12
2022-08-15T14:18:23,7,5,0,12
2022-08-15T14:27:27,7,5,0,12
2022-08-15T14:36:29,7,5,0,12
2022-08-15T14:45:31,7,5,0,12
2022-08-15T14:54:34,7,5,0,12
2022-08-15T15:03:37,7,5,0,12
2022-08-15T15:12:39,7,5,0,12
2022-08-15T15:21:41,7,5,0,12
2022-08-15T15:30:54,7,5,0,12
2022-08-15T15:39:57,7,5,0,12
2022-08-15T15:48:59,7,5,0,12
2022-08-15T15:58:01,7,5,0,12
2022-08-15T16:07:09,7,5,0,12
2022-08-15T16:16:17,7,5,0,12
2022-08-15T16:25:20,7,5,0,12
2022-08-15T16:34:22,7,5,0,12
2022-08-15T16:43:24,7,5,0,12
2022-08-15T16:52:36,7,5,0,12
2022-08-15T17:01:37,7,5,0,12
2022-08-15T17:10:40,7,5,0,12
2022-08-15T17:19:42,7,5,0,12
2022-08-15T17:28:43,7,5,0,12
2022-08-15T17:37:44,7,5,0,12
2022-08-15T17:46:46,7,5,0,12
2022-08-15T17:55:46,7,5,0,12
2022-08-15T18:04:48,7,5,0,12
2022-08-15T18:13:59,7,5,0,12
2022-08-15T18:23:00,7,5,0,12
2022-08-15T18:32:02,7,5,0,12
2022-08-15T18:41:03,7,5,0,12
2022-08-15T18:50:04,7,5,0,12
2022-08-15T18:59:05,7,5,0,12
2022-08-15T19:08:07,7,5,0,12
2022-08-15T19:17:08,7,5,0,12
2022-08-15T19:26:09,7,5,0,12
2022-08-15T19:35:20,7,5,0,12
2022-08-15T19:44:21,7,5,0,12
2022-08-15T19:53:23,7,5,0,12
2022-08-15T20:02:24,7,5,0,12
2022-08-15T20:11:25,7,5,0,12
2022-08-15T20:20:26,7,5,0,12
2022-08-15T20:29:28,7,5,0,12
2022-08-15T20:38:29,7,5,0,12
2022-08-15T20:47:30,7,5,0,12
2022-08-15T20:56:31,7,5,0,12
2022-08-15T21:05:33,7,5,0,12
2022-08-15T21:14:34,7,5,0,12
2022-08-15T21:23:44,7,5,0,12
2022-08-15T21:32:45,7,5,0,12
2022-08-15T21:41:47,7,5,0,12
2022-08-15T21:50:48,7,5,0,12
2022-08-15T21:59:49,7,5,0,12
2022-08-15T22:08:51,7,5,0,12
2022-08-15T22:17:53,7,5,0,12
2022-08-15T22:26:53,7,5,0,12
2022-08-15T22:35:54,7,5,0,12
2022-08-15T22:44:56,7,5,0,12
2022-08-15T22:54:06,7,5,0,12
2022-08-15T23:03:07,7,5,0,12
2022-08-15T23:12:09,7,5,0,12
2022-08-15T23:21:11,7,5,0,12
2022-08-15T23:30:11,7,5,0,12
2022-08-15T23:39:12,7,5,0,12
2022-08-15T23:48:13,7,5,0,12
2022-08-15T23:57:14,7,5,0,12
2022-08-16T00:06:16,7,5,0,12
2022-08-16T00:15:21,7,5,0,12
2022-08-16T00:24:27,7,5,0,12
2022-08-16T00:33:31,7,5,0,12
2022-08-16T00:42:45,7,5,0,12
2022-08-16T00:51:49,7,5,0,12
2022-08-16T01:00:53,7,5,0,12
2022-08-16T01:09:55,7,5,0,12
2022-08-16T01:18:57,7,5,0,12
2022-08-16T01:28:00,7,5,0,12
2022-08-16T01:37:03,7,5,0,12
2022-08-16T01:46:04,7,5,0,12
2022-08-16T01:55:07,7,5,0,12
2022-08-16T02:04:09,7,5,0,12
2022-08-16T02:13:11,7,5,0,12
2022-08-16T02:22:11,7,5,0,12
2022-08-16T02:31:11,7,5,0,12
2022-08-16T02:40:12,7,5,0,12
2022-08-16T02:49:12,7,5,0,12
2022-08-16T02:58:12,7,5,0,12
2022-08-16T03:07:13,7,5,0,12
2022-08-16T03:16:13,7,5,0,12
2022-08-16T03:25:13,7,5,0,12
2022-08-16T03:34:13,7,5,0,12
2022-08-16T03:43:15,7,5,0,12
2022-08-16T03:54:04,7,5,0,12
2022-08-16T04:03:07,7,5,0,12
2022-08-16T04:12:10,7,5,0,12
2022-08-16T04:26:37,7,5,0,12
2022-08-16T04:36:01,7,5,0,12
2022-08-16T04:45:05,7,5,0,12
2022-08-16T04:54:11,7,5,0,12
2022-08-16T05:03:14,7,5,0,12
2022-08-16T05:12:19,7,5,0,12
2022-08-16T05:21:31,7,5,0,12
2022-08-16T05:30:34,7,5,0,12
2022-08-16T05:39:37,7,5,0,12
2022-08-16T05:48:40,7,5,0,12
2022-08-16T05:57:43,7,5,0,12
2022-08-16T06:06:47,7,5,0,12
2022-08-16T06:15:49,7,5,0,12
2022-08-16T06:24:52,7,5,0,12
2022-08-16T06:33:55,7,5,0,12
2022-08-16T06:42:57,7,5,0,12
2022-08-16T06:51:58,7,5,0,12
2022-08-16T07:01:00,7,5,0,12
2022-08-16T07:10:05,7,5,0,12
2022-08-16T07:19:09,7,5,0,12
2022-08-16T07:28:12,7,5,0,12
2022-08-16T07:37:15,7,5,0,12
2022-08-16T07:46:19,7,5,0,12
2022-08-16T07:55:23,7,5,0,12
2022-08-16T08:04:26,7,5,0,12
2022-08-16T08:13:30,7,5,0,12
2022-08-16T08:22:35,7,5,0,12
2022-08-16T08:31:40,7,5,0,12
2022-08-16T08:40:44,7,5,0,12
2022-08-16T08:49:48,7,5,0,12
2022-08-16T08:58:54,7,5,0,12
2022-08-16T09:08:00,7,5,0,12
2022-08-16T09:17:13,7,5,0,12
2022-08-16T09:26:16,7,5,0,12
2022-08-16T09:35:20,7,5,0,12
2022-08-16T09:44:23,7,5,0,12
2022-08-16T09:53:27,7,5,0,12
2022-08-16T10:02:31,7,5,0,12
2022-08-16T10:11:35,7,5,0,12
2022-08-16T10:20:39,7,5,0,12
2022-08-16T10:29:43,7,5,0,12
2022-08-16T10:38:47,7,5,0,12
2022-08-16T10:47:52,7,5,0,12
2022-08-16T10:56:55,7,5,0,12
2022-08-16T11:06:08,7,5,0,12
2022-08-16T11:15:11,7,5,0,12
2022-08-16T11:24:15,7,5,0,12
2022-08-16T11:33:19,7,5,0,12
2022-08-16T11:42:22,7,5,0,12
2022-08-16T11:51:26,7,5,0,12
2022-08-16T12:00:29,7,5,0,12
2022-08-16T12:09:33,7,5,0,12
2022-08-16T12:18:38,7,5,0,12
2022-08-16T12:27:51,7,5,0,12
2022-08-16T12:36:55,7,5,0,12
2022-08-16T12:45:57,7,5,0,12
2022-08-16T12:55:00,7,5,0,12
2022-08-16T13:04:03,7,5,0,12
2022-08-16T13:13:06,7,5,0,12
2022-08-16T13:22:10,7,5,0,12
2022-08-16T13:31:13,7,5,0,12
2022-08-16T13:40:27,7,5,0,12
2022-08-16T13:49:30,7,5,0,12
2022-08-16T13:58:34,7,5,0,12
2022-08-16T14:07:39,7,5,0,12
2022-08-16T14:16:43,7,5,0,12
2022-08-16T14:25:47,7,5,0,12
2022-08-16T14:34:50,7,5,0,12
2022-08-16T14:43:54,7,5,0,12
2022-08-16T14:52:58,7,5,0,12
2022-08-16T15:02:12,7,5,0,12
2022-08-16T15:11:16,7,5,0,12
2022-08-16T15:20:20,7,5,0,12
2022-08-16T15:29:23,7,5,0,12
2022-08-16T15:38:27,7,5,0,12
2022-08-16T15:47:31,7,5,0,12
2022-08-16T15:56:35,7,5,0,12
2022-08-16T16:05:41,7,5,0,12
2022-08-16T16:14:44,7,5,0,12
2022-08-16T16:23:59,7,5,0,12
2022-08-16T16:33:02,7,5,0,12
2022-08-16T16:42:05,7,5,0,12
2022-08-16T16:51:08,7,5,0,12
2022-08-16T17:00:11,7,5,0,12
2022-08-16T17:09:13,7,5,0,12
2022-08-16T17:18:17,7,5,0,12
2022-08-16T17:27:19,7,5,0,12
2022-08-16T17:36:32,7,5,0,12
2022-08-16T17:45:34,7,5,0,12
2022-08-16T17:54:37,7,5,0,12
2022-08-16T18:03:39,7,5,0,12
2022-08-16T18:12:42,7,5,0,12
2022-08-16T18:21:45,7,5,0,12
2022-08-16T18:30:48,7,5,0,12
2022-08-16T18:39:51,7,5,0,12
2022-08-16T18:48:54,7,5,0,12
2022-08-16T18:57:56,7,5,0,12
2022-08-16T19:06:59,7,5,0,12
2022-08-16T19:16:12,7,5,0,12
2022-08-16T19:25:15,7,5,0,12
2022-08-16T19:34:17,7,5,0,12
2022-08-16T19:43:20,7,5,0,12
2022-08-16T19:52:22,7,5,0,12
2022-08-16T20:01:25,7,5,0,12
2022-08-16T20:10:28,7,5,0,12
2022-08-16T20:19:31,7,5,0,12
2022-08-16T20:28:33,7,5,0,12
2022-08-16T20:37:46,7,5,0,12
2022-08-16T20:46:48,7,5,0,12
2022-08-16T20:55:51,7,5,0,12
2022-08-16T21:04:54,7,5,0,12
2022-08-16T21:13:57,7,5,0,12
2022-08-16T21:23:00,7,5,0,12
2022-08-16T21:32:02,7,5,0,12
2022-08-16T21:41:04,7,5,0,12
2022-08-16T21:50:16,7,5,0,12
2022-08-16T21:59:18,7,5,0,12
2022-08-16T22:08:20,7,5,0,12
2022-08-16T22:17:23,7,5,0,12
2022-08-16T22:26:25,7,5,0,12
2022-08-16T22:35:28,7,5,0,12
2022-08-16T22:44:40,7,5,0,12
2022-08-16T22:53:42,7,5,0,12
2022-08-16T23:02:45,7,5,0,12
2022-08-16T23:11:47,7,5,0,12
2022-08-16T23:20:50,7,5,0,12
2022-08-16T23:29:53,7,5,0,12
2022-08-16T23:38:56,7,5,0,12
2022-08-16T23:47:59,7,5,0,12
2022-08-16T23:57:00,7,5,0,12
2022-08-17T00:06:04,7,5,0,12
2022-08-17T00:15:27,7,5,0,12
2022-08-17T00:24:35,7,5,0,12
2022-08-17T00:33:38,7,5,0,12
2022-08-17T00:42:42,7,5,0,12
2022-08-17T00:51:47,7,5,0,12
2022-08-17T01:00:54,7,5,0,12
2022-08-17T01:09:59,7,5,0,12
2022-08-17T01:19:03,7,5,0,12
2022-08-17T01:28:11,7,5,0,12
2022-08-17T01:37:23,7,5,0,12
2022-08-17T01:46:34,7,5,0,12
2022-08-17T01:55:55,7,5,0,12
2022-08-17T02:05:05,7,5,0,12
2022-08-17T02:14:15,7,5,0,12
2022-08-17T02:23:24,7,5,0,12
2022-08-17T02:32:33,7,5,0,12
2022-08-17T02:41:42,7,5,0,12
2022-08-17T02:50:51,7,5,0,12
2022-08-17T02:59:57,7,5,0,12
2022-08-17T03:09:02,7,5,0,12
2022-08-17T03:18:07,7,5,0,12
2022-08-17T03:27:10,7,5,0,12
2022-08-17T03:36:11,7,5,0,12
2022-08-17T03:45:14,7,5,0,12
2022-08-17T03:54:17,7,5,0,12
2022-08-17T04:05:30,7,5,0,12
2022-08-17T04:32:55,7,5,0,12
2022-08-17T04:42:23,7,5,0,12
2022-08-17T04:51:28,7,5,0,12
2022-08-17T05:00:34,7,5,0,12
2022-08-17T05:09:42,7,5,0,12
2022-08-17T05:18:49,7,5,0,12
2022-08-17T05:27:53,7,5,0,12
2022-08-17T05:36:57,7,5,0,12
2022-08-17T05:46:00,7,5,0,12
2022-08-17T05:55:05,7,5,0,12
2022-08-17T06:04:09,7,5,0,12
2022-08-17T06:13:13,7,5,0,12
2022-08-17T06:22:17,7,5,0,12
2022-08-17T06:31:21,7,5,0,12
2022-08-17T06:40:26,7,5,0,12
2022-08-17T06:49:30,7,5,0,12
2022-08-17T06:58:34,7,5,0,12
2022-08-17T07:07:42,7,5,0,12
2022-08-17T07:16:46,7,5,0,12
2022-08-17T07:25:59,7,5,0,12
2022-08-17T07:35:04,7,5,0,12
2022-08-17T07:44:09,7,5,0,12
2022-08-17T07:53:13,7,5,0,12
2022-08-17T08:02:19,7,5,0,12
2022-08-17T08:11:23,7,5,0,12
2022-08-17T08:20:28,7,5,0,12
2022-08-17T08:29:33,7,5,0,12
2022-08-17T08:38:37,7,5,0,12
2022-08-17T08:47:41,7,5,0,12
2022-08-17T08:56:46,7,5,0,12
2022-08-17T09:06:03,7,5,0,12
2022-08-17T09:15:09,7,5,0,12
2022-08-17T09:24:15,7,5,0,12
2022-08-17T09:33:20,7,5,0,12
2022-08-17T09:42:26,7,5,0,12
2022-08-17T09:51:30,7,5,0,12
2022-08-17T10:00:46,7,5,0,12
2022-08-17T10:09:51,7,5,0,12
2022-08-17T10:18:57,7,5,0,12
2022-08-17T10:28:04,7,5,0,12
2022-08-17T10:37:13,7,5,0,12
2022-08-17T10:46:19,7,5,0,12
2022-08-17T10:55:37,7,5,0,12
2022-08-17T11:04:44,7,5,0,12
2022-08-17T11:13:51,7,5,0,12
2022-08-17T11:22:57,7,5,0,12
2022-08-17T11:32:03,7,5,0,12
2022-08-17T11:41:09,7,5,0,12
2022-08-17T11:50:27,7,5,0,12
2022-08-17T11:59:32,7,5,0,12
2022-08-17T12:08:40,7,5,0,12
2022-08-17T12:17:45,7,5,0,12
2022-08-17T12:26:53,7,5,0,12
2022-08-17T12:36:01,7,5,0,12
2022-08-17T12:45:21,7,5,0,12
2022-08-17T12:54:27,7,5,0,12
2022-08-17T13:03:36,7,5,0,12
2022-08-17T13:12:44,7,5,0,12
2022-08-17T13:21:52,7,5,0,12
2022-08-17T13:30:59,7,5,0,12
2022-08-17T13:40:17,7,5,0,12
2022-08-17T13:49:25,7,5,0,12
2022-08-17T13:58:35,7,5,0,12
2022-08-17T14:07:42,7,5,0,12
2022-08-17T14:16:46,7,5,0,12
2022-08-17T14:25:50,7,5,0,12
2022-08-17T14:34:55,7,5,0,12
2022-08-17T14:44:10,7,5,0,12
2022-08-17T14:53:15,7,5,0,12
2022-08-17T15:02:19,7,5,0,12
2022-08-17T15:11:24,7,5,0,12
2022-08-17T15:20:29,7,5,0,12
2022-08-17T15:29:33,7,5,0,12
2022-08-17T15:38:38,7,5,0,12
2022-08-17T15:47:42,7,5,0,12
2022-08-17T15:56:46,7,5,0,12
2022-08-17T16:06:03,7,5,0,12
2022-08-17T16:15:06,7,5,0,12
2022-08-17T16:24:10,7,5,0,12
2022-08-17T16:33:14,7,5,0,12
2022-08-17T16:42:17,7,5,0,12
2022-08-17T16:51:20,7,5,0,12
2022-08-17T17:00:24,7,5,0,12
2022-08-17T17:09:27,7,5,0,12
2022-08-17T17:18:32,7,5,0,12
2022-08-17T17:27:34,7,5,0,12
2022-08-17T17:36:37,7,5,0,12
2022-08-17T17:45:40,7,5,0,12
2022-08-17T17:54:54,7,5,0,12
2022-08-17T18:03:57,7,5,0,12
2022-08-17T18:13:01,7,5,0,12
2022-08-17T18:22:05,7,5,0,12
2022-08-17T18:31:09,7,5,0,12
2022-08-17T18:40:13,7,5,0,12
2022-08-17T18:49:17,7,5,0,12
2022-08-17T18:58:19,7,5,0,12
2022-08-17T19:07:23,7,5,0,12
2022-08-17T19:16:25,7,5,0,12
2022-08-17T19:25:29,7,5,0,12
2022-08-17T19:34:43,7,5,0,12
2022-08-17T19:43:46,7,5,0,12
2022-08-17T19:52:48,7,5,0,12
2022-08-17T20:01:51,7,5,0,12
2022-08-17T20:10:54,7,5,0,12
2022-08-17T20:19:57,7,5,0,12
2022-08-17T20:29:00,7,5,0,12
2022-08-17T20:38:03,7,5,0,12
2022-08-17T20:47:06,7,5,0,12
2022-08-17T20:56:19,7,5,0,12
2022-08-17T21:05:22,7,5,0,12
2022-08-17T21:14:24,7,5,0,12
2022-08-17T21:23:28,7,5,0,12
2022-08-17T21:32:31,7,5,0,12
2022-08-17T21:41:34,7,5,0,12
2022-08-17T21:50:37,7,5,0,12
2022-08-17T21:59:40,7,5,0,12
2022-08-17T22:08:54,7,5,0,12
2022-08-17T22:17:57,7,5,0,12
2022-08-17T22:27:01,7,5,0,12
2022-08-17T22:36:04,7,5,0,12
2022-08-17T22:45:07,7,5,0,12
2022-08-17T22:54:10,7,5,0,12
2022-08-17T23:03:13,7,5,0,12
2022-08-17T23:12:17,7,5,0,12
2022-08-17T23:21:31,7,5,0,12
2022-08-17T23:30:34,7,5,0,12
2022-08-17T23:39:38,7,5,0,12
2022-08-17T23:48:41,7,5,0,12
2022-08-17T23:57:44,7,5,0,12
2022-08-18T00:06:50,7,5,0,12
2022-08-18T00:15:58,7,5,0,12
2022-08-18T00:25:03,7,5,0,12
2022-08-18T00:34:17,7,5,0,12
2022-08-18T00:43:22,7,5,0,12
2022-08-18T00:52:26,7,5,0,12
2022-08-18T01:01:30,7,5,0,12
2022-08-18T01:10:34,7,5,0,12
2022-08-18T01:19:38,7,5,0,12
2022-08-18T01:28:42,7,5,0,12
2022-08-18T01:37:48,7,5,0,12
2022-08-18T01:46:51,7,5,0,12
2022-08-18T01:55:55,7,5,0,12
2022-08-18T02:05:11,7,5,0,12
2022-08-18T02:14:14,7,5,0,12
2022-08-18T02:23:17,7,5,0,12
2022-08-18T02:32:20,7,5,0,12
2022-08-18T02:41:23,7,5,0,12
2022-08-18T02:50:25,7,5,0,12
2022-08-18T02:59:27,7,5,0,12
2022-08-18T03:08:29,7,5,0,12
2022-08-18T03:17:31,7,5,0,12
2022-08-18T03:26:34,7,5,0,12
2022-08-18T03:35:36,7,5,0,12
2022-08-18T03:44:40,7,5,0,12
2022-08-18T03:53:44,7,5,0,12
2022-08-18T04:02:47,7,5,0,12
2022-08-18T04:11:51,7,5,0,12
2022-08-18T04:28:27,7,5,0,12
2022-08-18T04:37:57,7,5,0,12
2022-08-18T04:47:02,7,5,0,12
2022-08-18T04:56:07,7,5,0,12
2022-08-18T05:05:11,7,5,0,12
2022-08-18T05:14:14,7,5,0,12
2022-08-18T05:23:21,7,5,0,12
2022-08-18T05:32:33,7,5,0,12
2022-08-18T05:41:39,7,5,0,12
2022-08-18T05:50:44,7,5,0,12
2022-08-18T05:59:49,7,5,0,12
2022-08-18T06:08:53,7,5,0,12
2022-08-18T06:17:58,7,5,0,12
2022-08-18T06:27:04,7,5,0,12
2022-08-18T06:36:10,7,5,0,12
2022-08-18T06:45:18,7,5,0,12
2022-08-18T06:54:22,7,5,0,12
2022-08-18T07:03:28,7,5,0,12
2022-08-18T07:12:33,7,5,0,12
2022-08-18T07:21:39,7,5,0,12
2022-08-18T07:30:44,7,5,0,12
2022-08-18T07:39:49,7,5,0,12
2022-08-18T07:48:53,7,5,0,12
2022-08-18T07:57:59,7,5,0,12
2022-08-18T08:07:07,7,5,0,12
2022-08-18T08:16:15,7,5,0,12
2022-08-18T08:25:21,7,5,0,12
2022-08-18T08:34:29,7,5,0,12
2022-08-18T08:43:48,7,5,0,12
2022-08-18T08:52:54,7,5,0,12
2022-08-18T09:02:03,7,5,0,12
2022-08-18T09:11:10,7,5,0,12
2022-08-18T09:20:17,7,5,0,12
2022-08-18T09:29:23,7,5,0,12
2022-08-18T09:38:30,7,5,0,12
2022-08-18T09:47:47,7,5,0,12
2022-08-18T09:56:56,7,5,0,12
2022-08-18T10:06:04,7,5,0,12
2022-08-18T10:15:13,7,5,0,12
2022-08-18T10:24:22,7,5,0,12
2022-08-18T10:33:31,7,5,0,12
2022-08-18T10:42:49,7,5,0,12
2022-08-18T10:51:58,7,5,0,12
2022-08-18T11:01:06,7,5,0,12
2022-08-18T11:10:15,7,5,0,12
2022-08-18T11:19:24,7,5,0,12
2022-08-18T11:28:33,7,5,0,12
2022-08-18T11:37:53,7,5,0,12
2022-08-18T11:47:03,7,5,0,12
2022-08-18T11:56:13,7,5,0,12
2022-08-18T12:05:22,7,5,0,12
2022-08-18T12:14:31,7,5,0,12
2022-08-18T12:23:52,7,5,0,12
2022-08-18T12:33:01,7,5,0,12
2022-08-18T12:42:08,7,5,0,12
2022-08-18T12:51:16,7,5,0,12
2022-08-18T13:00:23,7,5,0,12
2022-08-18T13:09:32,7,5,0,12
2022-08-18T13:18:40,7,5,0,12
2022-08-18T13:27:57,7,5,0,12
2022-08-18T13:37:06,7,5,0,12
2022-08-18T13:46:16,7,5,0,12
2022-08-18T13:55:25,7,5,0,12
2022-08-18T14:04:35,7,5,0,12
2022-08-18T14:13:57,7,5,0,12
2022-08-18T14:23:07,7,5,0,12
2022-08-18T14:32:18,7,5,0,12
2022-08-18T14:41:27,7,5,0,12
2022-08-18T14:50:36,7,5,0,12
2022-08-18T14:59:43,7,5,0,12
2022-08-18T15:08:53,7,5,0,12
2022-08-18T15:18:16,7,5,0,12
2022-08-18T15:27:26,7,5,0,12
2022-08-18T15:36:35,7,5,0,12
2022-08-18T15:45:44,7,5,0,12
2022-08-18T15:54:54,7,5,0,12
2022-08-18T16:04:15,7,5,0,12
2022-08-18T16:13:23,7,5,0,12
2022-08-18T16:22:32,7,5,0,12
2022-08-18T16:31:42,7,5,0,12
2022-08-18T16:41:02,7,5,0,12
2022-08-18T16:50:12,7,5,0,12
2022-08-18T16:59:21,7,5,0,12
2022-08-18T17:08:32,7,5,0,12
2022-08-18T17:17:42,7,5,0,12
2022-08-18T17:26:50,7,5,0,12
2022-08-18T17:36:08,7,5,0,12
2022-08-18T17:45:15,7,5,0,12
2022-08-18T17:54:22,7,5,0,12
2022-08-18T18:03:32,7,5,0,12
2022-08-18T18:12:41,7,5,0,12
2022-08-18T18:21:48,7,5,0,12
2022-08-18T18:30:57,7,5,0,12
2022-08-18T18:40:16,7,5,0,12
2022-08-18T18:49:20,7,5,0,12
2022-08-18T18:58:27,7,5,0,12
2022-08-18T19:07:34,7,5,0,12
2022-08-18T19:16:39,7,5,0,12
2022-08-18T19:25:48,7,5,0,12
2022-08-18T19:35:04,7,5,0,12
2022-08-18T19:44:09,7,5,0,12
2022-08-18T19:53:12,7,5,0,12
2022-08-18T20:02:16,7,5,0,12
2022-08-18T20:11:19,7,5,0,12
2022-08-18T20:20:22,7,5,0,12
2022-08-18T20:29:26,7,5,0,12
2022-08-18T20:38:32,7,5,0,12
2022-08-18T20:47:36,7,5,0,12
2022-08-18T20:56:50,7,5,0,12
2022-08-18T21:05:53,7,5,0,12
2022-08-18T21:14:57,7,5,0,12
2022-08-18T21:24:00,7,5,0,12
2022-08-18T21:33:03,7,5,0,12
2022-08-18T21:42:06,7,5,0,12
2022-08-18T21:51:09,7,5,0,12
2022-08-18T22:00:12,7,5,0,12
2022-08-18T22:09:27,7,5,0,12
2022-08-18T22:18:30,7,5,0,12
2022-08-18T22:27:34,7,5,0,12
2022-08-18T22:36:37,7,5,0,12
2022-08-18T22:45:40,7,5,0,12
2022-08-18T22:54:43,7,5,0,12
2022-08-18T23:03:48,7,5,0,12
2022-08-18T23:12:54,7,5,0,12
2022-08-18T23:22:06,7,5,0,12
2022-08-18T23:31:23,7,5,0,12
2022-08-18T23:40:47,7,5,0,12
2022-08-18T23:50:06,7,5,0,12
2022-08-18T23:59:24,7,5,0,12
2022-08-19T00:08:44,7,5,0,12
2022-08-19T00:18:06,7,5,0,12
2022-08-19T00:27:33,7,5,0,12
2022-08-19T00:36:59,7,5,0,12
2022-08-19T00:46:20,7,5,0,12
2022-08-19T00:55:40,7,5,0,12
2022-08-19T01:04:58,7,5,0,12
2022-08-19T01:14:16,7,5,0,12
2022-08-19T01:23:33,7,5,0,12
2022-08-19T01:32:51,7,5,0,12
2022-08-19T01:42:10,7,5,0,12
2022-08-19T01:51:26,7,5,0,12
2022-08-19T02:00:38,7,5,0,12
2022-08-19T02:09:44,7,5,0,12
2022-08-19T02:18:51,7,5,0,12
2022-08-19T02:28:08,7,5,0,12
2022-08-19T02:37:13,7,5,0,12
2022-08-19T02:46:18,7,5,0,12
2022-08-19T02:55:32,7,5,0,12
2022-08-19T03:04:37,7,5,0,12
2022-08-19T03:13:41,7,5,0,12
2022-08-19T03:22:43,7,5,0,12
2022-08-19T03:31:47,7,5,0,12
2022-08-19T03:40:51,7,5,0,12
2022-08-19T03:51:56,7,5,0,12
2022-08-19T04:01:23,7,5,0,12
2022-08-19T04:10:28,7,5,0,12
2022-08-19T04:24:25,7,5,0,12
2022-08-19T04:33:54,7,5,0,12
2022-08-19T04:43:02,7,5,0,12
2022-08-19T04:52:08,7,5,0,12
2022-08-19T05:01:14,7,5,0,12
2022-08-19T05:10:20,7,5,0,12
2022-08-19T05:19:26,7,5,0,12
2022-08-19T05:28:31,7,5,0,12
2022-08-19T05:37:37,7,5,0,12
2022-08-19T05:46:43,7,5,0,12
2022-08-19T05:55:51,7,5,0,12
2022-08-19T06:04:58,7,5,0,12
2022-08-19T06:14:04,7,5,0,12
2022-08-19T06:23:08,7,5,0,12
2022-08-19T06:32:14,7,5,0,12
2022-08-19T06:41:18,7,5,0,12
2022-08-19T06:50:22,7,5,0,12
2022-08-19T06:59:25,7,5,0,12
2022-08-19T07:08:32,7,5,0,12
2022-08-19T07:17:35,7,5,0,12
2022-08-19T07:26:38,7,5,0,12
2022-08-19T07:35:42,7,5,0,12
2022-08-19T07:44:45,7,5,0,12
2022-08-19T07:53:49,7,5,0,12
2022-08-19T08:02:53,7,5,0,12
2022-08-19T08:11:57,7,5,0,12
2022-08-19T08:21:09,7,5,0,12
2022-08-19T08:30:14,7,5,0,12
2022-08-19T08:39:17,7,5,0,12
2022-08-19T08:48:21,7,5,0,12
2022-08-19T08:57:25,7,5,0,12
2022-08-19T09:06:30,7,5,0,12
2022-08-19T09:15:34,7,5,0,12
2022-08-19T09:24:38,7,5,0,12
2022-08-19T09:33:42,7,5,0,12
2022-08-19T09:42:46,7,5,0,12
2022-08-19T09:51:51,7,5,0,12
2022-08-19T10:01:06,7,5,0,12
2022-08-19T10:10:12,7,5,0,12
2022-08-19T10:19:17,7,5,0,12
2022-08-19T10:28:21,7,5,0,12
2022-08-19T10:37:27,7,5,0,12
2022-08-19T10:46:31,7,5,0,12
2022-08-19T10:55:35,7,5,0,12
2022-08-19T11:04:40,7,5,0,12
2022-08-19T11:13:45,7,5,0,12
2022-08-19T11:22:49,7,5,0,12
2022-08-19T11:32:04,7,5,0,12
2022-08-19T11:41:09,7,5,0,12
2022-08-19T11:50:12,7,5,0,12
2022-08-19T11:59:17,7,5,0,12
2022-08-19T12:08:22,7,5,0,12
2022-08-19T12:17:35,7,5,0,12
2022-08-19T12:26:40,7,5,0,12
2022-08-19T12:35:44,7,5,0,12
2022-08-19T12:44:49,7,5,0,12
2022-08-19T12:53:53,7,5,0,12
2022-08-19T13:02:57,7,5,0,12
2022-08-19T13:12:11,7,5,0,12
2022-08-19T13:21:15,7,5,0,12
2022-08-19T13:30:20,7,5,0,12
2022-08-19T13:39:24,7,5,0,12
2022-08-19T13:48:29,7,5,0,12
2022-08-19T13:57:33,7,5,0,12
2022-08-19T14:06:38,7,5,0,12
2022-08-19T14:15:43,7,5,0,12
2022-08-19T14:24:48,7,5,0,12
2022-08-19T14:33:53,7,5,0,12
2022-08-19T14:43:08,7,5,0,12
2022-08-19T14:52:13,7,5,0,12
2022-08-19T15:01:19,7,5,0,12
2022-08-19T15:10:23,7,5,0,12
2022-08-19T15:19:28,7,5,0,12
2022-08-19T15:28:32,7,5,0,12
2022-08-19T15:37:37,7,5,0,12
2022-08-19T15:46:42,7,5,0,12
2022-08-19T15:55:57,7,5,0,12
2022-08-19T16:05:02,7,5,0,12
2022-08-19T16:14:06,7,5,0,12
2022-08-19T16:23:11,7,5,0,12
2022-08-19T16:32:15,7,5,0,12
2022-08-19T16:41:19,7,5,0,12
2022-08-19T16:50:24,7,5,0,12
2022-08-19T16:59:28,7,5,0,12
2022-08-19T17:08:32,7,5,0,12
2022-08-19T17:17:36,7,5,0,12
2022-08-19T17:26:50,7,5,0,12
2022-08-19T17:35:54,7,5,0,12
2022-08-19T17:44:57,7,5,0,12
2022-08-19T17:54:00,7,5,0,12
2022-08-19T18:03:04,7,5,0,12
2022-08-19T18:12:08,7,5,0,12
2022-08-19T18:21:12,7,5,0,12
2022-08-19T18:30:16,7,5,0,12
2022-08-19T18:39:19,7,5,0,12
2022-08-19T18:48:22,7,5,0,12
2022-08-19T18:57:26,7,5,0,12
2022-08-19T19:06:29,7,5,0,12
2022-08-19T19:15:33,7,5,0,12
2022-08-19T19:24:36,7,5,0,12
2022-08-19T19:33:50,7,5,0,12
2022-08-19T19:42:53,7,5,0,12
2022-08-19T19:51:58,7,5,0,12
2022-08-19T20:01:01,7,5,0,12
2022-08-19T20:10:04,7,5,0,12
2022-08-19T20:19:07,7,5,0,12
2022-08-19T20:28:10,7,5,0,12
2022-08-19T20:37:13,7,5,0,12
2022-08-19T20:46:16,7,5,0,12
2022-08-19T20:55:19,7,5,0,12
2022-08-19T21:04:22,7,5,0,12
2022-08-19T21:13:36,7,5,0,12
2022-08-19T21:22:39,7,5,0,12
2022-08-19T21:31:42,7,5,0,12
2022-08-19T21:40:45,7,5,0,12
2022-08-19T21:49:48,7,5,0,12
2022-08-19T21:58:50,7,5,0,12
2022-08-19T22:07:54,7,5,0,12
2022-08-19T22:16:58,7,5,0,12
2022-08-19T22:26:01,7,5,0,12
2022-08-19T22:35:04,7,5,0,12
2022-08-19T22:44:06,7,5,0,12
2022-08-19T22:53:09,7,5,0,12
2022-08-19T23:02:12,7,5,0,12
2022-08-19T23:11:15,7,5,0,12
2022-08-19T23:20:19,7,5,0,12
2022-08-19T23:29:22,7,5,0,12
2022-08-19T23:38:36,7,5,0,12
2022-08-19T23:47:39,7,5,0,12
2022-08-19T23:56:42,7,5,0,12
2022-08-20T00:05:46,7,5,0,12
2022-08-20T00:14:52,7,5,0,12
2022-08-20T00:23:57,7,5,0,12
2022-08-20T00:33:02,7,5,0,12
2022-08-20T00:42:07,7,5,0,12
2022-08-20T00:51:13,7,5,0,12
2022-08-20T01:00:19,7,5,0,12
2022-08-20T01:09:24,7,5,0,12
2022-08-20T01:18:29,7,5,0,12
2022-08-20T01:27:34,7,5,0,12
2022-08-20T01:36:40,7,5,0,12
2022-08-20T01:45:45,7,5,0,12
2022-08-20T01:54:49,7,5,0,12
2022-08-20T02:03:54,7,5,0,12
2022-08-20T02:12:57,7,5,0,12
2022-08-20T02:22:00,7,5,0,12
2022-08-20T02:31:03,7,5,0,12
2022-08-20T02:40:06,7,5,0,12
2022-08-20T02:49:08,7,5,0,12
2022-08-20T02:58:12,7,5,0,12
2022-08-20T03:07:14,7,5,0,12
2022-08-20T03:16:16,7,5,0,12
2022-08-20T03:25:29,7,5,0,12
2022-08-20T03:34:32,7,5,0,12
2022-08-20T03:43:35,7,5,0,12
2022-08-20T03:52:40,7,5,0,12
2022-08-20T04:01:44,7,5,0,12
2022-08-20T04:19:59,7,5,0,12
2022-08-20T04:29:29,7,5,0,12
2022-08-20T04:38:36,7,5,0,12
2022-08-20T04:47:41,7,5,0,12
2022-08-20T04:56:49,7,5,0,12
2022-08-20T05:06:02,7,5,0,12
2022-08-20T05:15:08,7,5,0,12
2022-08-20T05:24:15,7,5,0,12
2022-08-20T05:33:21,7,5,0,12
2022-08-20T05:42:27,7,5,0,12
2022-08-20T05:51:33,7,5,0,12
2022-08-20T06:00:39,7,5,0,12
2022-08-20T06:09:44,7,5,0,12
2022-08-20T06:18:49,7,5,0,12
2022-08-20T06:27:54,7,5,0,12
2022-08-20T06:36:59,7,5,0,12
2022-08-20T06:46:04,7,5,0,12
2022-08-20T06:55:09,7,5,0,12
2022-08-20T07:04:16,7,5,0,12
2022-08-20T07:13:21,7,5,0,12
2022-08-20T07:22:26,7,5,0,12
2022-08-20T07:31:31,7,5,0,12
2022-08-20T07:40:36,7,5,0,12
2022-08-20T07:49:45,7,5,0,12
2022-08-20T07:58:49,7,5,0,12
2022-08-20T08:07:55,7,5,0,12
2022-08-20T08:16:59,7,5,0,12
2022-08-20T08:26:04,7,5,0,12
2022-08-20T08:35:25,7,5,0,12
2022-08-20T08:44:30,7,5,0,12
2022-08-20T08:53:36,7,5,0,12
2022-08-20T09:02:43,7,5,0,12
2022-08-20T09:11:49,7,5,0,12
2022-08-20T09:20:56,7,5,0,12
2022-08-20T09:30:06,7,5,0,12
2022-08-20T09:39:16,7,5,0,12
2022-08-20T09:48:21,7,5,0,12
2022-08-20T09:57:25,7,5,0,12
2022-08-20T10:06:30,7,5,0,12
2022-08-20T10:15:34,7,5,0,12
2022-08-20T10:24:38,7,5,0,12
2022-08-20T10:33:42,7,5,0,12
2022-08-20T10:42:45,7,5,0,12
2022-08-20T10:51:48,7,5,0,12
2022-08-20T11:01:02,7,5,0,12
2022-08-20T11:10:04,7,5,0,12
2022-08-20T11:19:07,7,5,0,12
2022-08-20T11:28:10,7,5,0,12
2022-08-20T11:37:13,7,5,0,12
2022-08-20T11:46:15,7,5,0,12
2022-08-20T11:55:18,7,5,0,12
2022-08-20T12:04:21,7,5,0,12
2022-08-20T12:13:23,7,5,0,12
2022-08-20T12:22:26,7,5,0,12
2022-08-20T12:31:28,7,5,0,12
2022-08-20T12:40:31,7,5,0,12
2022-08-20T12:49:34,7,5,0,12
2022-08-20T12:58:38,7,5,0,12
2022-08-20T13:07:41,7,5,0,12
2022-08-20T13:16:43,7,5,0,12
2022-08-20T13:25:46,7,5,0,12
2022-08-20T13:34:58,7,5,0,12
2022-08-20T13:44:01,7,5,0,12
2022-08-20T13:53:03,7,5,0,12
2022-08-20T14:02:06,7,5,0,12
2022-08-20T14:11:08,7,5,0,12
2022-08-20T14:20:11,7,5,0,12
2022-08-20T14:29:14,7,5,0,12
2022-08-20T14:38:17,7,5,0,12
2022-08-20T14:47:20,7,5,0,12
2022-08-20T14:56:24,7,5,0,12
2022-08-20T15:05:27,7,5,0,12
2022-08-20T15:14:30,7,5,0,12
2022-08-20T15:23:33,7,5,0,12
2022-08-20T15:32:35,7,5,0,12
2022-08-20T15:41:38,7,5,0,12
2022-08-20T15:50:40,7,5,0,12
2022-08-20T15:59:43,7,5,0,12
2022-08-20T16:08:45,7,5,0,12
2022-08-20T16:17:48,7,5,0,12
2022-08-20T16:26:50,7,5,0,12
2022-08-20T16:36:03,7,5,0,12
2022-08-20T16:45:05,7,5,0,12
2022-08-20T16:54:08,7,5,0,12
2022-08-20T17:03:11,7,5,0,12
2022-08-20T17:12:14,7,5,0,12
2022-08-20T17:21:17,7,5,0,12
2022-08-20T17:30:19,7,5,0,12
2022-08-20T17:39:21,7,5,0,12
2022-08-20T17:48:23,7,5,0,12
2022-08-20T17:57:26,7,5,0,12
2022-08-20T18:06:28,7,5,0,12
2022-08-20T18:15:31,7,5,0,12
2022-08-20T18:24:34,7,5,0,12
2022-08-20T18:33:36,7,5,0,12
2022-08-20T18:42:39,7,5,0,12
2022-08-20T18:51:41,7,5,0,12
2022-08-20T19:00:44,7,5,0,12
2022-08-20T19:09:56,7,5,0,12
2022-08-20T19:18:58,7,5,0,12
2022-08-20T19:28:01,7,5,0,12
2022-08-20T19:37:03,7,5,0,12
2022-08-20T19:46:06,7,5,0,12
2022-08-20T19:55:08,7,5,0,12
2022-08-20T20:04:10,7,5,0,12
2022-08-20T20:13:14,7,5,0,12
2022-08-20T20:22:17,7,5,0,12
2022-08-20T20:31:21,7,5,0,12
2022-08-20T20:40:23,7,5,0,12
2022-08-20T20:49:25,7,5,0,12
2022-08-20T20:58:27,7,5,0,12
2022-08-20T21:07:30,7,5,0,12
2022-08-20T21:16:34,7,5,0,12
2022-08-20T21:25:37,7,5,0,12
2022-08-20T21:34:39,7,5,0,12
2022-08-20T21:43:41,7,5,0,12
2022-08-20T21:53:03,7,5,0,12
2022-08-20T22:02:06,7,5,0,12
2022-08-20T22:11:08,7,5,0,12
2022-08-20T22:20:11,7,5,0,12
2022-08-20T22:29:15,7,5,0,12
2022-08-20T22:38:18,7,5,0,12
2022-08-20T22:47:21,7,5,0,12
2022-08-20T22:56:24,7,5,0,12
2022-08-20T23:05:28,7,5,0,12
2022-08-20T23:14:31,7,5,0,12
2022-08-20T23:23:34,7,5,0,12
2022-08-20T23:32:37,7,5,0,12
2022-08-20T23:41:39,7,5,0,12
2022-08-20T23:50:42,7,5,0,12
2022-08-20T23:59:45,7,5,0,12
2022-08-21T00:08:49,7,5,0,12
2022-08-21T00:17:53,7,5,0,12
2022-08-21T00:27:07,7,5,0,12
2022-08-21T00:52:00,7,5,0,12
2022-08-21T01:01:03,7,5,0,12
2022-08-21T01:10:09,7,5,0,12
2022-08-21T01:19:14,7,5,0,12
2022-08-21T01:28:21,7,5,0,12
2022-08-21T01:37:27,7,5,0,12
2022-08-21T01:46:33,7,5,0,12
2022-08-21T01:55:37,7,5,0,12
2022-08-21T02:04:42,7,5,0,12
2022-08-21T02:13:46,7,5,0,12
2022-08-21T02:22:50,7,5,0,12
2022-08-21T02:31:55,7,5,0,12
2022-08-21T02:40:59,7,5,0,12
2022-08-21T02:50:02,7,5,0,12
2022-08-21T02:59:05,7,5,0,12
2022-08-21T03:08:09,7,5,0,12
2022-08-21T03:17:13,7,5,0,12
2022-08-21T03:26:16,7,5,0,12
2022-08-21T03:35:19,7,5,0,12
2022-08-21T03:44:24,7,5,0,12
2022-08-21T03:53:28,7,5,0,12
2022-08-21T04:04:29,7,5,0,12
2022-08-21T04:18:35,7,5,0,12
2022-08-21T04:28:06,7,5,0,12
2022-08-21T04:37:12,7,5,0,12
2022-08-21T04:46:19,7,5,0,12
2022-08-21T04:55:24,7,5,0,12
2022-08-21T05:04:27,7,5,0,12
2022-08-21T05:13:31,7,5,0,12
2022-08-21T05:22:35,7,5,0,12
2022-08-21T05:31:38,7,5,0,12
2022-08-21T05:40:41,7,5,0,12
2022-08-21T05:49:44,7,5,0,12
2022-08-21T05:58:48,7,5,0,12
2022-08-21T06:07:52,7,5,0,12
2022-08-21T06:16:56,7,5,0,12
2022-08-21T06:25:59,7,5,0,12
2022-08-21T06:35:02,7,5,0,12
2022-08-21T06:44:04,7,5,0,12
2022-08-21T06:53:06,7,5,0,12
2022-08-21T07:02:11,7,5,0,12
2022-08-21T07:11:13,7,5,0,12
2022-08-21T07:20:16,7,5,0,12
2022-08-21T07:29:18,7,5,0,12
2022-08-21T07:38:21,7,5,0,12
2022-08-21T07:47:23,7,5,0,12
2022-08-21T07:56:25,7,5,0,12
2022-08-21T08:05:27,7,5,0,12
2022-08-21T08:14:29,7,5,0,12
2022-08-21T08:23:31,7,5,0,12
2022-08-21T08:32:35,7,5,0,12
2022-08-21T08:41:37,7,5,0,12
2022-08-21T08:50:40,7,5,0,12
2022-08-21T08:59:43,7,5,0,12
2022-08-21T09:08:46,7,5,0,12
2022-08-21T09:17:48,7,5,0,12
2022-08-21T09:26:50,7,5,0,12
2022-08-21T09:35:52,7,5,0,12
2022-08-21T09:44:55,7,5,0,12
2022-08-21T09:53:58,7,5,0,12
2022-08-21T10:03:09,7,5,0,12
2022-08-21T10:12:12,7,5,0,12
2022-08-21T10:21:14,7,5,0,12
2022-08-21T10:30:17,7,5,0,12
2022-08-21T10:39:19,7,5,0,12
2022-08-21T10:48:22,7,5,0,12
2022-08-21T10:57:24,7,5,0,12
2022-08-21T11:06:26,7,5,0,12
2022-08-21T11:15:29,7,5,0,12
2022-08-21T11:24:31,7,5,0,12
2022-08-21T11:33:33,7,5,0,12
2022-08-21T11:42:36,7,5,0,12
2022-08-21T11:51:38,7,5,0,12
2022-08-21T12:00:40,7,5,0,12
2022-08-21T12:09:43,7,5,0,12
2022-08-21T12:18:46,7,5,0,12
2022-08-21T12:27:50,7,5,0,12
2022-08-21T12:36:53,7,5,0,12
2022-08-21T12:45:55,7,5,0,12
2022-08-21T12:54:58,7,5,0,12
2022-08-21T13:04:09,7,5,0,12
2022-08-21T13:13:14,7,5,0,12
2022-08-21T13:22:17,7,5,0,12
2022-08-21T13:31:19,7,5,0,12
2022-08-21T13:40:21,7,5,0,12
2022-08-21T13:49:24,7,5,0,12
2022-08-21T13:58:26,7,5,0,12
2022-08-21T14:07:29,7,5,0,12
2022-08-21T14:16:31,7,5,0,12
2022-08-21T14:25:34,7,5,0,12
2022-08-21T14:34:36,7,5,0,12
2022-08-21T14:43:38,7,5,0,12
2022-08-21T14:52:41,7,5,0,12
2022-08-21T15:01:43,7,5,0,12
2022-08-21T15:10:46,7,5,0,12
2022-08-21T15:19:49,7,5,0,12
2022-08-21T15:28:51,7,5,0,12
2022-08-21T15:37:54,7,5,0,12
2022-08-21T15:47:07,7,5,0,12
2022-08-21T15:56:09,7,5,0,12
2022-08-21T16:05:11,7,5,0,12
2022-08-21T16:14:13,7,5,0,12
2022-08-21T16:23:16,7,5,0,12
2022-08-21T16:32:19,7,5,0,12
2022-08-21T16:41:21,7,5,0,12
2022-08-21T16:50:24,7,5,0,12
2022-08-21T16:59:26,7,5,0,12
2022-08-21T17:08:29,7,5,0,12
2022-08-21T17:17:32,7,5,0,12
2022-08-21T17:26:34,7,5,0,12
2022-08-21T17:35:36,7,5,0,12
2022-08-21T17:44:38,7,5,0,12
2022-08-21T17:53:41,7,5,0,12
2022-08-21T18:02:43,7,5,0,12
2022-08-21T18:11:45,7,5,0,12
2022-08-21T18:20:48,7,5,0,12
2022-08-21T18:30:00,7,5,0,12
2022-08-21T18:39:04,7,5,0,12
2022-08-21T18:48:08,7,5,0,12
2022-08-21T18:57:10,7,5,0,12
2022-08-21T19:06:19,7,5,0,12
2022-08-21T19:15:30,7,5,0,12
2022-08-21T19:24:39,7,5,0,12
2022-08-21T19:33:49,7,5,0,12
2022-08-21T19:42:58,7,5,0,12
2022-08-21T19:52:07,7,5,0,12
2022-08-21T20:01:17,7,5,0,12
2022-08-21T20:10:27,7,5,0,12
2022-08-21T20:19:36,7,5,0,12
2022-08-21T20:28:45,7,5,0,12
2022-08-21T20:37:52,7,5,0,12
2022-08-21T20:46:57,7,5,0,12
2022-08-21T20:56:13,7,5,0,12
2022-08-21T21:05:17,7,5,0,12
2022-08-21T21:14:19,7,5,0,12
2022-08-21T21:23:22,7,5,0,12
2022-08-21T21:32:25,7,5,0,12
2022-08-21T21:41:27,7,5,0,12
2022-08-21T21:50:30,7,5,0,12
2022-08-21T21:59:33,7,5,0,12
2022-08-21T22:08:36,7,5,0,12
2022-08-21T22:17:39,7,5,0,12
2022-08-21T22:26:42,7,5,0,12
2022-08-21T22:35:45,7,5,0,12
2022-08-21T22:44:46,7,5,0,12
2022-08-21T22:53:49,7,5,0,12
2022-08-21T23:02:51,7,5,0,12
2022-08-21T23:11:54,7,5,0,12
2022-08-21T23:20:57,7,5,0,12
2022-08-21T23:30:11,7,5,0,12
2022-08-21T23:39:13,7,5,0,12
2022-08-21T23:48:16,7,5,0,12
2022-08-21T23:57:18,7,5,0,12
2022-08-22T00:06:21,7,5,0,12
2022-08-22T00:15:33,7,5,0,12
2022-08-22T00:24:37,7,5,0,12
2022-08-22T00:33:44,7,5,0,12
2022-08-22T00:42:47,7,5,0,12
2022-08-22T00:51:52,7,5,0,12
2022-08-22T01:00:55,7,5,0,12
2022-08-22T01:10:02,7,5,0,12
2022-08-22T01:19:07,7,5,0,12
2022-08-22T01:28:12,7,5,0,12
2022-08-22T01:37:17,7,5,0,12
2022-08-22T01:46:21,7,5,0,12
2022-08-22T01:55:26,7,5,0,12
2022-08-22T02:04:31,7,5,0,12
2022-08-22T02:13:36,7,5,0,12
2022-08-22T02:22:40,7,5,0,12
2022-08-22T02:31:55,7,5,0,12
2022-08-22T02:40:58,7,5,0,12
2022-08-22T02:50:01,7,5,0,12
2022-08-22T02:59:04,7,5,0,12
2022-08-22T03:08:07,7,5,0,12
2022-08-22T03:17:12,7,5,0,12
2022-08-22T03:26:16,7,5,0,12
2022-08-22T03:35:20,7,5,0,12
2022-08-22T03:44:24,7,5,0,12
2022-08-22T03:53:29,7,5,0,12
2022-08-22T04:02:33,7,5,0,12
2022-08-22T04:20:48,7,5,0,12
2022-08-22T04:30:16,7,5,0,12
2022-08-22T04:39:22,7,5,0,12
2022-08-22T04:48:29,7,5,0,12
2022-08-22T04:57:35,7,5,0,12
2022-08-22T05:06:39,7,5,0,12
2022-08-22T05:15:43,7,5,0,12
2022-08-22T05:24:47,7,5,0,12
2022-08-22T05:33:51,7,5,0,12
2022-08-22T05:42:54,7,5,0,12
2022-08-22T05:51:57,7,5,0,12
2022-08-22T06:01:02,7,5,0,12
2022-08-22T06:10:06,7,5,0,12
2022-08-22T06:19:13,7,5,0,12
2022-08-22T06:28:19,7,5,0,12
2022-08-22T06:37:21,7,5,0,12
2022-08-22T06:46:24,7,5,0,12
2022-08-22T06:55:27,7,5,0,12
2022-08-22T07:04:30,7,5,0,12
2022-08-22T07:13:34,7,5,0,12
2022-08-22T07:22:37,7,5,0,12
2022-08-22T07:31:41,7,5,0,12
2022-08-22T07:40:45,7,5,0,12
2022-08-22T07:49:49,7,5,0,12
2022-08-22T07:58:52,7,5,0,12
2022-08-22T08:07:55,7,5,0,12
2022-08-22T08:17:00,7,5,0,12
2022-08-22T08:26:14,7,5,0,12
2022-08-22T08:35:19,7,5,0,12
2022-08-22T08:44:23,7,5,0,12
2022-08-22T08:53:28,7,5,0,12
2022-08-22T09:02:33,7,5,0,12
2022-08-22T09:11:38,7,5,0,12
2022-08-22T09:20:43,7,5,0,12
2022-08-22T09:29:48,7,5,0,12
2022-08-22T09:38:53,7,5,0,12
2022-08-22T09:47:59,7,5,0,12
2022-08-22T09:57:15,7,5,0,12
2022-08-22T10:06:21,7,5,0,12
2022-08-22T10:15:27,7,5,0,12
2022-08-22T10:24:32,7,5,0,12
2022-08-22T10:33:38,7,5,0,12
2022-08-22T10:42:43,7,5,0,12
2022-08-22T10:51:49,7,5,0,12
2022-08-22T11:00:54,7,5,0,12
2022-08-22T11:10:11,7,5,0,12
2022-08-22T11:19:16,7,5,0,12
2022-08-22T11:28:22,7,5,0,12
2022-08-22T11:37:27,7,5,0,12
2022-08-22T11:46:33,7,5,0,12
2022-08-22T11:55:39,7,5,0,12
2022-08-22T12:04:44,7,5,0,12
2022-08-22T12:14:00,7,5,0,12
2022-08-22T12:23:04,7,5,0,12
2022-08-22T12:32:09,7,5,0,12
2022-08-22T12:41:14,7,5,0,12
2022-08-22T12:50:18,7,5,0,12
2022-08-22T12:59:22,7,5,0,12
2022-08-22T13:08:37,7,5,0,12
2022-08-22T13:17:42,7,5,0,12
2022-08-22T13:26:47,7,5,0,12
2022-08-22T13:35:53,7,5,0,12
2022-08-22T13:44:58,7,5,0,12
2022-08-22T13:54:02,7,5,0,12
2022-08-22T14:03:07,7,5,0,12
2022-08-22T14:12:23,7,5,0,12
2022-08-22T14:21:28,7,5,0,12
2022-08-22T14:30:34,7,5,0,12
2022-08-22T14:39:39,7,5,0,12
2022-08-22T14:48:44,7,5,0,12
2022-08-22T14:57:51,7,5,0,12
2022-08-22T15:06:57,7,5,0,12
2022-08-22T15:16:16,7,5,0,12
2022-08-22T15:25:20,7,5,0,12
2022-08-22T15:34:25,7,5,0,12
2022-08-22T15:43:30,7,5,0,12
2022-08-22T15:52:34,7,5,0,12
2022-08-22T16:01:39,7,5,0,12
2022-08-22T16:10:44,7,5,0,12
2022-08-22T16:19:50,7,5,0,12
2022-08-22T16:28:54,7,5,0,12
2022-08-22T16:38:09,7,5,0,12
2022-08-22T16:47:12,7,5,0,12
2022-08-22T16:56:16,7,5,0,12
2022-08-22T17:05:20,7,5,0,12
2022-08-22T17:14:24,7,5,0,12
2022-08-22T17:23:27,7,5,0,12
2022-08-22T17:32:30,7,5,0,12
2022-08-22T17:41:34,7,5,0,12
2022-08-22T17:50:37,7,5,0,12
2022-08-22T17:59:41,7,5,0,12
2022-08-22T18:08:44,7,5,0,12
2022-08-22T18:17:48,7,5,0,12
2022-08-22T18:26:51,7,5,0,12
2022-08-22T18:36:05,7,5,0,12
2022-08-22T18:45:08,7,5,0,12
2022-08-22T18:54:11,7,5,0,12
2022-08-22T19:03:14,7,5,0,12
2022-08-22T19:12:17,7,5,0,12
2022-08-22T19:21:20,7,5,0,12
2022-08-22T19:30:23,7,5,0,12
2022-08-22T19:39:26,7,5,0,12
2022-08-22T19:48:39,7,5,0,12
2022-08-22T19:57:42,7,5,0,12
2022-08-22T20:06:45,7,5,0,12
2022-08-22T20:15:47,7,5,0,12
2022-08-22T20:24:50,7,5,0,12
2022-08-22T20:33:53,7,5,0,12
2022-08-22T20:42:56,7,5,0,12
2022-08-22T20:51:58,7,5,0,12
2022-08-22T21:01:01,7,5,0,12
2022-08-22T21:10:04,7,5,0,12
2022-08-22T21:19:18,7,5,0,12
2022-08-22T21:28:21,7,5,0,12
2022-08-22T21:37:24,7,5,0,12
2022-08-22T21:46:26,7,5,0,12
2022-08-22T21:55:30,7,5,0,12
2022-08-22T22:04:33,7,5,0,12
2022-08-22T22:13:37,7,5,0,12
2022-08-22T22:22:40,7,5,0,12
2022-08-22T22:31:43,7,5,0,12
2022-08-22T22:40:46,7,5,0,12
2022-08-22T22:49:48,7,5,0,12
2022-08-22T22:58:51,7,5,0,12
2022-08-22T23:07:56,7,5,0,12
2022-08-22T23:17:10,7,5,0,12
2022-08-22T23:26:14,7,5,0,12
2022-08-22T23:35:17,7,5,0,12
2022-08-22T23:44:20,7,5,0,12
2022-08-22T23:53:23,7,5,0,12
2022-08-23T00:02:30,7,5,0,12
2022-08-23T00:11:38,7,5,0,12
2022-08-23T00:20:45,7,5,0,12
2022-08-23T00:29:49,7,5,0,12
2022-08-23T00:38:54,7,5,0,12
2022-08-23T00:48:09,7,5,0,12
2022-08-23T00:57:14,7,5,0,12
2022-08-23T01:06:18,7,5,0,12
2022-08-23T01:15:22,7,5,0,12
2022-08-23T01:24:26,7,5,0,12
2022-08-23T01:33:30,7,5,0,12
2022-08-23T01:42:36,7,5,0,12
2022-08-23T01:51:40,7,5,0,12
2022-08-23T02:00:44,7,5,0,12
2022-08-23T02:09:48,7,5,0,12
2022-08-23T02:18:51,7,5,0,12
2022-08-23T02:27:55,7,5,0,12
2022-08-23T02:36:59,7,5,0,12
2022-08-23T02:46:02,7,5,0,12
2022-08-23T02:55:05,7,5,0,12
2022-08-23T03:04:08,7,5,0,12
2022-08-23T03:13:10,7,5,0,12
2022-08-23T03:22:12,7,5,0,12
2022-08-23T03:31:13,7,5,0,12
2022-08-23T03:40:17,7,5,0,12
2022-08-23T03:51:18,7,5,0,12
2022-08-23T04:00:45,7,5,0,12
2022-08-23T04:09:48,7,5,0,12
2022-08-23T04:27:56,7,5,0,12
2022-08-23T04:37:24,7,5,0,12
2022-08-23T04:46:28,7,5,0,12
2022-08-23T04:55:32,7,5,0,12
2022-08-23T05:04:35,7,5,0,12
2022-08-23T05:13:39,7,5,0,12
2022-08-23T05:22:42,7,5,0,12
2022-08-23T05:31:53,7,5,0,12
2022-08-23T05:41:00,7,5,0,12
2022-08-23T05:50:05,7,5,0,12
2022-08-23T05:59:10,7,5,0,12
2022-08-23T06:08:15,7,5,0,12
2022-08-23T06:17:21,7,5,0,12
2022-08-23T06:26:25,7,5,0,12
2022-08-23T06:35:30,7,5,0,12
2022-08-23T06:44:35,7,5,0,12
2022-08-23T06:53:41,7,5,0,12
2022-08-23T07:02:47,7,5,0,12
2022-08-23T07:11:53,7,5,0,12
2022-08-23T07:20:58,7,5,0,12
2022-08-23T07:30:02,7,5,0,12
2022-08-23T07:39:08,7,5,0,12
2022-08-23T07:48:13,7,5,0,12
2022-08-23T07:57:18,7,5,0,12
2022-08-23T08:06:34,7,5,0,12
2022-08-23T08:15:40,7,5,0,12
2022-08-23T08:24:48,7,5,0,12
2022-08-23T08:33:54,7,5,0,12
2022-08-23T08:42:59,7,5,0,12
2022-08-23T08:52:04,7,5,0,12
2022-08-23T09:01:11,7,5,0,12
2022-08-23T09:10:17,7,5,0,12
2022-08-23T09:19:24,7,5,0,12
2022-08-23T09:28:30,7,5,0,12
2022-08-23T09:37:48,7,5,0,12
2022-08-23T09:46:53,7,5,0,12
2022-08-23T09:56:00,7,5,0,12
2022-08-23T10:05:09,7,5,0,12
2022-08-23T10:14:16,7,5,0,12
2022-08-23T10:23:22,7,5,0,12
2022-08-23T10:32:30,7,5,0,12
2022-08-23T10:41:38,7,5,0,12
2022-08-23T10:50:55,7,5,0,12
2022-08-23T11:00:02,7,5,0,12
2022-08-23T11:09:10,7,5,0,12
2022-08-23T11:18:19,7,5,0,12
2022-08-23T11:27:28,7,5,0,12
2022-08-23T11:36:37,7,5,0,12
2022-08-23T11:45:55,7,5,0,12
2022-08-23T11:55:03,7,5,0,12
2022-08-23T12:04:10,7,5,0,12
2022-08-23T12:13:18,7,5,0,12
2022-08-23T12:22:24,7,5,0,12
2022-08-23T12:31:42,7,5,0,12
2022-08-23T12:40:50,7,5,0,12
2022-08-23T13:01:54,7,5,0,12
2022-08-23T13:11:01,7,5,0,12
2022-08-23T13:20:19,7,5,0,12
2022-08-23T13:29:28,7,5,0,12
2022-08-23T13:38:37,7,5,0,12
2022-08-23T13:47:46,7,5,0,12
2022-08-23T13:56:54,7,5,0,12
2022-08-23T14:06:01,7,5,0,12
2022-08-23T14:15:21,7,5,0,12
2022-08-23T14:24:28,7,5,0,12
2022-08-23T14:33:38,7,5,0,12
2022-08-23T14:42:46,7,5,0,12
2022-08-23T14:51:55,7,5,0,12
2022-08-23T15:01:14,7,5,0,12
2022-08-23T15:10:21,7,5,0,12
2022-08-23T15:19:29,7,5,0,12
2022-08-23T15:28:36,7,5,0,12
2022-08-23T15:37:44,7,5,0,12
2022-08-23T15:46:52,7,5,0,12
2022-08-23T15:56:10,7,5,0,12
2022-08-23T16:05:16,7,5,0,12
2022-08-23T16:14:22,7,5,0,12
2022-08-23T16:23:28,7,5,0,12
2022-08-23T16:32:46,7,5,0,12
2022-08-23T16:41:52,7,5,0,12
2022-08-23T16:50:58,7,5,0,12
2022-08-23T17:00:03,7,5,0,12
2022-08-23T17:09:10,7,5,0,12
2022-08-23T17:18:16,7,5,0,12
2022-08-23T17:27:34,7,5,0,12
2022-08-23T17:36:39,7,5,0,12
2022-08-23T17:45:45,7,5,0,12
2022-08-23T17:54:51,7,5,0,12
2022-08-23T18:04:00,7,5,0,12
2022-08-23T18:13:07,8,4,0,12
2022-08-23T18:22:23,8,4,0,12
2022-08-23T18:31:28,8,4,0,12
2022-08-23T18:40:34,8,4,0,12
2022-08-23T18:49:39,8,4,0,12
2022-08-23T18:58:44,8,4,0,12
2022-08-23T19:07:49,8,4,0,12
2022-08-23T19:17:05,8,4,0,12
2022-08-23T19:26:11,8,4,0,12
2022-08-23T19:35:16,8,4,0,12
2022-08-23T19:44:19,8,4,0,12
2022-08-23T19:53:24,8,4,0,12
2022-08-23T20:02:28,8,4,0,12
2022-08-23T20:11:31,8,4,0,12
2022-08-23T20:20:46,8,4,0,12
2022-08-23T20:29:50,8,4,0,12
2022-08-23T20:38:54,8,4,0,12
2022-08-23T20:47:58,8,4,0,12
2022-08-23T20:57:02,8,4,0,12
2022-08-23T21:06:05,8,4,0,12
2022-08-23T21:15:09,8,4,0,12
2022-08-23T21:24:13,8,4,0,12
2022-08-23T21:33:29,8,4,0,12
2022-08-23T21:42:33,8,4,0,12
2022-08-23T21:51:36,8,4,0,12
2022-08-23T22:00:40,8,4,0,12
2022-08-23T22:09:43,8,4,0,12
2022-08-23T22:18:47,8,4,0,12
2022-08-23T22:27:50,8,4,0,12
2022-08-23T22:36:54,8,4,0,12
2022-08-23T22:45:57,8,4,0,12
2022-08-23T22:55:00,8,4,0,12
2022-08-23T23:04:14,8,4,0,12
2022-08-23T23:13:18,8,4,0,12
2022-08-23T23:22:22,8,4,0,12
2022-08-23T23:31:25,8,4,0,12
2022-08-23T23:40:28,8,4,0,12
2022-08-23T23:49:31,8,4,0,12
2022-08-23T23:58:34,8,4,0,12
2022-08-24T00:07:39,8,4,0,12
2022-08-24T00:16:46,8,4,0,12
2022-08-24T00:25:52,8,4,0,12
2022-08-24T00:34:56,8,4,0,12
2022-08-24T00:44:02,8,4,0,12
2022-08-24T00:53:08,8,4,0,12
2022-08-24T01:02:13,8,4,0,12
2022-08-24T01:11:28,8,4,0,12
2022-08-24T01:20:33,8,4,0,12
2022-08-24T01:29:38,8,4,0,12
2022-08-24T01:38:41,8,4,0,12
2022-08-24T01:47:44,8,4,0,12
2022-08-24T01:56:47,8,4,0,12
2022-08-24T02:05:50,8,4,0,12
2022-08-24T02:14:53,8,4,0,12
2022-08-24T02:23:55,8,4,0,12
2022-08-24T02:32:58,8,4,0,12
2022-08-24T02:42:01,8,4,0,12
2022-08-24T02:51:04,8,4,0,12
2022-08-24T03:00:08,8,4,0,12
2022-08-24T03:09:11,8,4,0,12
2022-08-24T03:18:13,8,4,0,12
2022-08-24T03:27:16,8,4,0,12
2022-08-24T03:36:19,8,4,0,12
2022-08-24T03:45:23,8,4,0,12
2022-08-24T03:54:27,8,4,0,12
2022-08-24T04:03:32,8,4,0,12
2022-08-24T04:12:38,8,4,0,12
2022-08-24T04:25:40,8,4,0,12
2022-08-24T04:35:03,8,4,0,12
2022-08-24T04:44:10,8,4,0,12
2022-08-24T04:53:17,8,4,0,12
2022-08-24T05:02:22,8,4,0,12
2022-08-24T05:11:28,8,4,0,12
2022-08-24T05:20:33,8,4,0,12
2022-08-24T05:29:38,8,4,0,12
2022-08-24T05:38:42,8,4,0,12
2022-08-24T05:47:47,8,4,0,12
2022-08-24T05:56:53,8,4,0,12
2022-08-24T06:06:02,8,4,0,12
2022-08-24T06:15:08,8,4,0,12
2022-08-24T06:24:14,8,4,0,12
2022-08-24T06:33:21,8,4,0,12
2022-08-24T06:42:27,8,4,0,12
2022-08-24T06:51:33,8,4,0,12
2022-08-24T07:00:38,8,4,0,12
2022-08-24T07:09:44,8,4,0,12
2022-08-24T07:18:48,8,4,0,12
2022-08-24T07:27:54,8,4,0,12
2022-08-24T07:36:59,8,4,0,12
2022-08-24T07:46:06,8,4,0,12
2022-08-24T07:55:12,8,4,0,12
2022-08-24T08:04:18,8,4,0,12
2022-08-24T08:13:24,8,4,0,12
2022-08-24T08:22:30,8,4,0,12
2022-08-24T08:31:36,8,4,0,12
2022-08-24T08:40:43,8,4,0,12
2022-08-24T08:49:57,8,4,0,12
2022-08-24T08:59:03,8,4,0,12
2022-08-24T09:08:08,8,4,0,12
2022-08-24T09:17:13,8,4,0,12
2022-08-24T09:26:18,8,4,0,12
2022-08-24T09:35:22,8,4,0,12
2022-08-24T09:44:26,8,4,0,12
2022-08-24T09:53:30,8,4,0,12
2022-08-24T10:02:35,8,4,0,12
2022-08-24T10:11:50,8,4,0,12
2022-08-24T10:20:55,8,4,0,12
2022-08-24T10:30:01,8,4,0,12
2022-08-24T10:39:05,8,4,0,12
2022-08-24T10:48:10,8,4,0,12
2022-08-24T10:57:15,8,4,0,12
2022-08-24T11:06:21,8,4,0,12
2022-08-24T11:15:26,8,4,0,12
2022-08-24T11:24:40,8,4,0,12
2022-08-24T11:33:47,8,4,0,12
2022-08-24T11:42:51,8,4,0,12
2022-08-24T11:51:57,8,4,0,12
2022-08-24T12:01:01,8,4,0,12
2022-08-24T12:10:07,8,4,0,12
2022-08-24T12:19:12,8,4,0,12
2022-08-24T12:28:17,8,4,0,12
2022-08-24T12:37:31,8,4,0,12
2022-08-24T12:46:37,8,4,0,12
2022-08-24T12:55:41,8,4,0,12
2022-08-24T13:04:45,8,4,0,12
2022-08-24T13:13:52,8,4,0,12
2022-08-24T13:22:56,8,4,0,12
2022-08-24T13:32:01,8,4,0,12
2022-08-24T13:41:06,8,4,0,12
2022-08-24T13:50:10,8,4,0,12
2022-08-24T13:59:15,8,4,0,12
2022-08-24T14:08:32,8,4,0,12
2022-08-24T14:17:37,8,4,0,12
2022-08-24T14:26:45,8,4,0,12
2022-08-24T14:35:50,8,4,0,12
2022-08-24T14:44:55,8,4,0,12
2022-08-24T14:54:00,8,4,0,12
2022-08-24T15:03:05,8,4,0,12
2022-08-24T15:12:09,8,4,0,12
2022-08-24T15:21:15,8,4,0,12
2022-08-24T15:30:19,8,4,0,12
2022-08-24T15:39:24,8,4,0,12
2022-08-24T15:48:29,8,4,0,12
2022-08-24T15:57:45,8,4,0,12
2022-08-24T16:06:52,8,4,0,12
2022-08-24T16:15:56,8,4,0,12
2022-08-24T16:25:01,8,4,0,12
2022-08-24T16:34:06,8,4,0,12
2022-08-24T16:43:11,8,4,0,12
2022-08-24T16:52:15,8,4,0,12
2022-08-24T17:01:21,8,4,0,12
2022-08-24T17:10:27,8,4,0,12
2022-08-24T17:19:32,8,4,0,12
2022-08-24T17:28:36,8,4,0,12
2022-08-24T17:37:52,8,4,0,12
2022-08-24T17:46:57,8,4,0,12
2022-08-24T17:56:01,8,4,0,12
2022-08-24T18:05:07,8,4,0,12
2022-08-24T18:14:12,8,4,0,12
2022-08-24T18:23:17,8,4,0,12
2022-08-24T18:32:22,8,4,0,12
2022-08-24T18:41:39,8,4,0,12
2022-08-24T18:50:43,8,4,0,12
2022-08-24T18:59:47,8,4,0,12
2022-08-24T19:08:52,8,4,0,12
2022-08-24T19:17:57,8,4,0,12
2022-08-24T19:27:01,8,4,0,12
2022-08-24T19:36:06,8,4,0,12
2022-08-24T19:45:10,8,4,0,12
2022-08-24T19:54:14,8,4,0,12
2022-08-24T20:03:27,8,4,0,12
2022-08-24T20:12:32,8,4,0,12
2022-08-24T20:21:36,8,4,0,12
2022-08-24T20:30:40,8,4,0,12
2022-08-24T20:39:44,8,4,0,12
2022-08-24T20:48:48,8,4,0,12
2022-08-24T20:57:53,8,4,0,12
2022-08-24T21:06:57,8,4,0,12
2022-08-24T21:16:02,8,4,0,12
2022-08-24T21:25:06,8,4,0,12
2022-08-24T21:34:10,8,4,0,12
2022-08-24T21:43:14,8,4,0,12
2022-08-24T21:52:29,8,4,0,12
2022-08-24T22:01:32,8,4,0,12
2022-08-24T22:10:37,8,4,0,12
2022-08-24T22:19:41,8,4,0,12
2022-08-24T22:28:45,8,4,0,12
2022-08-24T22:37:49,8,4,0,12
2022-08-24T22:46:54,8,4,0,12
2022-08-24T22:55:57,8,4,0,12
2022-08-24T23:05:02,8,4,0,12
2022-08-24T23:14:17,8,4,0,12
2022-08-24T23:23:20,8,4,0,12
2022-08-24T23:32:24,8,4,0,12
2022-08-24T23:41:28,8,4,0,12
2022-08-24T23:50:31,8,4,0,12
2022-08-24T23:59:34,8,4,0,12
2022-08-25T00:08:39,8,4,0,12
2022-08-25T00:17:48,8,4,0,12
2022-08-25T00:26:54,8,4,0,12
2022-08-25T00:35:59,8,4,0,12
2022-08-25T00:45:06,8,4,0,12
2022-08-25T00:54:12,8,4,0,12
2022-08-25T01:03:17,8,4,0,12
2022-08-25T01:12:33,8,4,0,12
2022-08-25T01:21:39,8,4,0,12
2022-08-25T01:30:46,8,4,0,12
2022-08-25T01:39:52,8,4,0,12
2022-08-25T01:48:56,8,4,0,12
2022-08-25T01:58:01,8,4,0,12
2022-08-25T02:07:05,8,4,0,12
2022-08-25T02:16:09,8,4,0,12
2022-08-25T02:25:12,8,4,0,12
2022-08-25T02:34:15,8,4,0,12
2022-08-25T02:43:18,8,4,0,12
2022-08-25T02:52:27,8,4,0,12
2022-08-25T03:01:30,8,4,0,12
2022-08-25T03:10:33,8,4,0,12
2022-08-25T03:19:37,8,4,0,12
2022-08-25T03:28:40,8,4,0,12
2022-08-25T03:37:45,8,4,0,12
2022-08-25T03:46:51,8,4,0,12
2022-08-25T03:55:57,8,4,0,12
2022-08-25T04:05:02,8,4,0,12
2022-08-25T04:14:06,8,4,0,12
2022-08-25T04:30:33,8,4,0,12
2022-08-25T04:40:01,8,4,0,12
2022-08-25T04:49:06,8,4,0,12
2022-08-25T04:58:11,8,4,0,12
2022-08-25T05:07:16,8,4,0,12
2022-08-25T05:16:20,8,4,0,12
2022-08-25T05:25:23,8,4,0,12
2022-08-25T05:34:27,8,4,0,12
2022-08-25T05:43:31,8,4,0,12
2022-08-25T05:52:36,8,4,0,12
2022-08-25T06:01:42,8,4,0,12
2022-08-25T06:10:47,8,4,0,12
2022-08-25T06:19:52,8,4,0,12
2022-08-25T06:29:04,8,4,0,12
2022-08-25T06:38:13,8,4,0,12
2022-08-25T06:47:21,8,4,0,12
2022-08-25T06:56:31,8,4,0,12
2022-08-25T07:05:41,8,4,0,12
2022-08-25T07:14:49,8,4,0,12
2022-08-25T07:23:56,8,4,0,12
2022-08-25T07:33:03,8,4,0,12
2022-08-25T07:42:10,8,4,0,12
2022-08-25T07:51:16,8,4,0,12
2022-08-25T08:00:23,8,4,0,12
2022-08-25T08:09:30,8,4,0,12
2022-08-25T08:18:35,8,4,0,12
2022-08-25T08:27:42,8,4,0,12
2022-08-25T08:36:48,8,4,0,12
2022-08-25T08:45:54,8,4,0,12
2022-08-25T08:55:12,8,4,0,12
2022-08-25T09:04:18,8,4,0,12
2022-08-25T09:13:25,8,4,0,12
2022-08-25T09:22:31,8,4,0,12
2022-08-25T09:31:38,8,4,0,12
2022-08-25T09:40:46,8,4,0,12
2022-08-25T09:49:52,8,4,0,12
2022-08-25T09:58:58,8,4,0,12
2022-08-25T10:08:03,8,4,0,12
2022-08-25T10:17:09,8,4,0,12
2022-08-25T10:26:14,8,4,0,12
2022-08-25T10:35:31,8,4,0,12
2022-08-25T10:44:38,8,4,0,12
2022-08-25T10:53:45,8,4,0,12
2022-08-25T11:02:51,8,4,0,12
2022-08-25T11:11:57,8,4,0,12
2022-08-25T11:21:03,8,4,0,12
2022-08-25T11:30:11,8,4,0,12
2022-08-25T11:39:16,8,4,0,12
2022-08-25T11:48:22,8,4,0,12
2022-08-25T11:57:28,8,4,0,12
2022-08-25T12:06:34,8,4,0,12
2022-08-25T12:15:50,8,4,0,12
2022-08-25T12:24:57,8,4,0,12
2022-08-25T12:34:03,8,4,0,12
2022-08-25T12:43:08,8,4,0,12
2022-08-25T12:52:14,8,4,0,12
2022-08-25T13:01:19,8,4,0,12
2022-08-25T13:10:25,8,4,0,12
2022-08-25T13:19:32,8,4,0,12
2022-08-25T13:28:38,8,4,0,12
2022-08-25T13:37:44,8,4,0,12
2022-08-25T13:46:50,8,4,0,12
2022-08-25T13:56:07,8,4,0,12
2022-08-25T14:05:14,8,4,0,12
2022-08-25T14:14:20,8,4,0,12
2022-08-25T14:23:26,8,4,0,12
2022-08-25T14:32:32,8,4,0,12
2022-08-25T14:41:41,8,4,0,12
2022-08-25T14:50:54,8,4,0,12
2022-08-25T15:00:00,8,4,0,12
2022-08-25T15:09:06,8,4,0,12
2022-08-25T15:18:18,8,4,0,12
2022-08-25T15:27:31,8,4,0,12
2022-08-25T15:36:48,8,4,0,12
2022-08-25T15:45:55,8,4,0,12
2022-08-25T15:55:03,8,4,0,12
2022-08-25T16:04:09,8,4,0,12
2022-08-25T16:13:15,8,4,0,12
2022-08-25T16:22:22,8,4,0,12
2022-08-25T16:31:28,8,4,0,12
2022-08-25T16:40:33,8,4,0,12
2022-08-25T16:49:38,8,4,0,12
2022-08-25T16:58:45,8,4,0,12
2022-08-25T17:07:50,8,4,0,12
2022-08-25T17:16:56,8,4,0,12
2022-08-25T17:26:12,8,4,0,12
2022-08-25T17:35:17,8,4,0,12
2022-08-25T17:44:24,8,4,0,12
2022-08-25T17:53:30,8,4,0,12
2022-08-25T18:02:36,8,4,0,12
2022-08-25T18:11:43,8,4,0,12
2022-08-25T18:20:48,8,4,0,12
2022-08-25T18:29:54,8,4,0,12
2022-08-25T18:38:59,8,4,0,12
2022-08-25T18:48:05,8,4,0,12
2022-08-25T18:57:10,8,4,0,12
2022-08-25T19:06:15,8,4,0,12
2022-08-25T19:15:22,8,4,0,12
2022-08-25T19:24:40,8,4,0,12
2022-08-25T19:33:54,8,4,0,12
2022-08-25T19:43:10,8,4,0,12
2022-08-25T19:52:38,8,4,0,12
2022-08-25T20:01:54,8,4,0,12
2022-08-25T20:11:12,8,4,0,12
2022-08-25T20:20:28,8,4,0,12
2022-08-25T20:29:47,8,4,0,12
2022-08-25T20:39:05,8,4,0,12
2022-08-25T20:48:25,8,4,0,12
2022-08-25T20:57:46,8,4,0,12
2022-08-25T21:07:04,8,4,0,12
2022-08-25T21:16:19,8,4,0,12
2022-08-25T21:25:34,8,4,0,12
2022-08-25T21:34:49,8,4,0,12
2022-08-25T21:44:05,8,4,0,12
2022-08-25T21:53:30,8,4,0,12
2022-08-25T22:02:45,8,4,0,12
2022-08-25T22:11:56,8,4,0,12
2022-08-25T22:21:06,8,4,0,12
2022-08-25T22:30:14,8,4,0,12
2022-08-25T22:39:19,8,4,0,12
2022-08-25T22:48:24,8,4,0,12
2022-08-25T22:57:28,8,4,0,12
2022-08-25T23:06:35,8,4,0,12
2022-08-25T23:15:40,8,4,0,12
2022-08-25T23:24:45,8,4,0,12
2022-08-25T23:33:51,8,4,0,12
2022-08-25T23:42:57,8,4,0,12
2022-08-25T23:52:01,8,4,0,12
2022-08-26T00:01:18,8,4,0,12
2022-08-26T00:10:24,8,4,0,12
2022-08-26T00:19:37,8,4,0,12
2022-08-26T00:28:43,8,4,0,12
2022-08-26T00:37:49,8,4,0,12
2022-08-26T00:46:55,8,4,0,12
2022-08-26T00:56:02,8,4,0,12
2022-08-26T01:05:08,8,4,0,12
2022-08-26T01:14:15,8,4,0,12
2022-08-26T01:23:22,8,4,0,12
2022-08-26T01:32:29,8,4,0,12
2022-08-26T01:41:35,8,4,0,12
2022-08-26T01:50:41,8,4,0,12
2022-08-26T01:59:48,8,4,0,12
2022-08-26T02:08:52,8,4,0,12
2022-08-26T02:17:56,8,4,0,12
2022-08-26T02:27:00,8,4,0,12
2022-08-26T02:36:06,8,4,0,12
2022-08-26T02:45:10,8,4,0,12
2022-08-26T02:54:17,8,4,0,12
2022-08-26T03:03:24,8,4,0,12
2022-08-26T03:12:31,8,4,0,12
2022-08-26T03:21:38,8,4,0,12
2022-08-26T03:30:45,8,4,0,12
2022-08-26T03:39:52,8,4,0,12
2022-08-26T03:48:59,8,4,0,12
2022-08-26T03:58:16,8,4,0,12
2022-08-26T04:07:23,8,4,0,12
2022-08-26T04:27:39,8,4,0,12
2022-08-26T04:37:10,8,4,0,12
2022-08-26T04:46:18,8,4,0,12
2022-08-26T04:55:26,8,4,0,12
2022-08-26T05:04:35,8,4,0,12
2022-08-26T05:13:43,8,4,0,12
2022-08-26T05:22:50,8,4,0,12
2022-08-26T05:31:57,8,4,0,12
2022-08-26T05:41:04,8,4,0,12
2022-08-26T05:50:11,8,4,0,12
2022-08-26T05:59:19,8,4,0,12
2022-08-26T06:08:25,8,4,0,12
2022-08-26T06:17:32,8,4,0,12
2022-08-26T06:26:39,8,4,0,12
2022-08-26T06:35:44,8,4,0,12
2022-08-26T06:44:50,8,4,0,12
2022-08-26T06:53:54,8,4,0,12
2022-08-26T07:02:59,8,4,0,12
2022-08-26T07:12:05,8,4,0,12
2022-08-26T07:21:10,8,4,0,12
2022-08-26T07:30:15,8,4,0,12
2022-08-26T07:39:21,8,4,0,12
2022-08-26T07:48:31,8,4,0,12
2022-08-26T07:57:37,8,4,0,12
2022-08-26T08:06:47,8,4,0,12
2022-08-26T08:15:52,8,4,0,12
2022-08-26T08:25:01,8,4,0,12
2022-08-26T08:34:06,8,4,0,12
2022-08-26T08:43:11,8,4,0,12
2022-08-26T08:52:17,8,4,0,12
2022-08-26T09:01:23,8,4,0,12
2022-08-26T09:10:28,8,4,0,12
2022-08-26T09:19:34,8,4,0,12
2022-08-26T09:28:51,8,4,0,12
2022-08-26T09:37:57,8,4,0,12
2022-08-26T09:47:02,8,4,0,12
2022-08-26T09:56:09,8,4,0,12
2022-08-26T10:05:15,8,4,0,12
2022-08-26T10:14:22,8,4,0,12
2022-08-26T10:23:29,8,4,0,12
2022-08-26T10:32:36,8,4,0,12
2022-08-26T10:41:44,8,4,0,12
2022-08-26T10:50:52,8,4,0,12
2022-08-26T10:59:58,8,4,0,12
2022-08-26T11:09:04,8,4,0,12
2022-08-26T11:18:11,8,4,0,12
2022-08-26T11:27:33,8,4,0,12
2022-08-26T11:36:41,8,4,0,12
2022-08-26T11:45:48,8,4,0,12
2022-08-26T11:54:56,8,4,0,12
2022-08-26T12:04:09,8,4,0,12
2022-08-26T12:13:15,8,4,0,12
2022-08-26T12:22:22,8,4,0,12
2022-08-26T12:31:27,8,4,0,12
2022-08-26T12:40:33,8,4,0,12
2022-08-26T12:49:39,8,4,0,12
2022-08-26T12:58:45,8,4,0,12
2022-08-26T13:07:51,8,4,0,12
2022-08-26T13:16:58,8,4,0,12
2022-08-26T13:26:16,8,4,0,12
2022-08-26T13:35:26,8,4,0,12
2022-08-26T13:44:32,8,4,0,12
2022-08-26T13:53:38,8,4,0,12
2022-08-26T14:02:46,8,4,0,12
2022-08-26T14:11:53,8,4,0,12
2022-08-26T14:21:00,8,4,0,12
2022-08-26T14:30:06,8,4,0,12
2022-08-26T14:39:13,8,4,0,12
2022-08-26T14:48:19,8,4,0,12
2022-08-26T14:57:37,8,4,0,12
2022-08-26T15:06:43,8,4,0,12
2022-08-26T15:15:49,8,4,0,12
2022-08-26T15:24:56,8,4,0,12
2022-08-26T15:34:03,8,4,0,12
2022-08-26T15:43:10,8,4,0,12
2022-08-26T15:52:16,8,4,0,12
2022-08-26T16:01:22,8,4,0,12
2022-08-26T16:10:28,8,4,0,12
2022-08-26T16:19:34,8,4,0,12
2022-08-26T16:28:40,8,4,0,12
2022-08-26T16:37:47,8,4,0,12
2022-08-26T16:47:07,8,4,0,12
2022-08-26T16:56:14,8,4,0,12
2022-08-26T17:05:19,8,4,0,12
2022-08-26T17:14:26,8,4,0,12
2022-08-26T17:23:32,8,4,0,12
2022-08-26T17:32:38,8,4,0,12
2022-08-26T17:41:43,8,4,0,12
2022-08-26T17:50:48,8,4,0,12
2022-08-26T17:59:54,8,4,0,12
2022-08-26T18:08:59,8,4,0,12
2022-08-26T18:18:05,8,4,0,12
2022-08-26T18:27:11,8,4,0,12
2022-08-26T18:36:17,8,4,0,12
2022-08-26T18:45:22,8,4,0,12
2022-08-26T18:54:27,8,4,0,12
2022-08-26T19:03:34,8,4,0,12
2022-08-26T19:12:52,8,4,0,12
2022-08-26T19:21:58,8,4,0,12
2022-08-26T19:31:04,8,4,0,12
2022-08-26T19:40:09,8,4,0,12
2022-08-26T19:49:14,8,4,0,12
2022-08-26T19:58:19,8,4,0,12
2022-08-26T20:07:24,8,4,0,12
2022-08-26T20:16:29,8,4,0,12
2022-08-26T20:25:35,8,4,0,12
2022-08-26T20:34:40,8,4,0,12
2022-08-26T20:43:44,8,4,0,12
2022-08-26T20:52:49,8,4,0,12
2022-08-26T21:02:05,8,4,0,12
2022-08-26T21:11:10,8,4,0,12
2022-08-26T21:20:14,8,4,0,12
2022-08-26T21:29:19,8,4,0,12
2022-08-26T21:38:23,8,4,0,12
2022-08-26T21:47:28,8,4,0,12
2022-08-26T21:56:33,8,4,0,12
2022-08-26T22:05:37,8,4,0,12
2022-08-26T22:14:41,8,4,0,12
2022-08-26T22:23:46,8,4,0,12
2022-08-26T22:32:52,8,4,0,12
2022-08-26T22:41:58,8,4,0,12
2022-08-26T22:51:03,8,4,0,12
2022-08-26T23:00:08,8,4,0,12
2022-08-26T23:09:14,8,4,0,12
2022-08-26T23:18:19,8,4,0,12
2022-08-26T23:27:35,8,4,0,12
2022-08-26T23:36:40,8,4,0,12
2022-08-26T23:45:45,8,4,0,12
2022-08-26T23:54:50,8,4,0,12
2022-08-27T00:04:01,8,4,0,12
2022-08-27T00:13:14,8,4,0,12
2022-08-27T00:22:22,8,4,0,12
2022-08-27T00:31:28,8,4,0,12
2022-08-27T00:40:35,8,4,0,12
2022-08-27T00:49:43,8,4,0,12
2022-08-27T00:58:51,8,4,0,12
2022-08-27T01:07:58,8,4,0,12
2022-08-27T01:17:06,8,4,0,12
2022-08-27T01:26:12,8,4,0,12
2022-08-27T01:35:19,8,4,0,12
2022-08-27T01:44:35,8,4,0,12
2022-08-27T01:53:43,8,4,0,12
2022-08-27T02:02:54,8,4,0,12
2022-08-27T02:12:01,8,4,0,12
2022-08-27T02:21:08,8,4,0,12
2022-08-27T02:30:18,8,4,0,12
2022-08-27T02:39:28,8,4,0,12
2022-08-27T02:48:33,8,4,0,12
2022-08-27T02:57:38,8,4,0,12
2022-08-27T03:06:43,8,4,0,12
2022-08-27T03:15:46,8,4,0,12
2022-08-27T03:24:51,8,4,0,12
2022-08-27T03:33:56,8,4,0,12
2022-08-27T03:43:02,8,4,0,12
2022-08-27T03:52:08,8,4,0,12
2022-08-27T04:01:15,8,4,0,12
2022-08-27T04:10:21,8,4,0,12
2022-08-27T04:26:09,8,4,0,12
2022-08-27T04:35:38,8,4,0,12
2022-08-27T04:44:44,8,4,0,12
2022-08-27T04:53:50,8,4,0,12
2022-08-27T05:02:56,8,4,0,12
2022-08-27T05:12:04,8,4,0,12
2022-08-27T05:21:32,8,4,0,12
2022-08-27T05:30:39,8,4,0,12
2022-08-27T05:39:47,8,4,0,12
2022-08-27T05:48:54,8,4,0,12
2022-08-27T05:58:01,8,4,0,12
2022-08-27T06:07:08,8,4,0,12
2022-08-27T06:16:16,8,4,0,12
2022-08-27T06:25:22,8,4,0,12
2022-08-27T06:34:29,8,4,0,12
2022-08-27T06:43:36,8,4,0,12
2022-08-27T06:52:46,8,4,0,12
2022-08-27T07:01:53,8,4,0,12
2022-08-27T07:11:00,8,4,0,12
2022-08-27T07:20:09,8,4,0,12
2022-08-27T07:29:16,8,4,0,12
2022-08-27T07:38:23,8,4,0,12
2022-08-27T07:47:29,8,4,0,12
2022-08-27T07:56:36,8,4,0,12
2022-08-27T08:05:43,8,4,0,12
2022-08-27T08:14:49,8,4,0,12
2022-08-27T08:23:56,8,4,0,12
2022-08-27T08:33:03,8,4,0,12
2022-08-27T08:42:09,8,4,0,12
2022-08-27T08:51:16,8,4,0,12
2022-08-27T09:00:22,8,4,0,12
2022-08-27T09:09:28,8,4,0,12
2022-08-27T09:18:34,8,4,0,12
2022-08-27T09:27:50,8,4,0,12
2022-08-27T09:36:56,8,4,0,12
2022-08-27T09:46:01,8,4,0,12
2022-08-27T09:55:07,8,4,0,12
2022-08-27T10:04:13,8,4,0,12
2022-08-27T10:13:19,8,4,0,12
2022-08-27T10:22:24,8,4,0,12
2022-08-27T10:31:28,8,4,0,12
2022-08-27T10:40:33,8,4,0,12
2022-08-27T10:49:38,8,4,0,12
2022-08-27T10:58:43,8,4,0,12
2022-08-27T11:07:48,8,4,0,12
2022-08-27T11:16:53,8,4,0,12
2022-08-27T11:25:57,8,4,0,12
2022-08-27T11:35:04,8,4,0,12
2022-08-27T11:44:10,8,4,0,12
2022-08-27T11:53:15,8,4,0,12
2022-08-27T12:02:20,8,4,0,12
2022-08-27T12:11:24,8,4,0,12
2022-08-27T12:20:39,8,4,0,12
2022-08-27T12:29:44,8,4,0,12
2022-08-27T12:38:48,8,4,0,12
2022-08-27T12:47:53,8,4,0,12
2022-08-27T12:56:58,8,4,0,12
2022-08-27T13:06:03,8,4,0,12
2022-08-27T13:15:07,8,4,0,12
2022-08-27T13:24:19,8,4,0,12
2022-08-27T13:33:23,8,4,0,12
2022-08-27T13:42:27,8,4,0,12
2022-08-27T13:51:32,8,4,0,12
2022-08-27T14:00:36,8,4,0,12
2022-08-27T14:09:41,8,4,0,12
2022-08-27T14:18:46,8,4,0,12
2022-08-27T14:27:52,8,4,0,12
2022-08-27T14:37:09,8,4,0,12
2022-08-27T14:46:13,8,4,0,12
2022-08-27T14:55:17,8,4,0,12
2022-08-27T15:04:21,8,4,0,12
2022-08-27T15:13:26,8,4,0,12
2022-08-27T15:22:31,8,4,0,12
2022-08-27T15:31:36,8,4,0,12
2022-08-27T15:40:41,8,4,0,12
2022-08-27T15:49:46,8,4,0,12
2022-08-27T15:58:50,8,4,0,12
2022-08-27T16:07:55,8,4,0,12
2022-08-27T16:16:59,8,4,0,12
2022-08-27T16:26:03,8,4,0,12
2022-08-27T16:35:08,8,4,0,12
2022-08-27T16:44:12,8,4,0,12
2022-08-27T16:53:17,8,4,0,12
2022-08-27T17:02:21,8,4,0,12
2022-08-27T17:11:26,8,4,0,12
2022-08-27T17:20:31,8,4,0,12
2022-08-27T17:29:46,8,4,0,12
2022-08-27T17:38:50,8,4,0,12
2022-08-27T17:47:54,8,4,0,12
2022-08-27T17:56:59,8,4,0,12
2022-08-27T18:06:04,8,4,0,12
2022-08-27T18:15:09,8,4,0,12
2022-08-27T18:24:14,8,4,0,12
2022-08-27T18:33:19,8,4,0,12
2022-08-27T18:42:24,8,4,0,12
2022-08-27T18:51:29,8,4,0,12
2022-08-27T19:00:34,8,4,0,12
2022-08-27T19:09:40,8,4,0,12
2022-08-27T19:18:45,8,4,0,12
2022-08-27T19:27:50,8,4,0,12
2022-08-27T19:36:56,8,4,0,12
2022-08-27T19:46:01,8,4,0,12
2022-08-27T19:55:06,8,4,0,12
2022-08-27T20:04:11,8,4,0,12
2022-08-27T20:13:16,8,4,0,12
2022-08-27T20:22:21,8,4,0,12
2022-08-27T20:31:35,8,4,0,12
2022-08-27T20:40:40,8,4,0,12
2022-08-27T20:49:45,8,4,0,12
2022-08-27T20:58:49,8,4,0,12
2022-08-27T21:07:54,8,4,0,12
2022-08-27T21:16:59,8,4,0,12
2022-08-27T21:26:05,8,4,0,12
2022-08-27T21:35:11,8,4,0,12
2022-08-27T21:44:15,8,4,0,12
2022-08-27T21:53:20,8,4,0,12
2022-08-27T22:02:24,8,4,0,12
2022-08-27T22:11:30,8,4,0,12
2022-08-27T22:20:35,8,4,0,12
2022-08-27T22:29:49,8,4,0,12
2022-08-27T22:38:53,8,4,0,12
2022-08-27T22:47:58,8,4,0,12
2022-08-27T22:57:02,8,4,0,12
2022-08-27T23:06:08,8,4,0,12
2022-08-27T23:15:13,8,4,0,12
2022-08-27T23:24:17,8,4,0,12
2022-08-27T23:33:22,8,4,0,12
2022-08-27T23:42:26,8,4,0,12
2022-08-27T23:51:31,8,4,0,12
2022-08-28T00:00:36,8,4,0,12
2022-08-28T00:09:52,8,4,0,12
2022-08-28T00:19:00,8,4,0,12
2022-08-28T00:28:05,8,4,0,12
2022-08-28T00:37:12,8,4,0,12
2022-08-28T00:46:17,8,4,0,12
2022-08-28T00:55:24,8,4,0,12
2022-08-28T01:04:28,8,4,0,12
2022-08-28T01:13:33,8,4,0,12
2022-08-28T01:22:38,8,4,0,12
2022-08-28T01:31:42,8,4,0,12
2022-08-28T01:40:47,8,4,0,12
2022-08-28T01:49:52,8,4,0,12
2022-08-28T01:58:57,8,4,0,12
2022-08-28T02:08:02,8,4,0,12
2022-08-28T02:17:07,8,4,0,12
2022-08-28T02:26:12,8,4,0,12
2022-08-28T02:35:25,8,4,0,12
2022-08-28T02:44:39,8,4,0,12
2022-08-28T02:53:48,8,4,0,12
2022-08-28T03:02:56,8,4,0,12
2022-08-28T03:12:15,8,4,0,12
2022-08-28T03:21:24,8,4,0,12
2022-08-28T03:30:32,8,4,0,12
2022-08-28T03:39:40,8,4,0,12
2022-08-28T03:48:47,8,4,0,12
2022-08-28T03:57:54,8,4,0,12
2022-08-28T04:07:02,8,4,0,12
2022-08-28T04:26:04,8,4,0,12
2022-08-28T04:35:36,8,4,0,12
2022-08-28T04:44:45,8,4,0,12
2022-08-28T04:53:53,8,4,0,12
2022-08-28T05:03:03,8,4,0,12
2022-08-28T05:12:15,8,4,0,12
2022-08-28T05:21:25,8,4,0,12
2022-08-28T05:30:31,8,4,0,12
2022-08-28T05:39:39,8,4,0,12
2022-08-28T05:48:45,8,4,0,12
2022-08-28T05:57:53,8,4,0,12
2022-08-28T06:07:00,8,4,0,12
2022-08-28T06:16:08,8,4,0,12
2022-08-28T06:25:15,8,4,0,12
2022-08-28T06:34:20,8,4,0,12
2022-08-28T06:43:24,8,4,0,12
2022-08-28T06:52:29,8,4,0,12
2022-08-28T07:01:34,8,4,0,12
2022-08-28T07:10:39,8,4,0,12
2022-08-28T07:19:44,8,4,0,12
2022-08-28T07:28:49,8,4,0,12
2022-08-28T07:37:54,8,4,0,12
2022-08-28T07:46:59,8,4,0,12
2022-08-28T07:56:04,8,4,0,12
2022-08-28T08:05:09,8,4,0,12
2022-08-28T08:14:14,8,4,0,12
2022-08-28T08:23:19,8,4,0,12
2022-08-28T08:32:25,8,4,0,12
2022-08-28T08:41:30,8,4,0,12
2022-08-28T08:50:34,8,4,0,12
2022-08-28T08:59:39,8,4,0,12
2022-08-28T09:08:44,8,4,0,12
2022-08-28T09:17:49,8,4,0,12
2022-08-28T09:26:54,8,4,0,12
2022-08-28T09:35:59,8,4,0,12
2022-08-28T09:45:04,8,4,0,12
2022-08-28T09:54:09,8,4,0,12
2022-08-28T10:03:14,8,4,0,12
2022-08-28T10:12:19,8,4,0,12
2022-08-28T10:21:25,8,4,0,12
2022-08-28T10:30:33,8,4,0,12
2022-08-28T10:39:47,8,4,0,12
2022-08-28T10:48:52,8,4,0,12
2022-08-28T10:57:58,8,4,0,12
2022-08-28T11:07:03,8,4,0,12
2022-08-28T11:16:08,8,4,0,12
2022-08-28T11:25:14,8,4,0,12
2022-08-28T11:34:19,8,4,0,12
2022-08-28T11:43:25,8,4,0,12
2022-08-28T11:52:30,8,4,0,12
2022-08-28T12:01:36,8,4,0,12
2022-08-28T12:10:42,8,4,0,12
2022-08-28T12:19:47,8,4,0,12
2022-08-28T12:28:53,8,4,0,12
2022-08-28T12:37:58,8,4,0,12
2022-08-28T12:47:03,8,4,0,12
2022-08-28T12:56:08,8,4,0,12
2022-08-28T13:05:13,8,4,0,12
2022-08-28T13:14:18,8,4,0,12
2022-08-28T13:23:22,8,4,0,12
2022-08-28T13:32:38,8,4,0,12
2022-08-28T13:41:43,8,4,0,12
2022-08-28T13:50:48,8,4,0,12
2022-08-28T13:59:53,8,4,0,12
2022-08-28T14:08:58,8,4,0,12
2022-08-28T14:18:03,8,4,0,12
2022-08-28T14:27:08,8,4,0,12
2022-08-28T14:36:13,8,4,0,12
2022-08-28T14:45:17,8,4,0,12
2022-08-28T14:54:22,8,4,0,12
2022-08-28T15:03:30,8,4,0,12
2022-08-28T15:12:36,8,4,0,12
2022-08-28T15:21:41,10,2,0,12
2022-08-28T15:30:47,10,2,0,12
2022-08-28T15:39:52,10,2,0,12
2022-08-28T15:48:57,10,2,0,12
2022-08-28T15:58:12,10,2,0,12
2022-08-28T16:07:17,10,2,0,12
2022-08-28T16:16:23,10,2,0,12
2022-08-28T16:25:28,10,2,0,12
2022-08-28T16:34:33,10,2,0,12
2022-08-28T16:43:38,10,2,0,12
2022-08-28T16:52:43,10,2,0,12
2022-08-28T17:01:48,10,2,0,12
2022-08-28T17:10:53,10,2,0,12
2022-08-28T17:19:58,10,2,0,12
2022-08-28T17:29:03,10,2,0,12
2022-08-28T17:38:07,10,2,0,12
2022-08-28T17:47:13,10,2,0,12
2022-08-28T17:56:18,10,2,0,12
2022-08-28T18:05:23,10,2,0,12
2022-08-28T18:14:38,10,2,0,12
2022-08-28T18:23:42,10,2,0,12
2022-08-28T18:32:47,10,2,0,12
2022-08-28T18:41:52,10,2,0,12
2022-08-28T18:50:58,10,2,0,12
2022-08-28T19:00:03,10,2,0,12
2022-08-28T19:09:10,10,2,0,12
2022-08-28T19:18:16,10,2,0,12
2022-08-28T19:27:21,10,2,0,12
2022-08-28T19:36:26,10,2,0,12
2022-08-28T19:45:32,10,2,0,12
2022-08-28T19:54:37,10,2,0,12
2022-08-28T20:03:43,10,2,0,12
2022-08-28T20:12:58,10,2,0,12
2022-08-28T20:22:04,10,2,0,12
2022-08-28T20:31:09,10,2,0,12
2022-08-28T20:40:14,10,2,0,12
2022-08-28T20:49:19,10,2,0,12
2022-08-28T20:58:24,10,2,0,12
2022-08-28T21:07:29,10,2,0,12
2022-08-28T21:16:34,10,2,0,12
2022-08-28T21:25:39,10,2,0,12
2022-08-28T21:34:44,10,2,0,12
2022-08-28T21:43:48,10,2,0,12
2022-08-28T21:52:53,10,2,0,12
2022-08-28T22:01:58,10,2,0,12
2022-08-28T22:11:03,10,2,0,12
2022-08-28T22:20:08,10,2,0,12
2022-08-28T22:29:13,10,2,0,12
2022-08-28T22:38:17,10,2,0,12
2022-08-28T22:47:22,10,2,0,12
2022-08-28T22:56:37,10,2,0,12
2022-08-28T23:05:43,10,2,0,12
2022-08-28T23:14:49,10,2,0,12
2022-08-28T23:23:55,10,2,0,12
2022-08-28T23:33:00,10,2,0,12
2022-08-28T23:42:06,10,2,0,12
2022-08-28T23:51:11,10,2,0,12
2022-08-29T00:00:16,10,2,0,12
2022-08-29T00:09:22,10,2,0,12
2022-08-29T00:18:32,10,2,0,12
2022-08-29T00:27:40,10,2,0,12
2022-08-29T00:36:48,10,2,0,12
2022-08-29T00:45:54,10,2,0,12
2022-08-29T00:55:01,10,2,0,12
2022-08-29T01:04:08,10,2,0,12
2022-08-29T01:13:18,10,2,0,12
2022-08-29T01:22:27,10,2,0,12
2022-08-29T01:31:35,10,2,0,12
2022-08-29T01:40:42,10,2,0,12
2022-08-29T01:49:50,10,2,0,12
2022-08-29T01:58:58,10,2,0,12
2022-08-29T02:08:06,10,2,0,12
2022-08-29T02:17:14,10,2,0,12
2022-08-29T02:26:29,10,2,0,12
2022-08-29T02:35:36,10,2,0,12
2022-08-29T02:44:42,10,2,0,12
2022-08-29T02:53:47,10,2,0,12
2022-08-29T03:02:53,10,2,0,12
2022-08-29T03:11:59,10,2,0,12
2022-08-29T03:21:06,10,2,0,12
2022-08-29T03:30:12,10,2,0,12
2022-08-29T03:39:18,10,2,0,12
2022-08-29T03:48:26,10,2,0,12
2022-08-29T03:57:35,10,2,0,12
2022-08-29T04:06:42,10,2,0,12
2022-08-29T04:26:10,10,2,0,12
2022-08-29T04:35:34,10,2,0,12
2022-08-29T04:44:43,10,2,0,12
2022-08-29T04:53:52,10,2,0,12
2022-08-29T05:03:00,10,2,0,12
2022-08-29T05:12:06,10,2,0,12
2022-08-29T05:21:12,10,2,0,12
2022-08-29T05:30:19,10,2,0,12
2022-08-29T05:39:25,10,2,0,12
2022-08-29T05:48:31,10,2,0,12
2022-08-29T05:57:37,10,2,0,12
2022-08-29T06:06:45,10,2,0,12
2022-08-29T06:15:52,10,2,0,12
2022-08-29T06:24:58,10,2,0,12
2022-08-29T06:34:07,10,2,0,12
2022-08-29T06:43:13,10,2,0,12
2022-08-29T06:52:21,10,2,0,12
2022-08-29T07:01:26,10,2,0,12
2022-08-29T07:10:33,10,2,0,12
2022-08-29T07:19:38,10,2,0,12
2022-08-29T07:28:44,10,2,0,12
2022-08-29T07:37:51,10,2,0,12
2022-08-29T07:46:57,10,2,0,12
2022-08-29T07:56:02,10,2,0,12
2022-08-29T08:05:08,10,2,0,12
2022-08-29T08:14:14,10,2,0,12
2022-08-29T08:23:21,10,2,0,12
2022-08-29T08:32:28,10,2,0,12
2022-08-29T08:41:35,10,2,0,12
2022-08-29T08:50:41,10,2,0,12
2022-08-29T08:59:48,10,2,0,12
2022-08-29T09:09:04,10,2,0,12
2022-08-29T09:18:11,10,2,0,12
2022-08-29T09:27:19,10,2,0,12
2022-08-29T09:36:25,10,2,0,12
2022-08-29T09:45:32,10,2,0,12
2022-08-29T09:54:42,10,2,0,12
2022-08-29T10:03:52,10,2,0,12
2022-08-29T10:12:59,10,2,0,12
2022-08-29T10:22:06,10,2,0,12
2022-08-29T10:31:13,10,2,0,12
2022-08-29T10:40:21,10,2,0,12
2022-08-29T10:49:39,10,2,0,12
2022-08-29T10:58:47,10,2,0,12
2022-08-29T11:07:55,10,2,0,12
2022-08-29T11:17:03,10,2,0,12
2022-08-29T11:26:12,10,2,0,12
2022-08-29T11:35:20,10,2,0,12
2022-08-29T11:44:28,10,2,0,12
2022-08-29T11:53:35,10,2,0,12
2022-08-29T12:02:42,10,2,0,12
2022-08-29T12:11:49,10,2,0,12
2022-08-29T12:20:58,10,2,0,12
2022-08-29T12:30:15,10,2,0,12
2022-08-29T12:39:22,10,2,0,12
2022-08-29T12:48:28,10,2,0,12
2022-08-29T12:57:36,10,2,0,12
2022-08-29T13:06:44,10,2,0,12
2022-08-29T13:15:51,10,2,0,12
2022-08-29T13:24:59,10,2,0,12
2022-08-29T13:34:06,10,2,0,12
2022-08-29T13:43:14,10,2,0,12
2022-08-29T13:52:38,10,2,0,12
2022-08-29T14:01:45,10,2,0,12
2022-08-29T14:10:53,10,2,0,12
2022-08-29T14:20:00,10,2,0,12
2022-08-29T14:29:09,10,2,0,12
2022-08-29T14:38:18,10,2,0,12
2022-08-29T14:47:27,10,2,0,12
2022-08-29T14:56:35,10,2,0,12
2022-08-29T15:05:43,10,2,0,12
2022-08-29T15:14:54,10,2,0,12
2022-08-29T15:24:05,10,2,0,12
2022-08-29T15:33:14,10,2,0,12
2022-08-29T15:42:35,10,2,0,12
2022-08-29T15:51:43,10,2,0,12
2022-08-29T16:00:53,10,2,0,12
2022-08-29T16:10:01,10,2,0,12
2022-08-29T16:19:10,10,2,0,12
2022-08-29T16:28:19,10,2,0,12
2022-08-29T16:37:32,10,2,0,12
2022-08-29T16:46:42,10,2,0,12
2022-08-29T16:55:49,10,2,0,12
2022-08-29T17:04:57,10,2,0,12
2022-08-29T17:14:27,10,2,0,12
2022-08-29T17:23:35,10,2,0,12
2022-08-29T17:32:43,10,2,0,12
2022-08-29T17:41:50,10,2,0,12
2022-08-29T17:50:57,10,2,0,12
2022-08-29T18:00:04,10,2,0,12
2022-08-29T18:09:11,10,2,0,12
2022-08-29T18:18:28,10,2,0,12
2022-08-29T18:27:35,10,2,0,12
2022-08-29T18:36:42,10,2,0,12
2022-08-29T18:45:48,10,2,0,12
2022-08-29T18:54:55,10,2,0,12
2022-08-29T19:04:01,10,2,0,12
2022-08-29T19:13:08,10,2,0,12
2022-08-29T19:22:15,10,2,0,12
2022-08-29T19:31:22,10,2,0,12
2022-08-29T19:40:27,10,2,0,12
2022-08-29T19:49:33,10,2,0,12
2022-08-29T19:58:38,10,2,0,12
2022-08-29T20:07:44,10,2,0,12
2022-08-29T20:16:52,10,2,0,12
2022-08-29T20:26:19,10,2,0,12
2022-08-29T20:35:25,10,2,0,12
2022-08-29T20:44:31,10,2,0,12
2022-08-29T20:53:36,10,2,0,12
2022-08-29T21:02:42,10,2,0,12
2022-08-29T21:11:48,10,2,0,12
2022-08-29T21:20:53,10,2,0,12
2022-08-29T21:29:58,10,2,0,12
2022-08-29T21:39:04,10,2,0,12
2022-08-29T21:48:10,10,2,0,12
2022-08-29T21:57:25,10,2,0,12
2022-08-29T22:06:30,10,2,0,12
2022-08-29T22:15:36,10,2,0,12
2022-08-29T22:24:41,10,2,0,12
2022-08-29T22:33:47,10,2,0,12
2022-08-29T22:42:52,10,2,0,12
2022-08-29T22:51:58,10,2,0,12
2022-08-29T23:01:03,10,2,0,12
2022-08-29T23:10:21,10,2,0,12
2022-08-29T23:19:26,10,2,0,12
2022-08-29T23:28:32,10,2,0,12
2022-08-29T23:37:38,10,2,0,12
2022-08-29T23:46:43,10,2,0,12
2022-08-29T23:55:48,10,2,0,12
2022-08-30T00:04:55,10,2,0,12
2022-08-30T00:14:03,10,2,0,12
2022-08-30T00:23:15,10,2,0,12
2022-08-30T00:32:23,10,2,0,12
2022-08-30T00:41:31,10,2,0,12
2022-08-30T00:50:40,10,2,0,12
2022-08-30T00:59:48,10,2,0,12
2022-08-30T01:08:58,10,2,0,12
2022-08-30T01:18:07,10,2,0,12
2022-08-30T01:27:15,10,2,0,12
2022-08-30T01:36:22,10,2,0,12
2022-08-30T01:45:40,10,2,0,12
2022-08-30T01:54:49,10,2,0,12
2022-08-30T02:03:57,10,2,0,12
2022-08-30T02:13:04,10,2,0,12
2022-08-30T02:22:10,10,2,0,12
2022-08-30T02:31:16,10,2,0,12
2022-08-30T02:40:22,10,2,0,12
2022-08-30T02:49:28,10,2,0,12
2022-08-30T02:58:36,10,2,0,12
2022-08-30T03:07:42,10,2,0,12
2022-08-30T03:16:48,10,2,0,12
2022-08-30T03:25:53,10,2,0,12
2022-08-30T03:35:06,10,2,0,12
2022-08-30T03:44:20,10,2,0,12
2022-08-30T03:53:35,10,2,0,12
2022-08-30T04:02:49,10,2,0,12
2022-08-30T04:12:04,10,2,0,12
2022-08-30T04:24:59,10,2,0,12
2022-08-30T04:34:37,10,2,0,12
2022-08-30T04:43:54,10,2,0,12
2022-08-30T04:53:08,10,2,0,12
2022-08-30T05:02:22,10,2,0,12
2022-08-30T05:11:35,10,2,0,12
2022-08-30T05:20:47,10,2,0,12
2022-08-30T05:29:57,10,2,0,12
2022-08-30T05:39:06,10,2,0,12
2022-08-30T05:48:15,10,2,0,12
2022-08-30T05:57:25,10,2,0,12
2022-08-30T06:06:36,10,2,0,12
2022-08-30T06:15:48,10,2,0,12
2022-08-30T06:24:56,10,2,0,12
2022-08-30T06:34:05,10,2,0,12
2022-08-30T06:43:14,10,2,0,12
2022-08-30T06:52:24,10,2,0,12
2022-08-30T07:01:33,10,2,0,12
2022-08-30T07:10:45,10,2,0,12
2022-08-30T07:19:54,10,2,0,12
2022-08-30T07:29:02,10,2,0,12
2022-08-30T07:38:10,10,2,0,12
2022-08-30T07:47:19,10,2,0,12
2022-08-30T07:56:29,10,2,0,12
2022-08-30T08:05:38,10,2,0,12
2022-08-30T08:14:45,10,2,0,12
2022-08-30T08:23:53,10,2,0,12
2022-08-30T08:33:00,10,2,0,12
2022-08-30T08:42:07,10,2,0,12
2022-08-30T08:51:15,10,2,0,12
2022-08-30T09:00:23,10,2,0,12
2022-08-30T09:09:31,10,2,0,12
2022-08-30T09:18:49,10,2,0,12
2022-08-30T09:27:58,10,2,0,12
2022-08-30T09:37:06,10,2,0,12
2022-08-30T09:46:14,10,2,0,12
2022-08-30T09:55:21,10,2,0,12
2022-08-30T10:04:29,10,2,0,12
2022-08-30T10:13:37,10,2,0,12
2022-08-30T10:22:45,10,2,0,12
2022-08-30T10:31:54,10,2,0,12
2022-08-30T10:41:13,10,2,0,12
2022-08-30T10:50:21,10,2,0,12
2022-08-30T10:59:29,10,2,0,12
2022-08-30T11:08:38,10,2,0,12
2022-08-30T11:17:47,10,2,0,12
2022-08-30T11:26:55,10,2,0,12
2022-08-30T11:36:04,10,2,0,12
2022-08-30T11:45:12,10,2,0,12
2022-08-30T11:54:21,10,2,0,12
2022-08-30T12:03:29,10,2,0,12
2022-08-30T12:12:37,10,2,0,12
2022-08-30T12:21:54,10,2,0,12
2022-08-30T12:31:01,10,2,0,12
2022-08-30T12:40:09,10,2,0,12
2022-08-30T12:49:16,10,2,0,12
2022-08-30T12:58:24,10,2,0,12
2022-08-30T13:07:31,10,2,0,12
2022-08-30T13:16:38,10,2,0,12
2022-08-30T13:25:47,10,2,0,12
2022-08-30T13:34:56,10,2,0,12
2022-08-30T13:44:06,10,2,0,12
2022-08-30T13:53:14,10,2,0,12
2022-08-30T14:02:22,10,2,0,12
2022-08-30T14:11:41,10,2,0,12
2022-08-30T14:20:49,10,2,0,12
2022-08-30T14:29:56,10,2,0,12
2022-08-30T14:39:03,10,2,0,12
2022-08-30T14:48:11,10,2,0,12
2022-08-30T14:57:20,10,2,0,12
2022-08-30T15:06:28,10,2,0,12
2022-08-30T15:15:35,10,2,0,12
2022-08-30T15:24:53,10,2,0,12
2022-08-30T15:34:03,10,2,0,12
2022-08-30T15:43:11,10,2,0,12
2022-08-30T15:52:18,10,2,0,12
2022-08-30T16:01:26,10,2,0,12
2022-08-30T16:10:34,10,2,0,12
2022-08-30T16:19:41,10,2,0,12
2022-08-30T16:28:50,10,2,0,12
2022-08-30T16:37:58,10,2,0,12
2022-08-30T16:47:05,10,2,0,12
2022-08-30T16:56:12,10,2,0,12
2022-08-30T17:05:29,10,2,0,12
2022-08-30T17:14:36,10,2,0,12
2022-08-30T17:23:42,10,2,0,12
2022-08-30T17:32:48,10,2,0,12
2022-08-30T17:41:55,10,2,0,12
2022-08-30T17:51:01,10,2,0,12
2022-08-30T18:00:08,10,2,0,12
2022-08-30T18:09:17,10,2,0,12
2022-08-30T18:18:27,10,2,0,12
2022-08-30T18:27:34,10,2,0,12
2022-08-30T18:36:41,10,2,0,12
2022-08-30T18:45:47,10,2,0,12
2022-08-30T18:54:53,10,2,0,12
2022-08-30T19:04:00,10,2,0,12
2022-08-30T19:13:17,10,2,0,12
2022-08-30T19:22:23,10,2,0,12
2022-08-30T19:31:30,10,2,0,12
2022-08-30T19:40:36,10,2,0,12
2022-08-30T19:49:43,10,2,0,12
2022-08-30T19:58:49,10,2,0,12
2022-08-30T20:07:56,10,2,0,12
2022-08-30T20:17:02,10,2,0,12
2022-08-30T20:26:08,10,2,0,12
2022-08-30T20:35:14,10,2,0,12
2022-08-30T20:44:20,10,2,0,12
2022-08-30T20:53:27,10,2,0,12
2022-08-30T21:02:33,10,2,0,12
2022-08-30T21:11:51,10,2,0,12
2022-08-30T21:20:57,10,2,0,12
2022-08-30T21:30:03,10,2,0,12
2022-08-30T21:39:09,10,2,0,12
2022-08-30T21:48:15,10,2,0,12
2022-08-30T21:57:21,10,2,0,12
2022-08-30T22:06:28,10,2,0,12
2022-08-30T22:15:35,10,2,0,12
2022-08-30T22:24:41,10,2,0,12
2022-08-30T22:33:47,10,2,0,12
2022-08-30T22:42:53,10,2,0,12
2022-08-30T22:51:59,10,2,0,12
2022-08-30T23:01:05,10,2,0,12
2022-08-30T23:10:23,10,2,0,12
2022-08-30T23:19:29,10,2,0,12
2022-08-30T23:28:35,10,2,0,12
2022-08-30T23:37:41,10,2,0,12
2022-08-30T23:46:47,10,2,0,12
2022-08-30T23:55:53,10,2,0,12
2022-08-31T00:05:00,10,2,0,12
2022-08-31T00:14:08,10,2,0,12
2022-08-31T00:23:19,10,2,0,12
2022-08-31T00:32:26,10,2,0,12
2022-08-31T00:41:33,10,2,0,12
2022-08-31T00:50:41,10,2,0,12
2022-08-31T00:59:49,10,2,0,12
2022-08-31T01:09:10,10,2,0,12
2022-08-31T01:18:20,10,2,0,12
2022-08-31T01:27:30,10,2,0,12
2022-08-31T01:36:39,10,2,0,12
2022-08-31T01:45:46,10,2,0,12
2022-08-31T01:54:53,10,2,0,12
2022-08-31T02:04:00,10,2,0,12
2022-08-31T02:13:10,10,2,0,12
2022-08-31T02:22:28,10,2,0,12
2022-08-31T02:31:38,10,2,0,12
2022-08-31T02:40:46,10,2,0,12
2022-08-31T02:49:53,10,2,0,12
2022-08-31T02:59:00,10,2,0,12
2022-08-31T03:08:07,10,2,0,12
2022-08-31T03:17:14,10,2,0,12
2022-08-31T03:26:20,10,2,0,12
2022-08-31T03:35:29,10,2,0,12
2022-08-31T03:44:38,10,2,0,12
2022-08-31T03:53:46,10,2,0,12
2022-08-31T04:02:54,10,2,0,12
2022-08-31T04:12:02,10,2,0,12
2022-08-31T04:29:27,10,2,0,12
2022-08-31T04:39:00,10,2,0,12
2022-08-31T04:48:10,10,2,0,12
2022-08-31T04:57:19,10,2,0,12
2022-08-31T05:06:31,10,2,0,12
2022-08-31T05:15:40,10,2,0,12
2022-08-31T05:24:47,10,2,0,12
2022-08-31T05:33:53,10,2,0,12
2022-08-31T05:43:00,10,2,0,12
2022-08-31T05:52:07,10,2,0,12
2022-08-31T06:01:14,10,2,0,12
2022-08-31T06:10:22,10,2,0,12
2022-08-31T06:19:29,10,2,0,12
2022-08-31T06:28:38,10,2,0,12
2022-08-31T06:37:48,10,2,0,12
2022-08-31T06:46:54,10,2,0,12
2022-08-31T06:56:00,10,2,0,12
2022-08-31T07:05:08,10,2,0,12
2022-08-31T07:14:15,10,2,0,12
2022-08-31T07:23:23,10,2,0,12
2022-08-31T07:32:30,10,2,0,12
2022-08-31T07:41:37,10,2,0,12
2022-08-31T07:50:44,10,2,0,12
2022-08-31T07:59:51,10,2,0,12
2022-08-31T08:08:58,10,2,0,12
2022-08-31T08:18:05,10,2,0,12
2022-08-31T08:27:13,10,2,0,12
2022-08-31T08:36:33,10,2,0,12
2022-08-31T08:45:41,10,2,0,12
2022-08-31T08:54:48,10,2,0,12
2022-08-31T09:03:56,10,2,0,12
2022-08-31T09:13:03,10,2,0,12
2022-08-31T09:22:10,10,2,0,12
2022-08-31T09:31:18,10,2,0,12
2022-08-31T09:40:25,10,2,0,12
2022-08-31T09:49:33,10,2,0,12
2022-08-31T10:00:07,10,2,0,12
2022-08-31T10:36:03,10,2,0,12
2022-08-31T10:45:38,10,2,0,12
2022-08-31T10:54:47,10,2,0,12
2022-08-31T11:03:57,10,2,0,12
2022-08-31T11:13:06,10,2,0,12
2022-08-31T11:22:14,10,2,0,12
2022-08-31T11:31:22,10,2,0,12
2022-08-31T11:40:31,10,2,0,12
2022-08-31T11:49:39,10,2,0,12
2022-08-31T11:58:48,10,2,0,12
2022-08-31T12:07:58,10,2,0,12
2022-08-31T12:17:10,10,2,0,12
2022-08-31T12:26:27,10,2,0,12
2022-08-31T12:35:34,10,2,0,12
2022-08-31T12:44:41,10,2,0,12
2022-08-31T12:53:49,10,2,0,12
2022-08-31T13:02:57,10,2,0,12
2022-08-31T13:12:05,10,2,0,12
2022-08-31T13:21:16,10,2,0,12
2022-08-31T13:30:24,10,2,0,12
2022-08-31T13:39:32,10,2,0,12
2022-08-31T13:48:41,10,2,0,12
2022-08-31T13:57:50,10,2,0,12
2022-08-31T14:06:58,10,2,0,12
2022-08-31T14:16:07,10,2,0,12
2022-08-31T14:25:15,10,2,0,12
2022-08-31T14:34:25,10,2,0,12
2022-08-31T14:43:46,10,2,0,12
2022-08-31T14:52:58,10,2,0,12
2022-08-31T15:02:11,10,2,0,12
2022-08-31T15:11:20,10,2,0,12
2022-08-31T15:20:28,10,2,0,12
2022-08-31T15:29:41,10,2,0,12
2022-08-31T15:38:49,10,2,0,12
2022-08-31T15:47:57,10,2,0,12
2022-08-31T15:57:06,10,2,0,12
2022-08-31T16:06:16,10,2,0,12
2022-08-31T16:15:26,10,2,0,12
2022-08-31T16:24:35,10,2,0,12
2022-08-31T16:33:54,10,2,0,12
2022-08-31T16:43:02,10,2,0,12
2022-08-31T16:52:11,10,2,0,12
2022-08-31T17:01:20,10,2,0,12
2022-08-31T17:10:29,10,2,0,12
2022-08-31T17:19:37,10,2,0,12
2022-08-31T17:28:44,10,2,0,12
2022-08-31T17:37:52,10,2,0,12
2022-08-31T17:43:24,10,2,0,12
2022-08-31T17:52:31,10,2,0,12
2022-08-31T18:01:38,10,2,0,12
2022-08-31T18:10:46,10,2,0,12
2022-08-31T18:19:53,10,2,0,12
2022-08-31T18:29:00,10,2,0,12
2022-08-31T18:38:07,10,2,0,12
2022-08-31T18:47:15,10,2,0,12
2022-08-31T18:56:22,10,2,0,12
2022-08-31T19:05:41,10,2,0,12
2022-08-31T19:14:48,10,2,0,12
2022-08-31T19:23:57,10,2,0,12
2022-08-31T19:33:04,10,2,0,12
2022-08-31T19:42:11,10,2,0,12
2022-08-31T19:51:18,10,2,0,12
2022-08-31T20:00:25,10,2,0,12
2022-08-31T20:09:33,10,2,0,12
2022-08-31T20:18:41,10,2,0,12
2022-08-31T20:27:48,10,2,0,12
2022-08-31T20:36:54,10,2,0,12
2022-08-31T20:46:01,10,2,0,12
2022-08-31T20:55:08,10,2,0,12
2022-08-31T21:04:15,10,2,0,12
2022-08-31T21:13:21,10,2,0,12
2022-08-31T21:22:40,10,2,0,12
2022-08-31T21:31:46,10,2,0,12
2022-08-31T21:40:53,10,2,0,12
2022-08-31T21:50:00,10,2,0,12
2022-08-31T21:59:07,10,2,0,12
2022-08-31T22:08:14,10,2,0,12
2022-08-31T22:17:21,10,2,0,12
2022-08-31T22:26:28,10,2,0,12
2022-08-31T22:35:35,10,2,0,12
2022-08-31T22:44:41,10,2,0,12
2022-08-31T22:53:48,10,2,0,12
2022-08-31T23:02:56,10,2,0,12
2022-08-31T23:12:03,10,2,0,12
2022-08-31T23:21:10,10,2,0,12
2022-08-31T23:30:17,10,2,0,12
2022-08-31T23:39:23,10,2,0,12
2022-08-31T23:48:30,10,2,0,12
2022-08-31T23:57:37,10,2,0,12
2022-09-01T00:06:55,10,2,0,12
2022-09-01T00:16:07,10,2,0,12
2022-09-01T00:25:16,10,2,0,12
2022-09-01T00:34:24,10,2,0,12
2022-09-01T00:43:33,10,2,0,12
2022-09-01T00:52:43,10,2,0,12
2022-09-01T01:01:52,10,2,0,12
2022-09-01T01:11:01,10,2,0,12
2022-09-01T01:20:09,10,2,0,12
2022-09-01T01:29:18,10,2,0,12
2022-09-01T01:38:24,10,2,0,12
2022-09-01T01:47:29,10,2,0,12
2022-09-01T01:56:39,10,2,0,12
2022-09-01T02:05:45,10,2,0,12
2022-09-01T02:14:49,10,2,0,12
2022-09-01T02:23:53,10,2,0,12
2022-09-01T02:32:57,10,2,0,12
2022-09-01T02:42:00,10,2,0,12
2022-09-01T02:51:04,10,2,0,12
2022-09-01T03:00:07,10,2,0,12
2022-09-01T03:09:11,10,2,0,12
2022-09-01T03:18:14,10,2,0,12
2022-09-01T03:27:17,10,2,0,12
2022-09-01T03:36:20,10,2,0,12
2022-09-01T03:45:25,10,2,0,12
2022-09-01T03:56:32,10,2,0,12
2022-09-01T04:06:02,10,2,0,12
2022-09-01T04:23:40,10,2,0,12
2022-09-01T04:33:10,10,2,0,12
2022-09-01T04:42:18,10,2,0,12
2022-09-01T04:51:26,10,2,0,12
2022-09-01T05:00:33,10,2,0,12
2022-09-01T05:09:40,10,2,0,12
2022-09-01T05:18:45,10,2,0,12
2022-09-01T05:27:50,10,2,0,12
2022-09-01T05:36:56,10,2,0,12
2022-09-01T05:46:01,10,2,0,12
2022-09-01T05:55:07,10,2,0,12
2022-09-01T06:04:14,10,2,0,12
2022-09-01T06:13:21,10,2,0,12
2022-09-01T06:22:26,10,2,0,12
2022-09-01T06:31:31,10,2,0,12
2022-09-01T06:40:37,10,2,0,12
2022-09-01T06:49:41,10,2,0,12
2022-09-01T06:58:45,10,2,0,12
2022-09-01T07:07:51,10,2,0,12
2022-09-01T07:16:56,10,2,0,12
2022-09-01T07:26:01,10,2,0,12
2022-09-01T07:35:06,10,2,0,12
2022-09-01T07:44:12,10,2,0,12
2022-09-01T07:53:18,10,2,0,12
2022-09-01T08:02:25,10,2,0,12
2022-09-01T08:11:31,10,2,0,12
2022-09-01T08:20:37,10,2,0,12
2022-09-01T08:29:44,10,2,0,12
2022-09-01T08:38:51,10,2,0,12
2022-09-01T08:47:56,10,2,0,12
2022-09-01T08:57:03,10,2,0,12
2022-09-01T09:06:08,10,2,0,12
2022-09-01T09:15:14,10,2,0,12
2022-09-01T09:24:19,10,2,0,12
2022-09-01T09:33:24,10,2,0,12
2022-09-01T09:42:31,10,2,0,12
2022-09-01T09:51:38,10,2,0,12
2022-09-01T10:00:54,10,2,0,12
2022-09-01T10:10:00,10,2,0,12
2022-09-01T10:19:06,10,2,0,12
2022-09-01T10:28:12,10,2,0,12
2022-09-01T10:37:17,10,2,0,12
2022-09-01T10:46:24,10,2,0,12
2022-09-01T10:55:30,10,2,0,12
2022-09-01T11:04:37,10,2,0,12
2022-09-01T11:13:43,10,2,0,12
2022-09-01T11:22:49,10,2,0,12
2022-09-01T11:31:55,10,2,0,12
2022-09-01T11:41:13,10,2,0,12
2022-09-01T11:50:19,10,2,0,12
2022-09-01T11:59:24,10,2,0,12
2022-09-01T12:08:31,10,2,0,12
2022-09-01T12:17:36,10,2,0,12
2022-09-01T12:26:42,10,2,0,12
2022-09-01T12:35:48,10,2,0,12
2022-09-01T12:44:53,10,2,0,12
2022-09-01T12:53:58,10,2,0,12
2022-09-01T13:03:04,10,2,0,12
2022-09-01T13:12:10,10,2,0,12
2022-09-01T13:21:16,10,2,0,12
2022-09-01T13:30:34,10,2,0,12
2022-09-01T13:39:40,10,2,0,12
2022-09-01T13:48:47,10,2,0,12
2022-09-01T13:57:53,10,2,0,12
2022-09-01T14:07:00,10,2,0,12
2022-09-01T14:16:07,10,2,0,12
2022-09-01T14:25:14,10,2,0,12
2022-09-01T14:34:22,10,2,0,12
2022-09-01T14:43:29,10,2,0,12
2022-09-01T14:52:37,10,2,0,12
2022-09-01T15:01:45,10,2,0,12
2022-09-01T15:11:06,10,2,0,12
2022-09-01T15:20:13,10,2,0,12
2022-09-01T15:29:20,10,2,0,12
2022-09-01T15:38:27,10,2,0,12
2022-09-01T15:47:35,10,2,0,12
2022-09-01T15:56:44,10,2,0,12
2022-09-01T16:05:58,10,2,0,12
2022-09-01T16:15:14,10,2,0,12
2022-09-01T16:24:29,10,2,0,12
2022-09-01T16:33:56,10,2,0,12
2022-09-01T16:43:13,10,2,0,12
2022-09-01T16:52:37,10,2,0,12
2022-09-01T17:02:00,10,2,0,12
2022-09-01T17:11:28,10,2,0,12
2022-09-01T17:20:54,10,2,0,12
2022-09-01T17:30:11,10,2,0,12
2022-09-01T17:39:30,10,2,0,12
2022-09-01T17:48:45,10,2,0,12
2022-09-01T17:58:01,10,2,0,12
2022-09-01T18:07:18,10,2,0,12
2022-09-01T18:16:33,10,2,0,12
2022-09-01T18:25:51,10,2,0,12
2022-09-01T18:35:17,10,2,0,12
2022-09-01T18:44:34,10,2,0,12
2022-09-01T18:53:51,10,2,0,12
2022-09-01T19:03:06,10,2,0,12
2022-09-01T19:12:21,10,2,0,12
2022-09-01T19:21:38,10,2,0,12
2022-09-01T19:30:49,10,2,0,12
2022-09-01T19:39:55,10,2,0,12
2022-09-01T19:49:01,10,2,0,12
2022-09-01T19:58:08,10,2,0,12
2022-09-01T20:07:14,10,2,0,12
2022-09-01T20:16:20,10,2,0,12
2022-09-01T20:25:26,10,2,0,12
2022-09-01T20:34:32,10,2,0,12
2022-09-01T20:43:38,10,2,0,12
2022-09-01T20:52:44,10,2,0,12
2022-09-01T21:01:50,10,2,0,12
2022-09-01T21:10:56,10,2,0,12
2022-09-01T21:20:17,10,2,0,12
2022-09-01T21:29:24,10,2,0,12
2022-09-01T21:38:30,10,2,0,12
2022-09-01T21:47:36,10,2,0,12
2022-09-01T21:56:42,10,2,0,12
2022-09-01T22:05:48,10,2,0,12
2022-09-01T22:14:54,10,2,0,12
2022-09-01T22:24:00,10,2,0,12
2022-09-01T22:33:04,10,2,0,12
2022-09-01T22:42:10,10,2,0,12
2022-09-01T22:51:15,10,2,0,12
2022-09-01T23:00:21,10,2,0,12
2022-09-01T23:09:28,10,2,0,12
2022-09-01T23:18:34,10,2,0,12
2022-09-01T23:27:40,10,2,0,12
2022-09-01T23:36:47,10,2,0,12
2022-09-01T23:45:52,10,2,0,12
2022-09-01T23:54:58,10,2,0,12
2022-09-02T00:04:07,10,2,0,12
2022-09-02T00:13:25,10,2,0,12
2022-09-02T00:22:34,10,2,0,12
2022-09-02T00:31:41,10,2,0,12
2022-09-02T00:40:49,10,2,0,12
2022-09-02T00:49:58,10,2,0,12
2022-09-02T00:59:06,10,2,0,12
2022-09-02T01:08:15,10,2,0,12
2022-09-02T01:17:23,10,2,0,12
2022-09-02T01:26:32,10,2,0,12
2022-09-02T01:35:40,10,2,0,12
2022-09-02T01:44:47,10,2,0,12
2022-09-02T01:53:54,10,2,0,12
2022-09-02T02:03:04,10,2,0,12
2022-09-02T02:12:13,10,2,0,12
2022-09-02T02:21:20,10,2,0,12
2022-09-02T02:30:28,10,2,0,12
2022-09-02T02:39:36,10,2,0,12
2022-09-02T02:48:44,10,2,0,12
2022-09-02T02:57:55,10,2,0,12
2022-09-02T03:07:12,10,2,0,12
2022-09-02T03:16:22,10,2,0,12
2022-09-02T03:25:31,10,2,0,12
2022-09-02T03:34:41,10,2,0,12
2022-09-02T03:43:52,10,2,0,12
2022-09-02T03:53:02,10,2,0,12
2022-09-02T04:02:12,10,2,0,12
2022-09-02T04:22:05,10,2,0,12
2022-09-02T04:31:35,10,2,0,12
2022-09-02T04:40:48,10,2,0,12
2022-09-02T04:50:01,10,2,0,12
2022-09-02T04:59:13,10,2,0,12
2022-09-02T05:08:28,10,2,0,12
2022-09-02T05:17:37,10,2,0,12
2022-09-02T05:26:48,10,2,0,12
2022-09-02T05:36:00,10,2,0,12
2022-09-02T05:45:12,10,2,0,12
2022-09-02T05:54:22,10,2,0,12
2022-09-02T06:03:32,10,2,0,12
2022-09-02T06:12:43,10,2,0,12
2022-09-02T06:21:52,10,2,0,12
2022-09-02T06:31:02,10,2,0,12
2022-09-02T06:40:12,10,2,0,12
2022-09-02T06:49:20,10,2,0,12
2022-09-02T06:58:29,10,2,0,12
2022-09-02T07:07:38,10,2,0,12
2022-09-02T07:16:51,10,2,0,12
2022-09-02T07:26:00,10,2,0,12
2022-09-02T07:35:09,10,2,0,12
2022-09-02T07:44:18,10,2,0,12
2022-09-02T07:53:27,10,2,0,12
2022-09-02T08:02:35,10,2,0,12
2022-09-02T08:11:44,10,2,0,12
2022-09-02T08:20:53,10,2,0,12
2022-09-02T08:30:03,10,2,0,12
2022-09-02T08:39:13,10,2,0,12
2022-09-02T08:48:21,10,2,0,12
2022-09-02T08:57:31,10,2,0,12
2022-09-02T09:06:41,10,2,0,12
2022-09-02T09:15:51,10,2,0,12
2022-09-02T09:25:00,10,2,0,12
2022-09-02T09:34:10,10,2,0,12
2022-09-02T09:43:30,10,2,0,12
2022-09-02T09:52:42,10,2,0,12
2022-09-02T10:01:52,10,2,0,12
2022-09-02T10:11:02,10,2,0,12
2022-09-02T10:20:12,10,2,0,12
2022-09-02T10:29:22,10,2,0,12
2022-09-02T10:38:33,10,2,0,12
2022-09-02T10:47:44,10,2,0,12
2022-09-02T10:56:54,10,2,0,12
2022-09-02T11:06:18,10,2,0,12
2022-09-02T11:15:28,10,2,0,12
2022-09-02T11:24:39,10,2,0,12
2022-09-02T11:33:49,10,2,0,12
2022-09-02T11:42:59,10,2,0,12
2022-09-02T11:52:10,10,2,0,12
2022-09-02T12:01:19,10,2,0,12
2022-09-02T12:10:30,10,2,0,12
2022-09-02T12:19:40,10,2,0,12
2022-09-02T12:28:49,10,2,0,12
2022-09-02T12:38:12,10,2,0,12
2022-09-02T12:47:21,10,2,0,12
2022-09-02T12:56:30,10,2,0,12
2022-09-02T13:05:39,10,2,0,12
2022-09-02T13:14:49,10,2,0,12
2022-09-02T13:23:59,10,2,0,12
2022-09-02T13:33:09,10,2,0,12
2022-09-02T13:42:19,10,2,0,12
2022-09-02T13:51:29,10,2,0,12
2022-09-02T14:00:39,10,2,0,12
2022-09-02T14:09:48,10,2,0,12
2022-09-02T14:19:08,10,2,0,12
2022-09-02T14:28:17,10,2,0,12
2022-09-02T14:37:27,10,2,0,12
2022-09-02T14:46:36,10,2,0,12
2022-09-02T14:55:45,10,2,0,12
2022-09-02T15:04:54,11,1,0,12
2022-09-02T15:14:03,11,1,0,12
2022-09-02T15:23:12,11,1,0,12
2022-09-02T15:32:21,11,1,0,12
2022-09-02T15:41:30,11,1,0,12
2022-09-02T15:50:52,11,1,0,12
2022-09-02T16:00:01,11,1,0,12
2022-09-02T16:09:09,11,1,0,12
2022-09-02T16:18:18,11,1,0,12
2022-09-02T16:27:26,11,1,0,12
2022-09-02T16:36:34,11,1,0,12
2022-09-02T16:45:42,11,1,0,12
2022-09-02T16:54:51,11,1,0,12
2022-09-02T17:03:59,11,1,0,12
2022-09-02T17:13:09,11,1,0,12
2022-09-02T17:22:17,11,1,0,12
2022-09-02T17:31:25,11,1,0,12
2022-09-02T17:40:44,11,1,0,12
2022-09-02T17:49:52,11,1,0,12
2022-09-02T17:59:00,11,1,0,12
2022-09-02T18:08:08,11,1,0,12
2022-09-02T18:17:17,11,1,0,12
2022-09-02T18:26:25,11,1,0,12
2022-09-02T18:35:33,11,1,0,12
2022-09-02T18:44:41,11,1,0,12
2022-09-02T18:53:48,11,1,0,12
2022-09-02T19:02:56,11,1,0,12
2022-09-02T19:12:04,11,1,0,12
2022-09-02T19:21:12,11,1,0,12
2022-09-02T19:30:23,11,1,0,12
2022-09-02T19:39:32,11,1,0,12
2022-09-02T19:48:41,11,1,0,12
2022-09-02T19:57:59,11,1,0,12
2022-09-02T20:07:09,11,1,0,12
2022-09-02T20:16:18,11,1,0,12
2022-09-02T20:25:27,11,1,0,12
2022-09-02T20:34:36,11,1,0,12
2022-09-02T20:43:45,11,1,0,12
2022-09-02T20:52:54,11,1,0,12
2022-09-02T21:02:02,11,1,0,12
2022-09-02T21:11:11,11,1,0,12
2022-09-02T21:20:20,11,1,0,12
2022-09-02T21:29:40,11,1,0,12
2022-09-02T21:38:48,11,1,0,12
2022-09-02T21:47:57,11,1,0,12
2022-09-02T21:57:05,11,1,0,12
2022-09-02T22:06:14,11,1,0,12
2022-09-02T22:15:23,11,1,0,12
2022-09-02T22:24:31,11,1,0,12
2022-09-02T22:33:40,11,1,0,12
2022-09-02T22:42:48,11,1,0,12
2022-09-02T22:51:56,11,1,0,12
2022-09-02T23:01:06,11,1,0,12
2022-09-02T23:10:18,11,1,0,12
2022-09-02T23:19:26,11,1,0,12
2022-09-02T23:28:35,11,1,0,12
2022-09-02T23:37:44,11,1,0,12
2022-09-02T23:46:54,11,1,0,12
2022-09-02T23:56:02,11,1,0,12
2022-09-03T00:05:11,11,1,0,12
2022-09-03T00:14:25,11,1,0,12
2022-09-03T00:23:48,11,1,0,12
2022-09-03T00:32:58,11,1,0,12
2022-09-03T00:42:09,11,1,0,12
2022-09-03T00:51:20,11,1,0,12
2022-09-03T01:00:32,11,1,0,12
2022-09-03T01:09:42,11,1,0,12
2022-09-03T01:18:59,11,1,0,12
2022-09-03T01:28:10,11,1,0,12
2022-09-03T01:37:22,11,1,0,12
2022-09-03T01:46:32,11,1,0,12
2022-09-03T01:55:42,11,1,0,12
2022-09-03T02:04:52,11,1,0,12
2022-09-03T02:14:02,11,1,0,12
2022-09-03T02:23:11,11,1,0,12
2022-09-03T02:32:19,11,1,0,12
2022-09-03T02:41:27,11,1,0,12
2022-09-03T02:50:35,11,1,0,12
2022-09-03T02:59:43,11,1,0,12
2022-09-03T03:08:51,11,1,0,12
2022-09-03T03:17:58,11,1,0,12
2022-09-03T03:27:05,11,1,0,12
2022-09-03T03:36:13,11,1,0,12
2022-09-03T03:45:23,11,1,0,12
2022-09-03T03:54:33,11,1,0,12
2022-09-03T04:03:43,11,1,0,12
2022-09-03T04:20:52,11,1,0,12
2022-09-03T04:30:30,11,1,0,12
2022-09-03T04:39:42,11,1,0,12
2022-09-03T04:48:53,11,1,0,12
2022-09-03T04:58:03,11,1,0,12
2022-09-03T05:07:15,11,1,0,12
2022-09-03T05:16:26,11,1,0,12
2022-09-03T05:25:37,11,1,0,12
2022-09-03T05:34:48,11,1,0,12
2022-09-03T05:43:59,11,1,0,12
2022-09-03T05:53:10,11,1,0,12
2022-09-03T06:02:21,11,1,0,12
2022-09-03T06:11:32,11,1,0,12
2022-09-03T06:20:42,11,1,0,12
2022-09-03T06:29:53,11,1,0,12
2022-09-03T06:39:04,11,1,0,12
2022-09-03T06:48:15,11,1,0,12
2022-09-03T06:57:26,11,1,0,12
2022-09-03T07:06:38,11,1,0,12
2022-09-03T07:15:49,11,1,0,12
2022-09-03T07:25:00,11,1,0,12
2022-09-03T07:34:11,11,1,0,12
2022-09-03T07:43:26,11,1,0,12
2022-09-03T07:52:37,11,1,0,12
2022-09-03T08:01:48,11,1,0,12
2022-09-03T08:11:00,11,1,0,12
2022-09-03T08:20:10,11,1,0,12
2022-09-03T08:29:31,11,1,0,12
2022-09-03T08:38:41,11,1,0,12
2022-09-03T08:47:52,11,1,0,12
2022-09-03T08:57:02,11,1,0,12
2022-09-03T09:06:12,11,1,0,12
2022-09-03T09:15:23,11,1,0,12
2022-09-03T09:24:52,11,1,0,12
2022-09-03T09:34:02,11,1,0,12
2022-09-03T09:43:12,11,1,0,12
2022-09-03T09:52:23,11,1,0,12
2022-09-03T10:01:33,11,1,0,12
2022-09-03T10:10:43,11,1,0,12
2022-09-03T10:19:51,11,1,0,12
2022-09-03T10:29:00,11,1,0,12
2022-09-03T10:38:08,11,1,0,12
2022-09-03T10:47:17,11,1,0,12
2022-09-03T10:56:35,11,1,0,12
2022-09-03T11:05:42,11,1,0,12
2022-09-03T11:14:51,11,1,0,12
2022-09-03T11:23:58,11,1,0,12
2022-09-03T11:33:06,11,1,0,12
2022-09-03T11:42:13,11,1,0,12
2022-09-03T11:51:21,11,1,0,12
2022-09-03T12:00:28,11,1,0,12
2022-09-03T12:09:35,11,1,0,12
2022-09-03T12:18:43,11,1,0,12
2022-09-03T12:27:50,11,1,0,12
2022-09-03T12:36:57,11,1,0,12
2022-09-03T12:46:05,11,1,0,12
2022-09-03T12:55:22,11,1,0,12
2022-09-03T13:04:29,11,1,0,12
2022-09-03T13:13:37,11,1,0,12
2022-09-03T13:22:46,11,1,0,12
2022-09-03T13:31:55,11,1,0,12
2022-09-03T13:41:06,11,1,0,12
2022-09-03T13:50:13,11,1,0,12
2022-09-03T13:59:21,11,1,0,12
2022-09-03T14:08:28,11,1,0,12
2022-09-03T14:17:36,11,1,0,12
2022-09-03T14:26:43,11,1,0,12
2022-09-03T14:35:50,11,1,0,12
2022-09-03T14:44:58,11,1,0,12
2022-09-03T14:54:05,11,1,0,12
2022-09-03T15:03:13,11,1,0,12
2022-09-03T15:12:20,11,1,0,12
2022-09-03T15:21:28,11,1,0,12
2022-09-03T15:30:45,11,1,0,12
2022-09-03T15:39:52,11,1,0,12
2022-09-03T15:49:00,11,1,0,12
2022-09-03T15:58:08,11,1,0,12
2022-09-03T16:07:15,11,1,0,12
2022-09-03T16:16:23,11,1,0,12
2022-09-03T16:25:30,11,1,0,12
2022-09-03T16:34:37,11,1,0,12
2022-09-03T16:43:45,11,1,0,12
2022-09-03T16:52:53,11,1,0,12
2022-09-03T17:02:00,11,1,0,12
2022-09-03T17:11:08,11,1,0,12
2022-09-03T17:20:17,11,1,0,12
2022-09-03T17:29:25,11,1,0,12
2022-09-03T17:38:33,11,1,0,12
2022-09-03T17:47:41,11,1,0,12
2022-09-03T17:56:48,11,1,0,12
2022-09-03T18:05:56,11,1,0,12
2022-09-03T18:15:04,11,1,0,12
2022-09-03T18:24:23,11,1,0,12
2022-09-03T18:33:31,11,1,0,12
2022-09-03T18:42:39,11,1,0,12
2022-09-03T18:51:48,11,1,0,12
2022-09-03T19:00:55,11,1,0,12
2022-09-03T19:10:03,11,1,0,12
2022-09-03T19:19:10,11,1,0,12
2022-09-03T19:28:18,11,1,0,12
2022-09-03T19:37:25,11,1,0,12
2022-09-03T19:46:33,11,1,0,12
2022-09-03T19:55:41,11,1,0,12
2022-09-03T20:04:49,11,1,0,12
2022-09-03T20:13:57,11,1,0,12
2022-09-03T20:23:04,11,1,0,12
2022-09-03T20:32:12,11,1,0,12
2022-09-03T20:41:19,11,1,0,12
2022-09-03T20:50:27,11,1,0,12
2022-09-03T20:59:35,11,1,0,12
2022-09-03T21:08:43,11,1,0,12
2022-09-03T21:18:02,11,1,0,12
2022-09-03T21:27:09,11,1,0,12
2022-09-03T21:36:17,11,1,0,12
2022-09-03T21:45:25,11,1,0,12
2022-09-03T21:54:32,11,1,0,12
2022-09-03T22:03:39,11,1,0,12
2022-09-03T22:12:47,11,1,0,12
2022-09-03T22:21:55,11,1,0,12
2022-09-03T22:31:02,11,1,0,12
2022-09-03T22:40:11,11,1,0,12
2022-09-03T22:49:18,11,1,0,12
2022-09-03T22:58:27,11,1,0,12
2022-09-03T23:07:36,11,1,0,12
2022-09-03T23:16:44,11,1,0,12
2022-09-03T23:25:52,11,1,0,12
2022-09-03T23:35:01,11,1,0,12
2022-09-03T23:44:19,11,1,0,12
2022-09-03T23:53:27,11,1,0,12
2022-09-04T00:02:36,11,1,0,12
2022-09-04T00:11:46,11,1,0,12
2022-09-04T00:21:00,11,1,0,12
2022-09-04T00:30:10,11,1,0,12
2022-09-04T00:39:21,11,1,0,12
2022-09-04T00:48:32,11,1,0,12
2022-09-04T00:57:42,11,1,0,12
2022-09-04T01:06:53,11,1,0,12
2022-09-04T01:16:02,11,1,0,12
2022-09-04T01:25:11,11,1,0,12
2022-09-04T01:34:21,11,1,0,12
2022-09-04T01:43:30,11,1,0,12
2022-09-04T01:52:39,11,1,0,12
2022-09-04T02:01:50,11,1,0,12
2022-09-04T02:11:01,11,1,0,12
2022-09-04T02:20:11,11,1,0,12
2022-09-04T02:29:21,11,1,0,12
2022-09-04T02:38:33,11,1,0,12
2022-09-04T02:47:41,11,1,0,12
2022-09-04T02:56:50,11,1,0,12
2022-09-04T03:05:59,11,1,0,12
2022-09-04T03:15:09,11,1,0,12
2022-09-04T03:24:19,11,1,0,12
2022-09-04T03:33:39,11,1,0,12
2022-09-04T03:42:50,11,1,0,12
2022-09-04T03:52:00,11,1,0,12
2022-09-04T04:01:10,11,1,0,12
2022-09-04T04:22:16,11,1,0,12
2022-09-04T04:31:54,11,1,0,12
2022-09-04T04:41:06,11,1,0,12
2022-09-04T04:50:18,11,1,0,12
2022-09-04T04:59:28,11,1,0,12
2022-09-04T05:08:38,11,1,0,12
2022-09-04T05:17:46,11,1,0,12
2022-09-04T05:26:54,11,1,0,12
2022-09-04T05:36:02,11,1,0,12
2022-09-04T05:45:10,11,1,0,12
2022-09-04T05:54:19,11,1,0,12
2022-09-04T06:03:28,11,1,0,12
2022-09-04T06:12:37,11,1,0,12
2022-09-04T06:21:47,11,1,0,12
2022-09-04T06:30:55,11,1,0,12
2022-09-04T06:40:03,11,1,0,12
2022-09-04T06:49:11,11,1,0,12
2022-09-04T06:58:19,11,1,0,12
2022-09-04T07:07:27,11,1,0,12
2022-09-04T07:16:35,11,1,0,12
2022-09-04T07:25:44,11,1,0,12
2022-09-04T07:34:52,11,1,0,12
2022-09-04T07:44:01,11,1,0,12
2022-09-04T07:53:09,11,1,0,12
2022-09-04T08:02:18,11,1,0,12
2022-09-04T08:11:26,11,1,0,12
2022-09-04T08:20:34,11,1,0,12
2022-09-04T08:29:44,11,1,0,12
2022-09-04T08:38:53,11,1,0,12
2022-09-04T08:48:01,11,1,0,12
2022-09-04T08:57:10,11,1,0,12
2022-09-04T09:06:20,11,1,0,12
2022-09-04T09:15:28,11,1,0,12
2022-09-04T09:24:36,11,1,0,12
2022-09-04T09:33:44,11,1,0,12
2022-09-04T09:42:54,11,1,0,12
2022-09-04T09:52:03,11,1,0,12
2022-09-04T10:01:22,11,1,0,12
2022-09-04T10:10:33,11,1,0,12
2022-09-04T10:19:42,11,1,0,12
2022-09-04T10:28:51,11,1,0,12
2022-09-04T10:38:07,11,1,0,12
2022-09-04T10:47:24,11,1,0,12
2022-09-04T10:56:40,11,1,0,12
2022-09-04T11:05:56,11,1,0,12
2022-09-04T11:15:11,11,1,0,12
2022-09-04T11:24:28,11,1,0,12
2022-09-04T11:33:43,11,1,0,12
2022-09-04T11:42:59,11,1,0,12
2022-09-04T11:52:14,11,1,0,12
2022-09-04T12:01:29,11,1,0,12
2022-09-04T12:10:41,11,1,0,12
2022-09-04T12:19:54,11,1,0,12
2022-09-04T12:29:06,11,1,0,12
2022-09-04T12:38:13,11,1,0,12
2022-09-04T12:47:30,11,1,0,12
2022-09-04T12:56:38,11,1,0,12
2022-09-04T13:05:46,11,1,0,12
2022-09-04T13:14:54,11,1,0,12
2022-09-04T13:24:01,11,1,0,12
2022-09-04T13:33:08,11,1,0,12
2022-09-04T13:42:16,11,1,0,12
2022-09-04T13:51:23,11,1,0,12
2022-09-04T14:00:31,11,1,0,12
2022-09-04T14:09:38,11,1,0,12
2022-09-04T14:18:46,11,1,0,12
2022-09-04T14:27:54,11,1,0,12
2022-09-04T14:37:02,11,1,0,12
2022-09-04T14:46:10,11,1,0,12
2022-09-04T14:55:17,11,1,0,12
2022-09-04T15:04:25,11,1,0,12
2022-09-04T15:13:33,11,1,0,12
2022-09-04T15:22:40,11,1,0,12
2022-09-04T15:31:47,11,1,0,12
2022-09-04T15:40:54,11,1,0,12
2022-09-04T15:50:02,11,1,0,12
2022-09-04T15:59:10,11,1,0,12
2022-09-04T16:08:30,11,1,0,12
2022-09-04T16:17:38,11,1,0,12
2022-09-04T16:26:46,11,1,0,12
2022-09-04T16:35:53,11,1,0,12
2022-09-04T16:45:01,11,1,0,12
2022-09-04T16:54:10,11,1,0,12
2022-09-04T17:03:18,11,1,0,12
2022-09-04T17:12:28,11,1,0,12
2022-09-04T17:21:36,11,1,0,12
2022-09-04T17:30:44,11,1,0,12
2022-09-04T17:39:52,11,1,0,12
2022-09-04T17:49:00,11,1,0,12
2022-09-04T17:58:08,11,1,0,12
2022-09-04T18:07:16,11,1,0,12
2022-09-04T18:16:24,11,1,0,12
2022-09-04T18:25:32,11,1,0,12
2022-09-04T18:34:41,11,1,0,12
2022-09-04T18:43:48,11,1,0,12
2022-09-04T18:52:58,11,1,0,12
2022-09-04T19:02:06,11,1,0,12
2022-09-04T19:11:28,11,1,0,12
2022-09-04T19:20:37,11,1,0,12
2022-09-04T19:29:49,11,1,0,12
2022-09-04T19:38:57,11,1,0,12
2022-09-04T19:48:05,11,1,0,12
2022-09-04T19:57:12,11,1,0,12
2022-09-04T20:06:19,11,1,0,12
2022-09-04T20:15:27,11,1,0,12
2022-09-04T20:24:35,11,1,0,12
2022-09-04T20:33:42,11,1,0,12
2022-09-04T20:42:49,11,1,0,12
2022-09-04T20:51:57,11,1,0,12
2022-09-04T21:01:04,11,1,0,12
2022-09-04T21:10:12,11,1,0,12
2022-09-04T21:19:20,11,1,0,12
2022-09-04T21:28:27,11,1,0,12
2022-09-04T21:37:45,11,1,0,12
2022-09-04T21:46:52,11,1,0,12
2022-09-04T21:56:00,11,1,0,12
2022-09-04T22:05:07,11,1,0,12
2022-09-04T22:14:16,11,1,0,12
2022-09-04T22:23:23,11,1,0,12
2022-09-04T22:32:30,11,1,0,12
2022-09-04T22:41:38,11,1,0,12
2022-09-04T22:50:46,11,1,0,12
2022-09-04T22:59:54,11,1,0,12
2022-09-04T23:09:05,11,1,0,12
2022-09-04T23:18:14,11,1,0,12
2022-09-04T23:27:24,11,1,0,12
2022-09-04T23:36:33,11,1,0,12
2022-09-04T23:45:42,11,1,0,12
2022-09-04T23:54:49,11,1,0,12
2022-09-05T00:04:10,11,1,0,12
2022-09-05T00:13:28,11,1,0,12
2022-09-05T00:22:43,11,1,0,12
2022-09-05T00:31:57,11,1,0,12
2022-09-05T00:41:10,11,1,0,12
2022-09-05T00:50:19,11,1,0,12
2022-09-05T00:59:29,11,1,0,12
2022-09-05T01:08:44,11,1,0,12
2022-09-05T01:17:57,11,1,0,12
2022-09-05T01:27:09,11,1,0,12
2022-09-05T01:36:19,11,1,0,12
2022-09-05T01:45:29,11,1,0,12
2022-09-05T01:54:38,11,1,0,12
2022-09-05T02:03:50,11,1,0,12
2022-09-05T02:13:00,11,1,0,12
2022-09-05T02:22:10,11,1,0,12
2022-09-05T02:31:19,11,1,0,12
2022-09-05T02:40:28,11,1,0,12
2022-09-05T02:49:36,11,1,0,12
2022-09-05T02:58:45,11,1,0,12
2022-09-05T03:07:54,11,1,0,12
2022-09-05T03:17:15,11,1,0,12
2022-09-05T03:26:24,11,1,0,12
2022-09-05T03:35:34,11,1,0,12
2022-09-05T03:45:41,11,1,0,12
2022-09-05T03:55:46,11,1,0,12
2022-09-05T04:04:57,11,1,0,12
2022-09-05T04:25:36,11,1,0,12
2022-09-05T04:35:11,11,1,0,12
2022-09-05T04:44:23,11,1,0,12
2022-09-05T04:53:36,11,1,0,12
2022-09-05T05:02:47,11,1,0,12
2022-09-05T05:11:56,11,1,0,12
2022-09-05T05:21:04,11,1,0,12
2022-09-05T05:30:12,11,1,0,12
2022-09-05T05:39:20,11,1,0,12
2022-09-05T05:48:28,11,1,0,12
2022-09-05T05:57:38,11,1,0,12
2022-09-05T06:06:48,11,1,0,12
2022-09-05T06:15:58,11,1,0,12
2022-09-05T06:25:08,11,1,0,12
2022-09-05T06:34:16,11,1,0,12
2022-09-05T06:43:24,11,1,0,12
2022-09-05T06:52:32,11,1,0,12
2022-09-05T07:01:39,11,1,0,12
2022-09-05T07:10:47,11,1,0,12
2022-09-05T07:19:55,11,1,0,12
2022-09-05T07:29:04,11,1,0,12
2022-09-05T07:38:13,11,1,0,12
2022-09-05T07:47:21,11,1,0,12
2022-09-05T07:56:29,11,1,0,12
2022-09-05T08:05:40,11,1,0,12
2022-09-05T08:14:48,11,1,0,12
2022-09-05T08:23:56,11,1,0,12
2022-09-05T08:33:04,11,1,0,12
2022-09-05T08:42:11,11,1,0,12
2022-09-05T08:51:19,11,1,0,12
2022-09-05T09:00:26,11,1,0,12
2022-09-05T09:09:34,11,1,0,12
2022-09-05T09:18:42,11,1,0,12
2022-09-05T09:27:50,11,1,0,12
2022-09-05T09:36:58,11,1,0,12
2022-09-05T09:46:15,11,1,0,12
2022-09-05T09:55:22,11,1,0,12
2022-09-05T10:04:30,11,1,0,12
2022-09-05T10:13:38,11,1,0,12
2022-09-05T10:22:45,11,1,0,12
2022-09-05T10:31:53,11,1,0,12
2022-09-05T10:41:01,11,1,0,12
2022-09-05T10:50:09,11,1,0,12
2022-09-05T10:59:17,11,1,0,12
2022-09-05T11:08:24,11,1,0,12
2022-09-05T11:17:32,11,1,0,12
2022-09-05T11:26:40,11,1,0,12
2022-09-05T11:35:48,11,1,0,12
2022-09-05T11:44:56,11,1,0,12
2022-09-05T11:54:04,11,1,0,12
2022-09-05T12:03:12,11,1,0,12
2022-09-05T12:12:20,11,1,0,12
2022-09-05T12:21:28,11,1,0,12
2022-09-05T12:30:50,11,1,0,12
2022-09-05T12:39:59,11,1,0,12
2022-09-05T12:49:06,11,1,0,12
2022-09-05T12:58:14,11,1,0,12
2022-09-05T13:07:22,11,1,0,12
2022-09-05T13:16:29,11,1,0,12
2022-09-05T13:25:37,11,1,0,12
2022-09-05T13:34:46,11,1,0,12
2022-09-05T13:43:54,11,1,0,12
2022-09-05T13:53:02,11,1,0,12
2022-09-05T14:02:11,11,1,0,12
2022-09-05T14:11:20,11,1,0,12
2022-09-05T14:20:28,11,1,0,12
2022-09-05T14:29:38,11,1,0,12
2022-09-05T14:38:46,11,1,0,12
2022-09-05T14:47:54,11,1,0,12
2022-09-05T14:57:02,11,1,0,12
2022-09-05T15:06:20,11,1,0,12
2022-09-05T15:15:28,11,1,0,12
2022-09-05T15:24:36,11,1,0,12
2022-09-05T15:33:44,11,1,0,12
2022-09-05T15:42:52,11,1,0,12
2022-09-05T15:51:59,11,1,0,12
2022-09-05T16:01:07,11,1,0,12
2022-09-05T16:10:14,11,1,0,12
2022-09-05T16:19:22,11,1,0,12
2022-09-05T16:28:30,11,1,0,12
2022-09-05T16:37:38,11,1,0,12
2022-09-05T16:46:46,11,1,0,12
2022-09-05T16:55:54,11,1,0,12
2022-09-05T17:05:02,11,1,0,12
2022-09-05T17:14:20,11,1,0,12
2022-09-05T17:23:28,11,1,0,12
2022-09-05T17:32:37,11,1,0,12
2022-09-05T17:41:46,11,1,0,12
2022-09-05T17:50:56,11,1,0,12
2022-09-05T18:00:05,11,1,0,12
2022-09-05T18:09:13,11,1,0,12
2022-09-05T18:18:21,11,1,0,12
2022-09-05T18:27:28,11,1,0,12
2022-09-05T18:36:36,11,1,0,12
2022-09-05T18:45:43,11,1,0,12
2022-09-05T18:54:51,11,1,0,12
2022-09-05T19:04:00,11,1,0,12
2022-09-05T19:13:18,11,1,0,12
2022-09-05T19:22:26,11,1,0,12
2022-09-05T19:31:34,11,1,0,12
2022-09-05T19:40:42,11,1,0,12
2022-09-05T19:49:50,11,1,0,12
2022-09-05T19:58:59,11,1,0,12
2022-09-05T20:08:06,11,1,0,12
2022-09-05T20:17:14,11,1,0,12
2022-09-05T20:26:22,11,1,0,12
2022-09-05T20:35:31,11,1,0,12
2022-09-05T20:44:39,11,1,0,12
2022-09-05T20:53:47,11,1,0,12
2022-09-05T21:02:55,11,1,0,12
2022-09-05T21:12:03,11,1,0,12
2022-09-05T21:21:10,11,1,0,12
2022-09-05T21:30:29,11,1,0,12
2022-09-05T21:39:37,11,1,0,12
2022-09-05T21:48:45,11,1,0,12
2022-09-05T21:57:53,11,1,0,12
2022-09-05T22:07:01,11,1,0,12
2022-09-05T22:16:09,11,1,0,12
2022-09-05T22:25:18,11,1,0,12
2022-09-05T22:34:26,11,1,0,12
2022-09-05T22:43:34,11,1,0,12
2022-09-05T22:52:41,11,1,0,12
2022-09-05T23:01:50,11,1,0,12
2022-09-05T23:10:58,11,1,0,12
2022-09-05T23:20:07,11,1,0,12
2022-09-05T23:29:15,11,1,0,12
2022-09-05T23:38:23,11,1,0,12
2022-09-05T23:47:42,11,1,0,12
2022-09-05T23:56:50,11,1,0,12
2022-09-06T00:06:00,11,1,0,12
2022-09-06T00:15:13,11,1,0,12
2022-09-06T00:24:25,11,1,0,12
2022-09-06T00:33:34,11,1,0,12
2022-09-06T00:42:45,11,1,0,12
2022-09-06T00:51:56,11,1,0,12
2022-09-06T01:01:07,11,1,0,12
2022-09-06T01:10:17,11,1,0,12
2022-09-06T01:19:26,11,1,0,12
2022-09-06T01:28:36,11,1,0,12
2022-09-06T01:37:44,11,1,0,12
2022-09-06T01:46:52,11,1,0,12
2022-09-06T01:56:03,11,1,0,12
2022-09-06T02:05:13,11,1,0,12
2022-09-06T02:14:26,11,1,0,12
2022-09-06T02:23:46,11,1,0,12
2022-09-06T02:32:57,11,1,0,12
2022-09-06T02:42:06,11,1,0,12
2022-09-06T02:51:14,11,1,0,12
2022-09-06T03:00:22,11,1,0,12
2022-09-06T03:09:31,11,1,0,12
2022-09-06T03:18:41,11,1,0,12
2022-09-06T03:27:51,11,1,0,12
2022-09-06T03:37:01,11,1,0,12
2022-09-06T03:46:11,11,1,0,12
2022-09-06T03:55:22,11,1,0,12
2022-09-06T04:04:33,11,1,0,12
2022-09-06T04:23:28,11,1,0,12
2022-09-06T04:33:01,11,1,0,12
2022-09-06T04:42:13,11,1,0,12
2022-09-06T04:51:25,11,1,0,12
2022-09-06T05:00:35,11,1,0,12
2022-09-06T05:09:44,11,1,0,12
2022-09-06T05:18:52,11,1,0,12
2022-09-06T05:28:00,11,1,0,12
2022-09-06T05:37:08,11,1,0,12
2022-09-06T05:46:18,11,1,0,12
2022-09-06T05:55:28,11,1,0,12
2022-09-06T06:04:37,11,1,0,12
2022-09-06T06:13:47,11,1,0,12
2022-09-06T06:22:57,11,1,0,12
2022-09-06T06:32:05,11,1,0,12
2022-09-06T06:41:13,11,1,0,12
2022-09-06T06:50:21,11,1,0,12
2022-09-06T06:59:29,11,1,0,12
2022-09-06T07:08:38,11,1,0,12
2022-09-06T07:17:47,11,1,0,12
2022-09-06T07:26:55,11,1,0,12
2022-09-06T07:36:05,11,1,0,12
2022-09-06T07:45:17,11,1,0,12
2022-09-06T07:54:25,11,1,0,12
2022-09-06T08:03:34,11,1,0,12
2022-09-06T08:12:43,11,1,0,12
2022-09-06T08:21:53,11,1,0,12
2022-09-06T08:31:03,11,1,0,12
2022-09-06T08:40:13,11,1,0,12
2022-09-06T08:49:33,11,1,0,12
2022-09-06T08:58:44,11,1,0,12
2022-09-06T09:07:53,11,1,0,12
2022-09-06T09:17:03,11,1,0,12
2022-09-06T09:26:12,11,1,0,12
2022-09-06T09:35:23,11,1,0,12
2022-09-06T09:44:33,11,1,0,12
2022-09-06T09:53:44,11,1,0,12
2022-09-06T10:02:56,11,1,0,12
2022-09-06T10:12:06,11,1,0,12
2022-09-06T10:21:16,11,1,0,12
2022-09-06T10:30:27,11,1,0,12
2022-09-06T10:39:50,11,1,0,12
2022-09-06T10:49:02,11,1,0,12
2022-09-06T10:58:13,11,1,0,12
2022-09-06T11:07:23,11,1,0,12
2022-09-06T11:16:34,11,1,0,12
2022-09-06T11:25:46,11,1,0,12
2022-09-06T11:34:57,11,1,0,12
2022-09-06T11:44:09,11,1,0,12
2022-09-06T11:53:19,11,1,0,12
2022-09-06T12:02:41,11,1,0,12
2022-09-06T12:11:51,11,1,0,12
2022-09-06T12:21:01,11,1,0,12
2022-09-06T12:30:12,11,1,0,12
2022-09-06T12:39:22,11,1,0,12
2022-09-06T12:48:32,11,1,0,12
2022-09-06T12:57:42,11,1,0,12
2022-09-06T13:06:51,11,1,0,12
2022-09-06T13:16:04,11,1,0,12
2022-09-06T13:25:24,11,1,0,12
2022-09-06T13:34:34,11,1,0,12
2022-09-06T13:43:45,11,1,0,12
2022-09-06T13:52:56,11,1,0,12
2022-09-06T14:02:06,11,1,0,12
2022-09-06T14:11:18,11,1,0,12
2022-09-06T14:20:30,11,1,0,12
2022-09-06T14:29:50,11,1,0,12
2022-09-06T14:39:01,11,1,0,12
2022-09-06T14:48:11,11,1,0,12
2022-09-06T14:57:24,11,1,0,12
2022-09-06T15:06:35,11,1,0,12
2022-09-06T15:15:44,11,1,0,12
2022-09-06T15:24:56,11,1,0,12
2022-09-06T15:34:07,11,1,0,12
2022-09-06T15:43:28,11,1,0,12
2022-09-06T15:52:39,11,1,0,12
2022-09-06T16:01:50,11,1,0,12
2022-09-06T16:10:59,11,1,0,12
2022-09-06T16:20:10,11,1,0,12
2022-09-06T16:29:19,11,1,0,12
2022-09-06T16:38:40,11,1,0,12
2022-09-06T16:47:49,11,1,0,12
2022-09-06T16:56:58,11,1,0,12
2022-09-06T17:06:08,11,1,0,12
2022-09-06T17:15:17,11,1,0,12
2022-09-06T17:24:29,11,1,0,12
2022-09-06T17:33:38,11,1,0,12
2022-09-06T17:42:46,11,1,0,12
2022-09-06T17:51:55,11,1,0,12
2022-09-06T18:01:18,11,1,0,12
2022-09-06T18:10:28,11,1,0,12
2022-09-06T18:19:37,11,1,0,12
2022-09-06T18:28:46,11,1,0,12
2022-09-06T18:37:56,11,1,0,12
2022-09-06T18:47:05,11,1,0,12
2022-09-06T18:56:15,11,1,0,12
2022-09-06T19:05:24,11,1,0,12
2022-09-06T19:14:36,11,1,0,12
2022-09-06T19:23:45,11,1,0,12
2022-09-06T19:32:54,11,1,0,12
2022-09-06T19:42:14,11,1,0,12
2022-09-06T19:51:23,11,1,0,12
2022-09-06T20:00:32,11,1,0,12
2022-09-06T20:09:41,11,1,0,12
2022-09-06T20:18:51,11,1,0,12
2022-09-06T20:28:02,11,1,0,12
2022-09-06T20:37:11,11,1,0,12
2022-09-06T20:46:20,11,1,0,12
2022-09-06T20:55:30,11,1,0,12
2022-09-06T21:04:39,11,1,0,12
2022-09-06T21:14:01,11,1,0,12
2022-09-06T21:23:11,11,1,0,12
2022-09-06T21:32:20,11,1,0,12
2022-09-06T21:41:29,11,1,0,12
2022-09-06T21:50:38,11,1,0,12
2022-09-06T21:59:48,11,1,0,12
2022-09-06T22:08:58,11,1,0,12
2022-09-06T22:18:09,11,1,0,12
2022-09-06T22:27:18,11,1,0,12
2022-09-06T22:36:27,11,1,0,12
2022-09-06T22:45:36,11,1,0,12
2022-09-06T22:54:45,11,1,0,12
2022-09-06T23:04:06,11,1,0,12
2022-09-06T23:13:16,11,1,0,12
2022-09-06T23:22:26,11,1,0,12
2022-09-06T23:31:37,11,1,0,12
2022-09-06T23:40:46,11,1,0,12
2022-09-06T23:49:55,11,1,0,12
2022-09-06T23:59:04,11,1,0,12
2022-09-07T00:08:18,11,1,0,12
2022-09-07T00:17:30,11,1,0,12
2022-09-07T00:26:42,11,1,0,12
2022-09-07T00:35:54,11,1,0,12
2022-09-07T00:45:16,11,1,0,12
2022-09-07T00:54:29,11,1,0,12
2022-09-07T01:03:45,11,1,0,12
2022-09-07T01:12:58,11,1,0,12
2022-09-07T01:22:10,11,1,0,12
2022-09-07T01:31:22,11,1,0,12
2022-09-07T01:40:33,11,1,0,12
2022-09-07T01:49:42,11,1,0,12
2022-09-07T01:58:55,11,1,0,12
2022-09-07T02:08:05,11,1,0,12
2022-09-07T02:17:16,11,1,0,12
2022-09-07T02:26:25,11,1,0,12
2022-09-07T02:35:45,11,1,0,12
2022-09-07T02:44:53,11,1,0,12
2022-09-07T02:54:02,11,1,0,12
2022-09-07T03:03:11,11,1,0,12
2022-09-07T03:12:19,11,1,0,12
2022-09-07T03:21:26,11,1,0,12
2022-09-07T03:30:33,11,1,0,12
2022-09-07T03:39:41,11,1,0,12
2022-09-07T03:51:12,11,1,0,12
2022-09-07T04:00:32,11,1,0,12
2022-09-07T04:09:45,11,1,0,12
2022-09-07T04:30:31,11,1,0,12
2022-09-07T04:40:09,11,1,0,12
2022-09-07T04:49:22,11,1,0,12
2022-09-07T04:58:32,11,1,0,12
2022-09-07T05:07:40,11,1,0,12
2022-09-07T05:16:49,11,1,0,12
2022-09-07T05:25:57,11,1,0,12
2022-09-07T05:35:07,11,1,0,12
2022-09-07T05:44:35,11,1,0,12
2022-09-07T05:53:48,11,1,0,12
2022-09-07T06:02:59,11,1,0,12
2022-09-07T06:12:10,11,1,0,12
2022-09-07T06:21:22,11,1,0,12
2022-09-07T06:30:33,11,1,0,12
2022-09-07T06:39:44,11,1,0,12
2022-09-07T06:48:55,11,1,0,12
2022-09-07T06:58:15,11,1,0,12
2022-09-07T07:07:33,11,1,0,12
2022-09-07T07:16:43,11,1,0,12
2022-09-07T07:25:53,11,1,0,12
2022-09-07T07:35:05,11,1,0,12
2022-09-07T07:44:16,11,1,0,12
2022-09-07T07:53:26,11,1,0,12
2022-09-07T08:02:37,11,1,0,12
2022-09-07T08:11:48,11,1,0,12
2022-09-07T08:21:00,11,1,0,12
2022-09-07T08:30:12,11,1,0,12
2022-09-07T08:39:23,11,1,0,12
2022-09-07T08:48:34,11,1,0,12
2022-09-07T08:57:44,11,1,0,12
2022-09-07T09:06:54,11,1,0,12
2022-09-07T09:16:04,11,1,0,12
2022-09-07T09:25:26,11,1,0,12
2022-09-07T09:34:38,11,1,0,12
2022-09-07T09:43:52,11,1,0,12
2022-09-07T09:53:03,11,1,0,12
2022-09-07T10:02:13,11,1,0,12
2022-09-07T10:11:24,11,1,0,12
2022-09-07T10:20:36,11,1,0,12
2022-09-07T10:29:48,11,1,0,12
2022-09-07T10:38:59,11,1,0,12
2022-09-07T10:48:09,11,1,0,12
2022-09-07T10:57:30,11,1,0,12
2022-09-07T11:06:44,11,1,0,12
2022-09-07T11:15:54,11,1,0,12
2022-09-07T11:25:05,11,1,0,12
2022-09-07T11:34:16,11,1,0,12
2022-09-07T11:43:26,11,1,0,12
2022-09-07T11:52:36,11,1,0,12
2022-09-07T12:01:46,11,1,0,12
2022-09-07T12:11:09,11,1,0,12
2022-09-07T12:20:18,11,1,0,12
2022-09-07T12:29:27,11,1,0,12
2022-09-07T12:38:36,11,1,0,12
2022-09-07T12:47:45,11,1,0,12
2022-09-07T12:56:54,11,1,0,12
2022-09-07T13:06:03,11,1,0,12
2022-09-07T13:15:12,11,1,0,12
2022-09-07T13:24:32,11,1,0,12
2022-09-07T13:33:41,11,1,0,12
2022-09-07T13:42:51,11,1,0,12
2022-09-07T13:52:02,11,1,0,12
2022-09-07T14:01:12,11,1,0,12
2022-09-07T14:10:26,11,1,0,12
2022-09-07T14:19:37,11,1,0,12
2022-09-07T14:28:57,11,1,0,12
2022-09-07T14:38:07,11,1,0,12
2022-09-07T14:47:19,11,1,0,12
2022-09-07T14:56:28,11,1,0,12
2022-09-07T15:05:40,11,1,0,12
2022-09-07T15:14:51,11,1,0,12
2022-09-07T15:24:02,11,1,0,12
2022-09-07T15:33:11,11,1,0,12
2022-09-07T15:42:32,11,1,0,12
2022-09-07T15:51:41,11,1,0,12
2022-09-07T16:00:51,11,1,0,12
2022-09-07T16:10:01,11,1,0,12
2022-09-07T16:19:10,11,1,0,12
2022-09-07T16:28:20,11,1,0,12
2022-09-07T16:37:30,11,1,0,12
2022-09-07T16:46:39,11,1,0,12
2022-09-07T16:55:47,11,1,0,12
2022-09-07T17:04:57,11,1,0,12
2022-09-07T17:14:06,11,1,0,12
2022-09-07T17:23:28,11,1,0,12
2022-09-07T17:32:36,11,1,0,12
2022-09-07T17:41:45,11,1,0,12
2022-09-07T17:50:54,11,1,0,12
2022-09-07T18:00:02,11,1,0,12
2022-09-07T18:09:12,11,1,0,12
2022-09-07T18:18:20,11,1,0,12
2022-09-07T18:27:29,11,1,0,12
2022-09-07T18:36:37,11,1,0,12
2022-09-07T18:45:45,11,1,0,12
2022-09-07T18:54:54,11,1,0,12
2022-09-07T19:04:13,11,1,0,12
2022-09-07T19:13:22,11,1,0,12
2022-09-07T19:22:32,11,1,0,12
2022-09-07T19:31:41,11,1,0,12
2022-09-07T19:40:52,11,1,0,12
2022-09-07T19:50:01,11,1,0,12
2022-09-07T19:59:13,11,1,0,12
2022-09-07T20:08:28,11,1,0,12
2022-09-07T20:17:51,11,1,0,12
2022-09-07T20:27:00,11,1,0,12
2022-09-07T20:36:09,11,1,0,12
2022-09-07T20:45:18,11,1,0,12
2022-09-07T20:54:27,11,1,0,12
2022-09-07T21:03:35,11,1,0,12
2022-09-07T21:12:44,11,1,0,12
2022-09-07T21:21:56,11,1,0,12
2022-09-07T21:31:04,11,1,0,12
2022-09-07T21:40:24,11,1,0,12
2022-09-07T21:49:34,11,1,0,12
2022-09-07T21:58:42,11,1,0,12
2022-09-07T22:07:53,11,1,0,12
2022-09-07T22:17:03,11,1,0,12
2022-09-07T22:26:10,11,1,0,12
2022-09-07T22:35:19,11,1,0,12
2022-09-07T22:44:27,11,1,0,12
2022-09-07T22:53:35,11,1,0,12
2022-09-07T23:02:43,11,1,0,12
2022-09-07T23:11:55,11,1,0,12
2022-09-07T23:21:14,11,1,0,12
2022-09-07T23:30:23,11,1,0,12
2022-09-07T23:39:31,11,1,0,12
2022-09-07T23:48:39,11,1,0,12
2022-09-07T23:57:47,11,1,0,12
2022-09-08T00:07:03,11,1,0,12
2022-09-08T00:16:20,11,1,0,12
2022-09-08T00:25:30,11,1,0,12
2022-09-08T00:34:41,11,1,0,12
2022-09-08T00:43:53,11,1,0,12
2022-09-08T00:53:07,11,1,0,12
2022-09-08T01:02:27,11,1,0,12
2022-09-08T01:11:38,11,1,0,12
2022-09-08T01:20:48,11,1,0,12
2022-09-08T01:30:00,11,1,0,12
2022-09-08T01:39:13,11,1,0,12
2022-09-08T01:48:22,11,1,0,12
2022-09-08T01:57:35,11,1,0,12
2022-09-08T02:06:45,11,1,0,12
2022-09-08T02:15:54,11,1,0,12
2022-09-08T02:25:02,11,1,0,12
2022-09-08T02:34:11,11,1,0,12
2022-09-08T02:43:19,11,1,0,12
2022-09-08T02:52:38,11,1,0,12
2022-09-08T03:01:45,11,1,0,12
2022-09-08T03:10:55,11,1,0,12
2022-09-08T03:20:02,11,1,0,12
2022-09-08T03:29:09,11,1,0,12
2022-09-08T03:38:18,11,1,0,12
2022-09-08T03:47:28,11,1,0,12
2022-09-08T03:56:38,11,1,0,12
2022-09-08T04:07:56,11,1,0,12
2022-09-08T04:35:30,11,1,0,12
2022-09-08T04:44:47,11,1,0,12
2022-09-08T04:53:58,11,1,0,12
2022-09-08T05:03:11,11,1,0,12
2022-09-08T05:12:22,11,1,0,12
2022-09-08T05:21:31,11,1,0,12
2022-09-08T05:30:40,11,1,0,12
2022-09-08T05:39:50,11,1,0,12
2022-09-08T05:49:00,11,1,0,12
2022-09-08T05:58:11,11,1,0,12
2022-09-08T06:07:22,11,1,0,12
2022-09-08T06:16:35,11,1,0,12
2022-09-08T06:25:50,11,1,0,12
2022-09-08T06:35:01,11,1,0,12
2022-09-08T06:44:18,11,1,0,12
2022-09-08T06:53:36,11,1,0,12
2022-09-08T07:02:56,11,1,0,12
2022-09-08T07:12:16,11,1,0,12
2022-09-08T07:21:34,11,1,0,12
2022-09-08T07:30:55,11,1,0,12
2022-09-08T07:40:15,11,1,0,12
2022-09-08T07:49:33,11,1,0,12
2022-09-08T07:59:01,11,1,0,12
2022-09-08T08:08:18,11,1,0,12
2022-09-08T08:17:31,11,1,0,12
2022-09-08T08:26:45,11,1,0,12
2022-09-08T08:35:58,11,1,0,12
2022-09-08T08:45:08,11,1,0,12
2022-09-08T08:54:17,11,1,0,12
2022-09-08T09:03:28,11,1,0,12
2022-09-08T09:12:39,11,1,0,12
2022-09-08T09:21:50,11,1,0,12
2022-09-08T09:31:12,11,1,0,12
2022-09-08T09:40:23,11,1,0,12
2022-09-08T09:49:33,11,1,0,12
2022-09-08T09:58:44,11,1,0,12
2022-09-08T10:07:56,11,1,0,12
2022-09-08T10:17:08,11,1,0,12
2022-09-08T10:26:30,11,1,0,12
2022-09-08T10:59:20,11,1,0,12
2022-09-08T11:21:58,11,1,0,12
2022-09-08T11:45:24,11,1,0,12
2022-09-08T12:13:22,11,1,0,12
2022-09-08T12:55:09,11,1,0,12
2022-09-08T13:30:26,11,1,0,12
2022-09-08T14:04:46,11,1,0,12
2022-09-08T14:51:21,11,1,0,12
2022-09-08T15:19:09,11,1,0,12
2022-09-08T15:52:56,11,1,0,12
2022-09-08T16:09:24,11,1,0,12
2022-09-08T16:18:36,11,1,0,12
2022-09-08T16:27:47,11,1,0,12
2022-09-08T16:36:57,11,1,0,12
2022-09-08T16:46:07,11,1,0,12
2022-09-08T16:55:17,11,1,0,12
2022-09-08T17:04:36,11,1,0,12
2022-09-08T17:13:47,11,1,0,12
2022-09-08T17:22:56,11,1,0,12
2022-09-08T17:32:06,11,1,0,12
2022-09-08T17:41:15,11,1,0,12
2022-09-08T17:50:30,11,1,0,12
2022-09-08T17:59:39,11,1,0,12
2022-09-08T18:08:48,12,0,0,12
2022-09-08T18:17:57,12,0,0,12
2022-09-08T18:27:12,12,0,0,12
2022-09-08T18:36:22,12,0,0,12
2022-09-08T18:45:31,12,0,0,12
2022-09-08T18:54:39,12,0,0,12
2022-09-08T19:03:51,12,0,0,12
2022-09-08T19:13:00,12,0,0,12
2022-09-08T19:22:09,12,0,0,12
2022-09-08T19:31:18,12,0,0,12
2022-09-08T19:40:27,12,0,0,12
2022-09-08T19:49:47,12,0,0,12
2022-09-08T19:58:57,12,0,0,12
2022-09-08T20:08:07,12,0,0,12
2022-09-08T20:17:16,12,0,0,12
2022-09-08T20:26:25,12,0,0,12
2022-09-08T20:35:34,12,0,0,12
2022-09-08T20:44:43,12,0,0,12
2022-09-08T20:53:52,12,0,0,12
2022-09-08T21:03:02,12,0,0,12
2022-09-08T21:12:29,12,0,0,12
2022-09-08T21:21:38,12,0,0,12
2022-09-08T21:30:47,12,0,0,12
2022-09-08T21:39:56,12,0,0,12
2022-09-08T21:49:04,12,0,0,12
2022-09-08T21:58:13,12,0,0,12
2022-09-08T22:07:22,12,0,0,12
2022-09-08T22:16:37,12,0,0,12
2022-09-08T22:25:46,12,0,0,12
2022-09-08T22:34:55,12,0,0,12
2022-09-08T22:44:04,12,0,0,12
2022-09-08T22:53:12,12,0,0,12
2022-09-08T23:02:21,12,0,0,12
2022-09-08T23:11:31,12,0,0,12
2022-09-08T23:20:40,12,0,0,12
2022-09-08T23:29:49,12,0,0,12
2022-09-08T23:38:57,12,0,0,12
2022-09-08T23:48:06,12,0,0,12
2022-09-08T23:57:15,12,0,0,12
2022-09-09T00:06:28,12,0,0,12
2022-09-09T00:15:42,12,0,0,12
2022-09-09T00:24:53,12,0,0,12
2022-09-09T00:34:03,12,0,0,12
2022-09-09T00:43:14,12,0,0,12
2022-09-09T00:52:32,12,0,0,12
2022-09-09T01:01:43,12,0,0,12
2022-09-09T01:10:55,12,0,0,12
2022-09-09T01:20:06,12,0,0,12
2022-09-09T01:29:29,12,0,0,12
2022-09-09T01:38:42,12,0,0,12
2022-09-09T01:47:51,12,0,0,12
2022-09-09T01:57:02,12,0,0,12
2022-09-09T02:06:12,12,0,0,12
2022-09-09T02:15:21,12,0,0,12
2022-09-09T02:24:30,12,0,0,12
2022-09-09T02:33:40,12,0,0,12
2022-09-09T02:42:59,12,0,0,12
2022-09-09T02:52:08,12,0,0,12
2022-09-09T03:01:16,12,0,0,12
2022-09-09T03:10:24,12,0,0,12
2022-09-09T03:19:40,12,0,0,12
2022-09-09T03:28:51,12,0,0,12
2022-09-09T03:38:02,12,0,0,12
2022-09-09T03:47:13,12,0,0,12
2022-09-09T03:57:48,12,0,0,12
2022-09-09T04:08:14,12,0,0,12
2022-09-09T04:22:35,12,0,0,12
2022-09-09T04:32:11,12,0,0,12
2022-09-09T04:41:25,12,0,0,12
2022-09-09T04:50:37,12,0,0,12
2022-09-09T04:59:49,12,0,0,12
2022-09-09T05:09:01,12,0,0,12
2022-09-09T05:18:13,12,0,0,12
2022-09-09T05:27:30,12,0,0,12
2022-09-09T05:36:40,12,0,0,12
2022-09-09T05:45:51,12,0,0,12
2022-09-09T05:55:03,12,0,0,12
2022-09-09T06:04:14,12,0,0,12
2022-09-09T06:13:25,12,0,0,12
2022-09-09T06:22:36,12,0,0,12
2022-09-09T06:31:52,12,0,0,12
2022-09-09T06:41:07,12,0,0,12
2022-09-09T06:50:15,12,0,0,12
2022-09-09T06:59:30,12,0,0,12
2022-09-09T07:08:39,12,0,0,12
2022-09-09T07:17:47,12,0,0,12
2022-09-09T07:26:56,12,0,0,12
2022-09-09T07:36:09,12,0,0,12
2022-09-09T07:45:18,12,0,0,12
2022-09-09T07:54:27,12,0,0,12
2022-09-09T08:03:36,12,0,0,12
2022-09-09T08:12:46,12,0,0,12
2022-09-09T08:21:55,12,0,0,12
2022-09-09T08:31:06,12,0,0,12
2022-09-09T08:40:15,12,0,0,12
2022-09-09T08:49:26,12,0,0,12
2022-09-09T08:58:36,12,0,0,12
2022-09-09T09:07:46,12,0,0,12
2022-09-09T09:17:03,12,0,0,12
2022-09-09T09:26:13,12,0,0,12
2022-09-09T09:35:23,12,0,0,12
2022-09-09T09:44:34,12,0,0,12
2022-09-09T09:54:01,12,0,0,12
2022-09-09T10:03:11,12,0,0,12
2022-09-09T10:12:22,12,0,0,12
2022-09-09T10:21:39,12,0,0,12
2022-09-09T10:30:49,12,0,0,12
2022-09-09T10:40:00,12,0,0,12
2022-09-09T10:49:09,12,0,0,12
2022-09-09T10:58:19,12,0,0,12
2022-09-09T11:07:29,12,0,0,12
2022-09-09T11:16:40,12,0,0,12
2022-09-09T11:26:02,12,0,0,12
2022-09-09T11:35:13,12,0,0,12
2022-09-09T11:44:23,12,0,0,12
2022-09-09T11:53:33,12,0,0,12
2022-09-09T12:02:44,12,0,0,12
2022-09-09T12:11:54,12,0,0,12
2022-09-09T12:21:04,12,0,0,12
2022-09-09T12:30:14,12,0,0,12
2022-09-09T12:39:35,12,0,0,12
2022-09-09T12:48:45,12,0,0,12
2022-09-09T12:57:55,12,0,0,12
2022-09-09T13:07:10,12,0,0,12
2022-09-09T13:16:26,12,0,0,12
2022-09-09T13:25:41,12,0,0,12
2022-09-09T13:34:51,12,0,0,12
2022-09-09T13:44:02,12,0,0,12
2022-09-09T13:53:12,12,0,0,12
2022-09-09T14:02:33,12,0,0,12
2022-09-09T14:11:43,12,0,0,12
2022-09-09T14:20:53,12,0,0,12
2022-09-09T14:30:04,12,0,0,12
2022-09-09T14:39:21,12,0,0,12
2022-09-09T14:48:32,12,0,0,12
2022-09-09T14:57:43,12,0,0,12
2022-09-09T15:06:54,12,0,0,12
2022-09-09T15:16:18,12,0,0,12
2022-09-09T15:25:29,12,0,0,12
2022-09-09T15:41:12,12,0,0,12
2022-09-09T15:51:01,12,0,0,12
2022-09-09T16:00:12,12,0,0,12
2022-09-09T16:09:23,12,0,0,12
2022-09-09T16:18:34,12,0,0,12
2022-09-09T16:27:44,12,0,0,12
2022-09-09T16:36:55,12,0,0,12
2022-09-09T16:46:11,12,0,0,12
2022-09-09T16:55:20,12,0,0,12
2022-09-09T17:04:41,12,0,0,12
2022-09-09T17:13:52,12,0,0,12
2022-09-09T17:23:03,12,0,0,12
2022-09-09T17:32:12,12,0,0,12
2022-09-09T17:41:22,12,0,0,12
2022-09-09T17:50:31,12,0,0,12
2022-09-09T17:59:41,12,0,0,12
2022-09-09T18:08:50,12,0,0,12
2022-09-09T18:18:11,12,0,0,12
2022-09-09T18:27:22,12,0,0,12
2022-09-09T18:36:32,12,0,0,12
2022-09-09T18:45:41,12,0,0,12
2022-09-09T18:54:49,12,0,0,12
2022-09-09T19:03:58,12,0,0,12
2022-09-09T19:13:08,12,0,0,12
2022-09-09T19:22:23,12,0,0,12
2022-09-09T19:31:43,12,0,0,12
2022-09-09T19:40:52,12,0,0,12
2022-09-09T19:50:01,12,0,0,12
2022-09-09T19:59:10,12,0,0,12
2022-09-09T20:08:20,12,0,0,12
2022-09-09T20:17:29,12,0,0,12
2022-09-09T20:26:39,12,0,0,12
2022-09-09T20:35:49,12,0,0,12
2022-09-09T20:45:04,12,0,0,12
2022-09-09T20:54:13,12,0,0,12
2022-09-09T21:03:32,12,0,0,12
2022-09-09T21:12:48,12,0,0,12
2022-09-09T21:21:59,12,0,0,12
2022-09-09T21:31:10,12,0,0,12
2022-09-09T21:40:20,12,0,0,12
2022-09-09T21:49:30,12,0,0,12
2022-09-09T21:58:38,12,0,0,12
2022-09-09T22:07:58,12,0,0,12
2022-09-09T22:17:08,12,0,0,12
2022-09-09T22:26:18,12,0,0,12
2022-09-09T22:35:29,12,0,0,12
2022-09-09T22:44:49,12,0,0,12
2022-09-09T22:53:59,12,0,0,12
2022-09-09T23:03:09,12,0,0,12
2022-09-09T23:12:26,12,0,0,12
2022-09-09T23:21:35,12,0,0,12
2022-09-09T23:30:51,12,0,0,12
2022-09-09T23:40:11,12,0,0,12
2022-09-09T23:49:20,12,0,0,12
2022-09-09T23:58:29,12,0,0,12
2022-09-10T00:07:39,12,0,0,12
2022-09-10T00:16:51,12,0,0,12
2022-09-10T00:26:13,12,0,0,12
2022-09-10T00:35:23,12,0,0,12
2022-09-10T00:44:35,12,0,0,12
2022-09-10T00:53:55,12,0,0,12
2022-09-10T01:03:07,12,0,0,12
2022-09-10T01:12:22,12,0,0,12
2022-09-10T01:21:36,12,0,0,12
2022-09-10T01:30:49,12,0,0,12
2022-09-10T01:40:02,12,0,0,12
2022-09-10T01:49:12,12,0,0,12
2022-09-10T01:58:22,12,0,0,12
2022-09-10T02:07:44,12,0,0,12
2022-09-10T02:16:54,12,0,0,12
2022-09-10T02:26:03,12,0,0,12
2022-09-10T02:35:12,12,0,0,12
2022-09-10T02:44:21,12,0,0,12
2022-09-10T02:53:29,12,0,0,12
2022-09-10T03:02:38,12,0,0,12
2022-09-10T03:11:46,12,0,0,12
2022-09-10T03:20:54,12,0,0,12
2022-09-10T03:30:03,12,0,0,12
2022-09-10T03:39:12,12,0,0,12
2022-09-10T03:48:22,12,0,0,12
2022-09-10T03:57:33,12,0,0,12
2022-09-10T04:06:43,12,0,0,12
2022-09-10T04:25:14,12,0,0,12
2022-09-10T04:34:55,12,0,0,12
2022-09-10T04:44:07,12,0,0,12
2022-09-10T04:53:17,12,0,0,12
2022-09-10T05:02:26,12,0,0,12
2022-09-10T05:11:35,12,0,0,12
2022-09-10T05:20:43,12,0,0,12
2022-09-10T05:29:51,12,0,0,12
2022-09-10T05:38:59,12,0,0,12
2022-09-10T05:48:07,12,0,0,12
2022-09-10T05:57:15,12,0,0,12
2022-09-10T06:06:24,12,0,0,12
2022-09-10T06:15:32,12,0,0,12
2022-09-10T06:24:40,12,0,0,12
2022-09-10T06:33:49,12,0,0,12
2022-09-10T06:42:57,12,0,0,12
2022-09-10T06:52:05,12,0,0,12
2022-09-10T07:01:14,12,0,0,12
2022-09-10T07:10:23,12,0,0,12
2022-09-10T07:19:32,12,0,0,12
2022-09-10T07:28:50,12,0,0,12
2022-09-10T07:37:59,12,0,0,12
2022-09-10T07:47:08,12,0,0,12
2022-09-10T07:56:17,12,0,0,12
2022-09-10T08:05:25,12,0,0,12
2022-09-10T08:14:33,12,0,0,12
2022-09-10T08:23:42,12,0,0,12
2022-09-10T08:32:51,12,0,0,12
2022-09-10T08:42:09,12,0,0,12
2022-09-10T08:51:18,12,0,0,12
2022-09-10T09:00:27,12,0,0,12
2022-09-10T09:09:42,12,0,0,12
2022-09-10T09:18:53,12,0,0,12
2022-09-10T09:28:03,12,0,0,12
2022-09-10T09:37:14,12,0,0,12
2022-09-10T09:46:25,12,0,0,12
2022-09-10T09:55:47,12,0,0,12
2022-09-10T10:04:57,12,0,0,12
2022-09-10T10:14:06,12,0,0,12
2022-09-10T10:23:15,12,0,0,12
2022-09-10T10:32:24,12,0,0,12
2022-09-10T10:41:33,12,0,0,12
2022-09-10T10:50:43,12,0,0,12
2022-09-10T10:59:53,12,0,0,12
2022-09-10T11:09:15,12,0,0,12
2022-09-10T11:18:24,12,0,0,12
2022-09-10T11:27:33,12,0,0,12
2022-09-10T11:36:43,12,0,0,12
2022-09-10T11:46:04,12,0,0,12
2022-09-10T11:55:14,12,0,0,12
2022-09-10T12:04:23,12,0,0,12
2022-09-10T12:13:37,12,0,0,12
2022-09-10T12:22:54,12,0,0,12
2022-09-10T12:32:10,12,0,0,12
2022-09-10T12:41:30,12,0,0,12
2022-09-10T12:50:59,12,0,0,12
2022-09-10T13:00:18,12,0,0,12
2022-09-10T13:09:41,12,0,0,12
2022-09-10T13:19:00,12,0,0,12
2022-09-10T13:28:37,12,0,0,12
2022-09-10T13:37:56,12,0,0,12
2022-09-10T13:47:12,12,0,0,12
2022-09-10T13:56:26,12,0,0,12
2022-09-10T14:05:57,12,0,0,12
2022-09-10T14:15:10,12,0,0,12
2022-09-10T14:24:21,12,0,0,12
2022-09-10T14:33:33,12,0,0,12
2022-09-10T14:42:44,12,0,0,12
2022-09-10T14:51:55,12,0,0,12
2022-09-10T15:01:06,12,0,0,12
2022-09-10T15:10:18,12,0,0,12
2022-09-10T15:19:31,12,0,0,12
2022-09-10T15:28:51,12,0,0,12
2022-09-10T15:38:02,12,0,0,12
2022-09-10T15:47:14,12,0,0,12
2022-09-10T15:56:24,12,0,0,12
2022-09-10T16:05:36,12,0,0,12
2022-09-10T16:14:48,12,0,0,12
2022-09-10T16:24:04,12,0,0,12
2022-09-10T16:33:29,12,0,0,12
2022-09-10T16:42:40,12,0,0,12
2022-09-10T16:51:50,12,0,0,12
2022-09-10T17:01:00,12,0,0,12
2022-09-10T17:10:11,12,0,0,12
2022-09-10T17:19:27,12,0,0,12
2022-09-10T17:28:42,12,0,0,12
2022-09-10T17:37:51,12,0,0,12
2022-09-10T17:47:00,12,0,0,12
2022-09-10T17:56:09,12,0,0,12
2022-09-10T18:05:18,12,0,0,12
2022-09-10T18:14:28,12,0,0,12
2022-09-10T18:23:48,12,0,0,12
2022-09-10T18:32:57,12,0,0,12
2022-09-10T18:42:06,12,0,0,12
2022-09-10T18:51:15,12,0,0,12
2022-09-10T19:00:23,12,0,0,12
2022-09-10T19:09:33,12,0,0,12
2022-09-10T19:18:42,12,0,0,12
2022-09-10T19:27:51,12,0,0,12
2022-09-10T19:36:59,12,0,0,12
2022-09-10T19:46:08,12,0,0,12
2022-09-10T19:55:22,12,0,0,12
2022-09-10T20:04:31,12,0,0,12
2022-09-10T20:13:40,12,0,0,12
2022-09-10T20:22:49,12,0,0,12
2022-09-10T20:31:57,12,0,0,12
2022-09-10T20:41:06,12,0,0,12
2022-09-10T20:50:26,12,0,0,12
2022-09-10T20:59:34,12,0,0,12
2022-09-10T21:08:43,12,0,0,12
2022-09-10T21:17:52,12,0,0,12
2022-09-10T21:27:00,12,0,0,12
2022-09-10T21:36:09,12,0,0,12
2022-09-10T21:45:18,12,0,0,12
2022-09-10T21:54:27,12,0,0,12
2022-09-10T22:03:37,12,0,0,12
2022-09-10T22:12:48,12,0,0,12
2022-09-10T22:21:57,12,0,0,12
2022-09-10T22:31:09,12,0,0,12
2022-09-10T22:40:19,12,0,0,12
2022-09-10T22:49:29,12,0,0,12
2022-09-10T22:58:39,12,0,0,12
2022-09-10T23:07:59,12,0,0,12
2022-09-10T23:17:09,12,0,0,12
2022-09-10T23:31:58,12,0,0,12
2022-09-10T23:41:07,12,0,0,12
2022-09-10T23:50:22,12,0,0,12
2022-09-10T23:59:32,12,0,0,12
2022-09-11T00:08:42,12,0,0,12
2022-09-11T00:18:06,12,0,0,12
2022-09-11T00:27:16,12,0,0,12
2022-09-11T00:36:29,12,0,0,12
2022-09-11T00:45:38,12,0,0,12
2022-09-11T00:54:47,12,0,0,12
2022-09-11T01:04:07,12,0,0,12
2022-09-11T01:13:17,12,0,0,12
2022-09-11T01:22:26,12,0,0,12
2022-09-11T01:31:35,12,0,0,12
2022-09-11T01:40:43,12,0,0,12
2022-09-11T01:49:58,12,0,0,12
2022-09-11T01:59:18,12,0,0,12
2022-09-11T02:08:27,12,0,0,12
2022-09-11T02:17:36,12,0,0,12
2022-09-11T02:26:45,12,0,0,12
2022-09-11T02:36:04,12,0,0,12
2022-09-11T02:45:18,12,0,0,12
2022-09-11T02:54:32,12,0,0,12
2022-09-11T03:03:56,12,0,0,12
2022-09-11T03:13:08,12,0,0,12
2022-09-11T03:22:22,12,0,0,12
2022-09-11T03:31:35,12,0,0,12
2022-09-11T03:40:47,12,0,0,12
2022-09-11T03:50:05,12,0,0,12
2022-09-11T04:02:08,12,0,0,12
2022-09-11T04:18:50,12,0,0,12
2022-09-11T04:28:34,12,0,0,12
2022-09-11T04:37:47,12,0,0,12
2022-09-11T04:46:59,12,0,0,12
2022-09-11T04:56:11,12,0,0,12
2022-09-11T05:05:26,12,0,0,12
2022-09-11T05:14:46,12,0,0,12
2022-09-11T05:23:59,12,0,0,12
2022-09-11T05:33:11,12,0,0,12
2022-09-11T05:42:22,12,0,0,12
2022-09-11T05:51:33,12,0,0,12
2022-09-11T06:00:46,12,0,0,12
2022-09-11T06:09:57,12,0,0,12
2022-09-11T06:19:20,12,0,0,12
2022-09-11T06:28:29,12,0,0,12
2022-09-11T06:37:37,12,0,0,12
2022-09-11T06:46:46,12,0,0,12
2022-09-11T06:56:00,12,0,0,12
2022-09-11T07:05:19,12,0,0,12
2022-09-11T07:14:34,12,0,0,12
2022-09-11T07:23:43,12,0,0,12
2022-09-11T07:32:53,12,0,0,12
2022-09-11T07:42:05,12,0,0,12
2022-09-11T07:51:15,12,0,0,12
2022-09-11T08:00:34,12,0,0,12
2022-09-11T08:09:43,12,0,0,12
2022-09-11T08:18:52,12,0,0,12
2022-09-11T08:28:02,12,0,0,12
2022-09-11T08:37:12,12,0,0,12
2022-09-11T08:46:20,12,0,0,12
2022-09-11T08:55:28,12,0,0,12
2022-09-11T09:04:51,12,0,0,12
2022-09-11T09:14:00,12,0,0,12
2022-09-11T09:23:08,12,0,0,12
2022-09-11T09:32:17,12,0,0,12
2022-09-11T09:41:26,12,0,0,12
2022-09-11T09:50:35,12,0,0,12
2022-09-11T09:59:44,12,0,0,12
2022-09-11T10:09:02,12,0,0,12
2022-09-11T10:18:13,12,0,0,12
2022-09-11T10:27:23,12,0,0,12
2022-09-11T10:36:34,12,0,0,12
2022-09-11T10:45:45,12,0,0,12
2022-09-11T10:55:05,12,0,0,12
2022-09-11T11:04:15,12,0,0,12
2022-09-11T11:13:31,12,0,0,12
2022-09-11T11:22:41,12,0,0,12
2022-09-11T11:31:50,12,0,0,12
2022-09-11T11:41:10,12,0,0,12
2022-09-11T11:50:19,12,0,0,12
2022-09-11T11:59:27,12,0,0,12
2022-09-11T12:08:36,12,0,0,12
2022-09-11T12:17:44,12,0,0,12
2022-09-11T12:27:02,12,0,0,12
2022-09-11T12:36:11,12,0,0,12
2022-09-11T12:45:19,12,0,0,12
2022-09-11T12:54:28,12,0,0,12
2022-09-11T13:03:36,12,0,0,12
2022-09-11T13:12:55,12,0,0,12
2022-09-11T13:22:04,12,0,0,12
2022-09-11T13:31:12,12,0,0,12
2022-09-11T13:40:21,12,0,0,12
2022-09-11T13:49:41,12,0,0,12
2022-09-11T13:58:51,12,0,0,12
2022-09-11T14:08:10,12,0,0,12
2022-09-11T14:17:18,12,0,0,12
2022-09-11T14:26:27,12,0,0,12
2022-09-11T14:35:36,12,0,0,12
2022-09-11T14:44:45,12,0,0,12
2022-09-11T14:53:59,12,0,0,12
2022-09-11T15:03:08,12,0,0,12
2022-09-11T15:12:27,12,0,0,12
2022-09-11T15:21:35,12,0,0,12
2022-09-11T15:30:43,12,0,0,12
2022-09-11T15:39:52,12,0,0,12
2022-09-11T15:49:00,12,0,0,12
2022-09-11T15:58:19,12,0,0,12
2022-09-11T16:07:28,12,0,0,12
2022-09-11T16:16:36,12,0,0,12
2022-09-11T16:25:51,12,0,0,12
2022-09-11T16:35:00,12,0,0,12
2022-09-11T16:44:09,12,0,0,12
2022-09-11T16:53:17,12,0,0,12
2022-09-11T17:02:42,12,0,0,12
2022-09-11T17:11:51,12,0,0,12
2022-09-11T17:21:06,12,0,0,12
2022-09-11T17:30:14,12,0,0,12
2022-09-11T17:39:23,12,0,0,12
2022-09-11T17:48:42,12,0,0,12
2022-09-11T17:57:50,12,0,0,12
2022-09-11T18:06:59,12,0,0,12
2022-09-11T18:16:13,12,0,0,12
2022-09-11T18:25:22,12,0,0,12
2022-09-11T18:34:30,12,0,0,12
2022-09-11T18:43:50,12,0,0,12
2022-09-11T18:52:59,12,0,0,12
2022-09-11T19:02:14,12,0,0,12
2022-09-11T19:11:24,12,0,0,12
2022-09-11T19:20:33,12,0,0,12
2022-09-11T19:29:53,12,0,0,12
2022-09-11T19:39:03,12,0,0,12
2022-09-11T19:48:12,12,0,0,12
2022-09-11T19:57:21,12,0,0,12
2022-09-11T20:06:31,12,0,0,12
2022-09-11T20:15:39,12,0,0,12
2022-09-11T20:24:59,12,0,0,12
2022-09-11T20:34:08,12,0,0,12
2022-09-11T20:43:16,12,0,0,12
2022-09-11T20:52:31,12,0,0,12
2022-09-11T21:01:39,12,0,0,12
2022-09-11T21:10:48,12,0,0,12
2022-09-11T21:20:08,12,0,0,12
2022-09-11T21:29:17,12,0,0,12
2022-09-11T21:38:27,12,0,0,12
2022-09-11T21:47:37,12,0,0,12
2022-09-11T21:56:56,12,0,0,12
2022-09-11T22:06:05,12,0,0,12
2022-09-11T22:15:14,12,0,0,12
2022-09-11T22:24:22,12,0,0,12
2022-09-11T22:33:32,12,0,0,12
2022-09-11T22:42:51,12,0,0,12
2022-09-11T22:52:00,12,0,0,12
2022-09-11T23:01:09,12,0,0,12
2022-09-11T23:10:19,12,0,0,12
2022-09-11T23:19:39,12,0,0,12
2022-09-11T23:28:49,12,0,0,12
2022-09-11T23:37:58,12,0,0,12
2022-09-11T23:47:07,12,0,0,12
2022-09-11T23:56:15,12,0,0,12
2022-09-12T00:05:37,12,0,0,12
2022-09-12T00:14:52,12,0,0,12
2022-09-12T00:24:04,12,0,0,12
2022-09-12T00:33:29,12,0,0,12
2022-09-12T00:42:42,12,0,0,12
2022-09-12T00:51:52,12,0,0,12
2022-09-12T01:01:13,12,0,0,12
2022-09-12T01:10:35,12,0,0,12
2022-09-12T01:19:55,12,0,0,12
2022-09-12T01:29:06,12,0,0,12
2022-09-12T01:38:18,12,0,0,12
2022-09-12T01:47:28,12,0,0,12
2022-09-12T01:56:50,12,0,0,12
2022-09-12T02:06:01,12,0,0,12
2022-09-12T02:15:19,12,0,0,12
2022-09-12T02:24:30,12,0,0,12
2022-09-12T02:33:40,12,0,0,12
2022-09-12T02:42:49,12,0,0,12
2022-09-12T02:52:00,12,0,0,12
2022-09-12T03:01:15,12,0,0,12
2022-09-12T03:10:35,12,0,0,12
2022-09-12T03:19:45,12,0,0,12
2022-09-12T03:29:00,12,0,0,12
2022-09-12T03:38:11,12,0,0,12
2022-09-12T03:47:21,12,0,0,12
2022-09-12T03:56:32,12,0,0,12
2022-09-12T04:18:14,12,0,0,12
2022-09-12T04:27:51,12,0,0,12
2022-09-12T04:37:05,12,0,0,12
2022-09-12T04:46:17,12,0,0,12
2022-09-12T04:55:28,12,0,0,12
2022-09-12T05:04:48,12,0,0,12
2022-09-12T05:13:57,12,0,0,12
2022-09-12T05:23:18,12,0,0,12
2022-09-12T05:32:33,12,0,0,12
2022-09-12T05:41:41,12,0,0,12
2022-09-12T05:50:50,12,0,0,12
2022-09-12T06:00:11,12,0,0,12
2022-09-12T06:09:22,12,0,0,12
2022-09-12T06:18:32,12,0,0,12
2022-09-12T06:27:41,12,0,0,12
2022-09-12T06:36:50,12,0,0,12
2022-09-12T06:46:00,12,0,0,12
2022-09-12T06:55:11,12,0,0,12
2022-09-12T07:04:30,12,0,0,12
2022-09-12T07:13:40,12,0,0,12
2022-09-12T07:22:49,12,0,0,12
2022-09-12T07:31:59,12,0,0,12
2022-09-12T07:41:09,12,0,0,12
2022-09-12T07:50:19,12,0,0,12
2022-09-12T07:59:30,12,0,0,12
2022-09-12T08:08:42,12,0,0,12
2022-09-12T08:18:03,12,0,0,12
2022-09-12T08:27:13,12,0,0,12
2022-09-12T08:36:23,12,0,0,12
2022-09-12T08:45:33,12,0,0,12
2022-09-12T08:54:42,12,0,0,12
2022-09-12T09:03:53,12,0,0,12
2022-09-12T09:13:03,12,0,0,12
2022-09-12T09:22:25,12,0,0,12
2022-09-12T09:31:44,12,0,0,12
2022-09-12T09:40:55,12,0,0,12
2022-09-12T09:50:08,12,0,0,12
2022-09-12T09:59:20,12,0,0,12
2022-09-12T10:08:32,12,0,0,12
2022-09-12T10:17:56,12,0,0,12
2022-09-12T10:27:07,12,0,0,12
2022-09-12T10:36:18,12,0,0,12
2022-09-12T10:45:29,12,0,0,12
2022-09-12T10:54:40,12,0,0,12
2022-09-12T11:14:40,12,0,0,12
2022-09-12T11:24:29,12,0,0,12
2022-09-12T11:33:41,12,0,0,12
2022-09-12T11:42:56,12,0,0,12
2022-09-12T11:52:07,12,0,0,12
2022-09-12T12:01:17,12,0,0,12
2022-09-12T12:10:39,12,0,0,12
2022-09-12T12:19:50,12,0,0,12
2022-09-12T12:29:06,12,0,0,12
2022-09-12T12:38:16,12,0,0,12
2022-09-12T12:47:27,12,0,0,12
2022-09-12T12:56:48,12,0,0,12
2022-09-12T13:05:59,12,0,0,12
2022-09-12T13:15:11,12,0,0,12
2022-09-12T13:24:23,12,0,0,12
2022-09-12T13:33:34,12,0,0,12
2022-09-12T13:42:45,12,0,0,12
2022-09-12T13:52:07,12,0,0,12
2022-09-12T14:01:18,12,0,0,12
2022-09-12T14:10:30,12,0,0,12
2022-09-12T14:19:42,12,0,0,12
2022-09-12T14:28:54,12,0,0,12
2022-09-12T14:38:05,12,0,0,12
2022-09-12T14:47:16,12,0,0,12
2022-09-12T14:56:39,12,0,0,12
2022-09-12T15:05:51,12,0,0,12
2022-09-12T15:15:05,12,0,0,12
2022-09-12T15:24:17,12,0,0,12
2022-09-12T15:33:29,12,0,0,12
2022-09-12T15:42:41,12,0,0,12
2022-09-12T15:52:09,12,0,0,12
2022-09-12T16:01:22,12,0,0,12
2022-09-12T16:15:44,12,0,0,12
2022-09-12T16:24:55,12,0,0,12
2022-09-12T16:34:07,12,0,0,12
2022-09-12T16:43:19,12,0,0,12
2022-09-12T16:52:41,12,0,0,12
2022-09-12T17:01:52,12,0,0,12
2022-09-12T17:11:04,12,0,0,12
2022-09-12T17:20:26,12,0,0,12
2022-09-12T17:29:37,12,0,0,12
2022-09-12T17:38:48,12,0,0,12
2022-09-12T17:47:58,12,0,0,12
2022-09-12T17:57:28,12,0,0,12
2022-09-12T18:06:40,12,0,0,12
2022-09-12T18:15:51,12,0,0,12
2022-09-12T18:25:02,12,0,0,12
2022-09-12T18:34:12,12,0,0,12
2022-09-12T18:43:34,12,0,0,12
2022-09-12T18:52:45,12,0,0,12
2022-09-12T19:02:01,12,0,0,12
2022-09-12T19:11:12,12,0,0,12
2022-09-12T19:20:34,12,0,0,12
2022-09-12T19:29:44,12,0,0,12
2022-09-12T19:39:01,12,0,0,12
2022-09-12T19:48:22,12,0,0,12
2022-09-12T19:57:32,12,0,0,12
2022-09-12T20:06:42,12,0,0,12
2022-09-12T20:15:52,12,0,0,12
2022-09-12T20:25:01,12,0,0,12
2022-09-12T20:34:23,12,0,0,12
2022-09-12T20:43:33,12,0,0,12
2022-09-12T20:52:42,12,0,0,12
2022-09-12T21:01:57,12,0,0,12
2022-09-12T21:11:07,12,0,0,12
2022-09-12T21:20:28,12,0,0,12
2022-09-12T21:29:38,12,0,0,12
2022-09-12T21:38:48,12,0,0,12
2022-09-12T21:47:58,12,0,0,12
2022-09-12T21:57:08,12,0,0,12
2022-09-12T22:06:17,12,0,0,12
2022-09-12T22:15:39,12,0,0,12
2022-09-12T22:24:50,12,0,0,12
2022-09-12T22:34:00,12,0,0,12
2022-09-12T22:43:10,12,0,0,12
2022-09-12T22:52:20,12,0,0,12
2022-09-12T23:01:30,12,0,0,12
2022-09-12T23:10:52,12,0,0,12
2022-09-12T23:20:03,12,0,0,12
2022-09-12T23:29:13,12,0,0,12
2022-09-12T23:38:24,12,0,0,12
2022-09-12T23:47:34,12,0,0,12
2022-09-12T23:56:43,12,0,0,12
2022-09-13T00:05:54,12,0,0,12
2022-09-13T00:15:23,12,0,0,12
2022-09-13T00:24:35,12,0,0,12
2022-09-13T00:33:58,12,0,0,12
2022-09-13T00:43:10,12,0,0,12
2022-09-13T00:52:22,12,0,0,12
2022-09-13T01:01:34,12,0,0,12
2022-09-13T01:10:47,12,0,0,12
2022-09-13T01:19:59,12,0,0,12
2022-09-13T01:29:11,12,0,0,12
2022-09-13T01:38:37,12,0,0,12
2022-09-13T01:47:48,12,0,0,12
2022-09-13T01:57:08,12,0,0,12
2022-09-13T02:06:20,12,0,0,12
2022-09-13T02:15:35,12,0,0,12
2022-09-13T02:24:44,12,0,0,12
2022-09-13T02:33:59,12,0,0,12
2022-09-13T02:43:08,12,0,0,12
2022-09-13T02:52:18,12,0,0,12
2022-09-13T03:01:26,12,0,0,12
2022-09-13T03:10:46,12,0,0,12
2022-09-13T03:19:55,12,0,0,12
2022-09-13T03:29:03,12,0,0,12
2022-09-13T03:38:13,12,0,0,12
2022-09-13T03:47:25,12,0,0,12
2022-09-13T03:56:37,12,0,0,12
2022-09-13T04:05:47,12,0,0,12
2022-09-13T04:14:59,12,0,0,12
2022-09-13T04:29:36,12,0,0,12
2022-09-13T04:39:15,12,0,0,12
2022-09-13T04:48:30,12,0,0,12
2022-09-13T04:57:41,12,0,0,12
2022-09-13T05:06:53,12,0,0,12
2022-09-13T05:16:04,12,0,0,12
2022-09-13T05:25:15,12,0,0,12
2022-09-13T05:34:25,12,0,0,12
2022-09-13T05:43:37,12,0,0,12
2022-09-13T05:52:49,12,0,0,12
2022-09-13T06:02:08,12,0,0,12
2022-09-13T06:11:21,12,0,0,12
2022-09-13T06:20:37,12,0,0,12
2022-09-13T06:29:52,12,0,0,12
2022-09-13T06:39:14,12,0,0,12
2022-09-13T06:48:29,12,0,0,12
2022-09-13T06:57:50,12,0,0,12
2022-09-13T07:07:05,12,0,0,12
2022-09-13T07:16:19,12,0,0,12
2022-09-13T07:25:42,12,0,0,12
2022-09-13T07:35:02,12,0,0,12
2022-09-13T07:44:16,12,0,0,12
2022-09-13T07:53:30,12,0,0,12
2022-09-13T08:02:43,12,0,0,12
2022-09-13T08:11:57,12,0,0,12
2022-09-13T08:21:12,12,0,0,12
2022-09-13T08:30:28,12,0,0,12
2022-09-13T08:39:42,12,0,0,12
2022-09-13T08:49:07,12,0,0,12
2022-09-13T08:58:28,12,0,0,12
2022-09-13T09:07:42,12,0,0,12
2022-09-13T09:16:56,12,0,0,12
2022-09-13T09:26:08,12,0,0,12
2022-09-13T09:35:21,12,0,0,12
2022-09-13T09:44:35,12,0,0,12
2022-09-13T09:53:59,12,0,0,12
2022-09-13T10:03:19,12,0,0,12
2022-09-13T10:12:32,12,0,0,12
2022-09-13T10:21:46,12,0,0,12
2022-09-13T10:31:01,12,0,0,12
2022-09-13T10:40:27,12,0,0,12
2022-09-13T10:49:46,12,0,0,12
2022-09-13T10:59:00,12,0,0,12
2022-09-13T11:08:20,12,0,0,12
2022-09-13T11:17:34,12,0,0,12
2022-09-13T11:26:59,12,0,0,12
2022-09-13T11:36:12,12,0,0,12
2022-09-13T11:45:27,12,0,0,12
2022-09-13T11:54:40,12,0,0,12
2022-09-13T12:04:03,12,0,0,12
2022-09-13T12:13:15,12,0,0,12
2022-09-13T12:22:27,12,0,0,12
2022-09-13T12:31:40,12,0,0,12
2022-09-13T12:40:53,12,0,0,12
2022-09-13T12:50:21,12,0,0,12
2022-09-13T12:59:40,12,0,0,12
2022-09-13T13:08:53,12,0,0,12
2022-09-13T13:18:11,12,0,0,12
2022-09-13T13:27:26,12,0,0,12
2022-09-13T13:36:39,12,0,0,12
2022-09-13T13:46:03,12,0,0,12
2022-09-13T13:55:17,12,0,0,12
2022-09-13T14:04:31,12,0,0,12
2022-09-13T14:13:44,12,0,0,12
2022-09-13T14:23:05,12,0,0,12
2022-09-13T14:32:18,12,0,0,12
2022-09-13T14:41:46,12,0,0,12
2022-09-13T14:50:58,12,0,0,12
2022-09-13T15:00:10,12,0,0,12
2022-09-13T15:09:23,12,0,0,12
2022-09-13T15:18:36,12,0,0,12
2022-09-13T15:27:49,12,0,0,12
2022-09-13T15:37:14,12,0,0,12
2022-09-13T15:46:27,12,0,0,12
2022-09-13T15:55:40,12,0,0,12
2022-09-13T16:04:53,12,0,0,12
2022-09-13T16:14:05,12,0,0,12
2022-09-13T16:23:18,12,0,0,12
2022-09-13T16:32:42,12,0,0,12
2022-09-13T16:41:54,12,0,0,12
2022-09-13T16:51:06,12,0,0,12
2022-09-13T17:00:18,12,0,0,12
2022-09-13T17:09:31,12,0,0,12
2022-09-13T17:18:54,12,0,0,12
2022-09-13T17:28:05,12,0,0,12
2022-09-13T17:37:16,12,0,0,12
2022-09-13T17:46:29,12,0,0,12
2022-09-13T17:55:52,12,0,0,12
2022-09-13T18:05:04,12,0,0,12
2022-09-13T18:14:16,12,0,0,12
2022-09-13T18:23:27,12,0,0,12
2022-09-13T18:32:38,12,0,0,12
2022-09-13T18:41:50,12,0,0,12
2022-09-13T18:51:12,12,0,0,12
2022-09-13T19:00:23,12,0,0,12
2022-09-13T19:09:35,12,0,0,12
2022-09-13T19:18:45,12,0,0,12
2022-09-13T19:27:57,12,0,0,12
2022-09-13T19:37:09,12,0,0,12
2022-09-13T19:46:20,12,0,0,12
2022-09-13T19:55:42,12,0,0,12
2022-09-13T20:04:54,12,0,0,12
2022-09-13T20:14:05,12,0,0,12
2022-09-13T20:23:19,12,0,0,12
2022-09-13T20:32:31,12,0,0,12
2022-09-13T20:41:42,12,0,0,12
2022-09-13T20:51:03,12,0,0,12
2022-09-13T21:00:15,12,0,0,12
2022-09-13T21:09:26,12,0,0,12
2022-09-13T21:18:37,12,0,0,12
2022-09-13T21:27:48,12,0,0,12
2022-09-13T21:37:10,12,0,0,12
2022-09-13T21:46:21,12,0,0,12
2022-09-13T21:55:32,12,0,0,12
2022-09-13T22:04:43,12,0,0,12
2022-09-13T22:13:55,12,0,0,12
2022-09-13T22:23:07,12,0,0,12
2022-09-13T22:32:18,12,0,0,12
2022-09-13T22:41:30,12,0,0,12
2022-09-13T22:50:52,12,0,0,12
2022-09-13T23:00:03,12,0,0,12
2022-09-13T23:09:15,12,0,0,12
2022-09-13T23:18:26,12,0,0,12
2022-09-13T23:27:37,12,0,0,12
2022-09-13T23:36:50,12,0,0,12
2022-09-13T23:46:01,12,0,0,12
2022-09-13T23:55:23,12,0,0,12
2022-09-14T00:04:35,12,0,0,12
2022-09-14T00:13:47,12,0,0,12
2022-09-14T00:23:01,12,0,0,12
2022-09-14T00:32:14,12,0,0,12
2022-09-14T00:41:27,12,0,0,12
2022-09-14T00:50:41,12,0,0,12
2022-09-14T00:59:54,12,0,0,12
2022-09-14T01:09:09,12,0,0,12
2022-09-14T01:18:35,12,0,0,12
2022-09-14T01:27:48,12,0,0,12
2022-09-14T01:37:02,12,0,0,12
2022-09-14T01:46:14,12,0,0,12
2022-09-14T01:55:29,12,0,0,12
2022-09-14T02:04:43,12,0,0,12
2022-09-14T02:13:54,12,0,0,12
2022-09-14T02:23:04,12,0,0,12
2022-09-14T02:32:18,12,0,0,12
2022-09-14T02:41:31,12,0,0,12
2022-09-14T02:50:43,12,0,0,12
2022-09-14T03:00:06,12,0,0,12
2022-09-14T03:09:19,12,0,0,12
2022-09-14T03:18:31,12,0,0,12
2022-09-14T03:27:43,12,0,0,12
2022-09-14T03:36:55,12,0,0,12
2022-09-14T03:46:09,12,0,0,12
2022-09-14T03:55:22,12,0,0,12
2022-09-14T04:04:34,12,0,0,12
2022-09-14T04:13:47,12,0,0,12
2022-09-14T04:27:46,12,0,0,12
2022-09-14T04:37:17,12,0,0,12
2022-09-14T04:46:33,12,0,0,12
2022-09-14T04:55:47,12,0,0,12
2022-09-14T05:05:02,12,0,0,12
2022-09-14T05:14:15,12,0,0,12
2022-09-14T05:23:28,12,0,0,12
2022-09-14T05:32:41,12,0,0,12
2022-09-14T05:41:55,12,0,0,12
2022-09-14T05:51:08,12,0,0,12
2022-09-14T06:00:22,12,0,0,12
2022-09-14T06:09:33,12,0,0,12
2022-09-14T06:18:42,12,0,0,12
2022-09-14T06:27:53,12,0,0,12
2022-09-14T06:37:13,12,0,0,12
2022-09-14T06:46:24,12,0,0,12
2022-09-14T06:55:34,12,0,0,12
2022-09-14T07:04:47,12,0,0,12
2022-09-14T07:13:58,12,0,0,12
2022-09-14T07:23:08,12,0,0,12
2022-09-14T07:32:19,12,0,0,12
2022-09-14T07:41:31,12,0,0,12
2022-09-14T07:50:43,12,0,0,12
2022-09-14T07:59:57,12,0,0,12
2022-09-14T08:09:14,12,0,0,12
2022-09-14T08:18:30,12,0,0,12
2022-09-14T08:27:58,12,0,0,12
2022-09-14T08:37:18,12,0,0,12
2022-09-14T08:46:37,12,0,0,12
2022-09-14T08:55:55,12,0,0,12
2022-09-14T09:05:14,12,0,0,12
2022-09-14T09:14:32,12,0,0,12
2022-09-14T09:23:51,12,0,0,12
2022-09-14T09:33:04,12,0,0,12
2022-09-14T09:42:29,12,0,0,12
2022-09-14T09:51:43,12,0,0,12
2022-09-14T10:00:56,12,0,0,12
2022-09-14T10:10:09,12,0,0,12
2022-09-14T10:19:22,12,0,0,12
2022-09-14T10:28:34,12,0,0,12
2022-09-14T10:37:48,12,0,0,12
2022-09-14T10:47:01,12,0,0,12
2022-09-14T10:56:24,12,0,0,12
2022-09-14T11:05:41,12,0,0,12
2022-09-14T11:14:57,12,0,0,12
2022-09-14T11:24:11,12,0,0,12
2022-09-14T11:33:24,12,0,0,12
2022-09-14T11:42:39,12,0,0,12
2022-09-14T11:51:55,12,0,0,12
2022-09-14T12:01:18,12,0,0,12
2022-09-14T12:10:31,12,0,0,12
2022-09-14T12:19:44,12,0,0,12
2022-09-14T12:28:57,12,0,0,12
2022-09-14T12:38:09,12,0,0,12
2022-09-14T12:47:21,12,0,0,12
2022-09-14T12:56:34,12,0,0,12
2022-09-14T13:05:56,12,0,0,12
2022-09-14T13:15:08,12,0,0,12
2022-09-14T13:24:21,12,0,0,12
2022-09-14T13:33:33,12,0,0,12
2022-09-14T13:42:50,12,0,0,12
2022-09-14T13:52:10,12,0,0,12
2022-09-14T14:01:37,12,0,0,12
2022-09-14T14:10:54,12,0,0,12
2022-09-14T14:20:13,12,0,0,12
2022-09-14T14:29:25,12,0,0,12
2022-09-14T14:38:38,12,0,0,12
2022-09-14T14:47:53,12,0,0,12
2022-09-14T14:57:16,12,0,0,12
2022-09-14T15:06:29,12,0,0,12
2022-09-14T15:15:41,12,0,0,12
2022-09-14T15:24:54,12,0,0,12
2022-09-14T15:34:06,12,0,0,12
2022-09-14T15:43:19,12,0,0,12
2022-09-14T15:52:31,12,0,0,12
2022-09-14T16:01:44,12,0,0,12
2022-09-14T16:11:06,12,0,0,12
2022-09-14T16:20:18,12,0,0,12
2022-09-14T16:29:30,12,0,0,12
2022-09-14T16:38:42,12,0,0,12
2022-09-14T16:47:55,12,0,0,12
2022-09-14T16:57:08,12,0,0,12
2022-09-14T17:06:22,12,0,0,12
2022-09-14T17:15:34,12,0,0,12
2022-09-14T17:24:46,12,0,0,12
2022-09-14T17:34:12,12,0,0,12
2022-09-14T17:43:24,12,0,0,12
2022-09-14T17:52:35,12,0,0,12
2022-09-14T18:01:47,12,0,0,12
2022-09-14T18:10:59,12,0,0,12
2022-09-14T18:20:11,12,0,0,12
2022-09-14T18:29:23,12,0,0,12
2022-09-14T18:38:34,12,0,0,12
2022-09-14T18:47:56,12,0,0,12
2022-09-14T18:57:08,12,0,0,12
2022-09-14T19:06:20,12,0,0,12
2022-09-14T19:15:32,12,0,0,12
2022-09-14T19:24:44,12,0,0,12
2022-09-14T19:33:55,12,0,0,12
2022-09-14T19:43:09,12,0,0,12
2022-09-14T19:52:21,12,0,0,12
2022-09-14T20:01:46,12,0,0,12
2022-09-14T20:11:03,12,0,0,12
2022-09-14T20:20:18,12,0,0,12
2022-09-14T20:29:30,12,0,0,12
2022-09-14T20:38:41,12,0,0,12
2022-09-14T20:47:52,12,0,0,12
2022-09-14T20:57:03,12,0,0,12
2022-09-14T21:06:26,12,0,0,12
2022-09-14T21:15:37,12,0,0,12
2022-09-14T21:24:49,12,0,0,12
2022-09-14T21:34:00,12,0,0,12
2022-09-14T21:43:12,12,0,0,12
2022-09-14T21:52:23,12,0,0,12
2022-09-14T22:01:36,12,0,0,12
2022-09-14T22:11:01,12,0,0,12
2022-09-14T22:20:14,12,0,0,12
2022-09-14T22:29:30,12,0,0,12
2022-09-14T22:38:47,12,0,0,12
2022-09-14T22:47:59,12,0,0,12
2022-09-14T22:57:10,12,0,0,12
2022-09-14T23:06:21,12,0,0,12
2022-09-14T23:15:33,12,0,0,12
2022-09-14T23:24:44,12,0,0,12
2022-09-14T23:34:05,12,0,0,12
2022-09-14T23:43:16,12,0,0,12
2022-09-14T23:52:26,12,0,0,12
2022-09-15T00:01:38,12,0,0,12
2022-09-15T00:10:49,12,0,0,12
2022-09-15T00:20:10,12,0,0,12
2022-09-15T00:29:21,12,0,0,12
2022-09-15T00:38:32,12,0,0,12
2022-09-15T00:47:57,12,0,0,12
2022-09-15T00:57:09,12,0,0,12
2022-09-15T01:06:19,12,0,0,12
2022-09-15T01:15:31,12,0,0,12
2022-09-15T01:24:43,12,0,0,12
2022-09-15T01:33:56,12,0,0,12
2022-09-15T01:43:09,12,0,0,12
2022-09-15T01:52:21,12,0,0,12
2022-09-15T02:01:33,12,0,0,12
2022-09-15T02:10:46,12,0,0,12
2022-09-15T02:19:57,12,0,0,12
2022-09-15T02:29:08,12,0,0,12
2022-09-15T02:38:21,12,0,0,12
2022-09-15T02:47:41,12,0,0,12
2022-09-15T02:56:52,12,0,0,12
2022-09-15T03:06:02,12,0,0,12
2022-09-15T03:15:12,12,0,0,12
2022-09-15T03:24:22,12,0,0,12
2022-09-15T03:33:32,12,0,0,12
2022-09-15T03:42:44,12,0,0,12
2022-09-15T03:52:01,12,0,0,12
2022-09-15T04:01:14,12,0,0,12
2022-09-15T04:10:27,12,0,0,12
2022-09-15T04:46:30,12,0,0,12
2022-09-15T04:55:46,12,0,0,12
2022-09-15T05:05:00,12,0,0,12
2022-09-15T05:14:14,12,0,0,12
2022-09-15T05:23:27,12,0,0,12
2022-09-15T05:32:41,12,0,0,12
2022-09-15T05:41:53,12,0,0,12
2022-09-15T05:51:07,12,0,0,12
2022-09-15T06:00:22,12,0,0,12
2022-09-15T06:09:36,12,0,0,12
2022-09-15T06:18:49,12,0,0,12
2022-09-15T06:28:01,12,0,0,12
2022-09-15T06:37:14,12,0,0,12
2022-09-15T06:46:28,12,0,0,12
2022-09-15T06:55:41,12,0,0,12
2022-09-15T07:04:53,12,0,0,12
2022-09-15T07:14:04,12,0,0,12
2022-09-15T07:23:15,12,0,0,12
2022-09-15T07:32:36,12,0,0,12
2022-09-15T07:41:48,12,0,0,12
2022-09-15T07:51:00,12,0,0,12
2022-09-15T08:00:12,12,0,0,12
2022-09-15T08:09:27,12,0,0,12
2022-09-15T08:18:41,12,0,0,12
2022-09-15T08:27:54,12,0,0,12
2022-09-15T08:37:11,12,0,0,12
2022-09-15T08:46:24,12,0,0,12
2022-09-15T08:55:37,12,0,0,12
2022-09-15T09:04:50,12,0,0,12
2022-09-15T09:14:03,12,0,0,12
2022-09-15T09:23:16,12,0,0,12
2022-09-15T09:32:42,12,0,0,12
2022-09-15T09:41:55,12,0,0,12
2022-09-15T09:51:08,12,0,0,12
2022-09-15T10:00:21,12,0,0,12
2022-09-15T10:09:35,12,0,0,12
2022-09-15T10:18:49,12,0,0,12
2022-09-15T10:28:02,12,0,0,12
2022-09-15T10:37:16,12,0,0,12
2022-09-15T10:46:39,12,0,0,12
2022-09-15T10:55:52,12,0,0,12
2022-09-15T11:05:06,12,0,0,12
2022-09-15T11:14:20,12,0,0,12
2022-09-15T11:23:33,12,0,0,12
2022-09-15T11:32:58,12,0,0,12
2022-09-15T11:42:12,12,0,0,12
2022-09-15T11:51:25,12,0,0,12
2022-09-15T12:00:39,12,0,0,12
2022-09-15T12:10:03,12,0,0,12
2022-09-15T12:19:16,12,0,0,12
2022-09-15T12:28:29,12,0,0,12
2022-09-15T12:37:41,12,0,0,12
2022-09-15T12:46:56,12,0,0,12
2022-09-15T12:56:20,12,0,0,12
2022-09-15T13:05:33,12,0,0,12
2022-09-15T13:14:45,12,0,0,12
2022-09-15T13:23:58,12,0,0,12
2022-09-15T13:33:10,12,0,0,12
2022-09-15T13:42:34,12,0,0,12
2022-09-15T13:51:51,12,0,0,12
2022-09-15T14:01:07,12,0,0,12
2022-09-15T14:10:20,12,0,0,12
2022-09-15T14:19:34,12,0,0,12
2022-09-15T14:28:46,12,0,0,12
2022-09-15T14:38:12,12,0,0,12
2022-09-15T14:47:27,12,0,0,12
2022-09-15T14:56:49,12,0,0,12
2022-09-15T15:06:13,12,0,0,12
2022-09-15T15:15:41,12,0,0,12
2022-09-15T15:25:21,12,0,0,12
2022-09-15T15:34:51,12,0,0,12
2022-09-15T15:44:18,12,0,0,12
2022-09-15T15:53:44,12,0,0,12
2022-09-15T16:03:21,12,0,0,12
2022-09-15T16:12:45,12,0,0,12
2022-09-15T16:22:04,12,0,0,12
2022-09-15T16:31:29,12,0,0,12
2022-09-15T16:40:53,12,0,0,12
2022-09-15T16:50:27,12,0,0,12
2022-09-15T16:59:52,12,0,0,12
2022-09-15T17:09:16,12,0,0,12
2022-09-15T17:18:40,12,0,0,12
2022-09-15T17:28:04,12,0,0,12
2022-09-15T17:37:40,12,0,0,12
2022-09-15T17:47:03,12,0,0,12
2022-09-15T17:56:24,12,0,0,12
2022-09-15T18:05:39,12,0,0,12
2022-09-15T18:14:53,12,0,0,12
2022-09-15T18:24:08,12,0,0,12
2022-09-15T18:33:19,12,0,0,12
2022-09-15T18:42:42,12,0,0,12
2022-09-15T18:51:54,12,0,0,12
2022-09-15T19:01:07,12,0,0,12
2022-09-15T19:10:19,12,0,0,12
2022-09-15T19:19:30,12,0,0,12
2022-09-15T19:28:42,12,0,0,12
2022-09-15T19:38:04,12,0,0,12
2022-09-15T19:47:16,12,0,0,12
2022-09-15T19:56:27,12,0,0,12
2022-09-15T20:05:38,12,0,0,12
2022-09-15T20:14:49,12,0,0,12
2022-09-15T20:24:01,12,0,0,12
2022-09-15T20:33:12,12,0,0,12
2022-09-15T20:42:24,12,0,0,12
2022-09-15T20:51:45,12,0,0,12
2022-09-15T21:00:57,12,0,0,12
2022-09-15T21:10:08,12,0,0,12
2022-09-15T21:19:20,12,0,0,12
2022-09-15T21:28:32,12,0,0,12
2022-09-15T21:37:43,12,0,0,12
2022-09-15T21:46:55,12,0,0,12
2022-09-15T21:56:06,12,0,0,12
2022-09-15T22:05:27,12,0,0,12
2022-09-15T22:14:39,12,0,0,12
2022-09-15T22:23:51,12,0,0,12
2022-09-15T22:33:03,12,0,0,12
2022-09-15T22:42:15,12,0,0,12
2022-09-15T22:51:26,12,0,0,12
2022-09-15T23:00:37,12,0,0,12
2022-09-15T23:09:49,12,0,0,12
2022-09-15T23:19:11,12,0,0,12
2022-09-15T23:28:22,12,0,0,12
2022-09-15T23:37:34,12,0,0,12
2022-09-15T23:46:46,12,0,0,12
2022-09-15T23:55:56,12,0,0,12
2022-09-16T00:05:08,12,0,0,12
2022-09-16T00:14:21,12,0,0,12
2022-09-16T00:23:34,12,0,0,12
2022-09-16T00:32:47,12,0,0,12
2022-09-16T00:42:00,12,0,0,12
2022-09-16T00:51:14,12,0,0,12
2022-09-16T01:00:38,12,0,0,12
2022-09-16T01:09:52,12,0,0,12
2022-09-16T01:19:05,12,0,0,12
2022-09-16T01:28:18,12,0,0,12
2022-09-16T01:37:31,12,0,0,12
2022-09-16T01:46:45,12,0,0,12
2022-09-16T01:56:01,12,0,0,12
2022-09-16T02:05:13,12,0,0,12
2022-09-16T02:14:25,12,0,0,12
2022-09-16T02:23:36,12,0,0,12
2022-09-16T02:32:50,12,0,0,12
2022-09-16T02:42:03,12,0,0,12
2022-09-16T02:51:17,12,0,0,12
2022-09-16T03:00:30,12,0,0,12
2022-09-16T03:09:43,12,0,0,12
2022-09-16T03:18:56,12,0,0,12
2022-09-16T03:28:07,12,0,0,12
2022-09-16T03:37:19,12,0,0,12
2022-09-16T03:46:43,12,0,0,12
2022-09-16T03:55:56,12,0,0,12
2022-09-16T04:05:10,12,0,0,12
2022-09-16T04:14:23,12,0,0,12
2022-09-16T04:30:24,12,0,0,12
2022-09-16T04:40:07,12,0,0,12
2022-09-16T04:49:23,12,0,0,12
2022-09-16T04:58:37,12,0,0,12
2022-09-16T05:07:55,12,0,0,12
2022-09-16T05:17:08,12,0,0,12
2022-09-16T05:26:22,12,0,0,12
2022-09-16T05:35:35,12,0,0,12
2022-09-16T05:44:48,12,0,0,12
2022-09-16T05:54:01,12,0,0,12
2022-09-16T06:03:13,12,0,0,12
2022-09-16T06:12:26,12,0,0,12
2022-09-16T06:21:38,12,0,0,12
2022-09-16T06:30:52,12,0,0,12
2022-09-16T06:40:03,12,0,0,12
2022-09-16T06:49:15,12,0,0,12
2022-09-16T06:58:26,12,0,0,12
2022-09-16T07:07:38,12,0,0,12
2022-09-16T07:16:50,12,0,0,12
2022-09-16T07:26:02,12,0,0,12
2022-09-16T07:35:14,12,0,0,12
2022-09-16T07:44:25,12,0,0,12
2022-09-16T07:53:38,12,0,0,12
2022-09-16T08:03:00,12,0,0,12
2022-09-16T08:12:15,12,0,0,12
2022-09-16T08:21:28,12,0,0,12
2022-09-16T08:30:41,12,0,0,12
2022-09-16T08:39:54,12,0,0,12
2022-09-16T08:49:10,12,0,0,12
2022-09-16T08:58:24,12,0,0,12
2022-09-16T09:07:37,12,0,0,12
2022-09-16T09:16:51,12,0,0,12
2022-09-16T09:26:06,12,0,0,12
2022-09-16T09:35:23,12,0,0,12
2022-09-16T09:44:37,12,0,0,12
2022-09-16T09:53:55,12,0,0,12
2022-09-16T10:03:09,12,0,0,12
2022-09-16T10:12:33,12,0,0,12
2022-09-16T10:21:50,12,0,0,12
2022-09-16T10:31:04,12,0,0,12
2022-09-16T10:40:18,12,0,0,12
2022-09-16T10:49:34,12,0,0,12
2022-09-16T10:58:49,12,0,0,12
2022-09-16T11:08:04,12,0,0,12
2022-09-16T11:17:18,12,0,0,12
2022-09-16T11:26:42,12,0,0,12
2022-09-16T11:35:58,12,0,0,12
2022-09-16T11:45:12,12,0,0,12
2022-09-16T11:54:25,12,0,0,12
2022-09-16T12:03:39,12,0,0,12
2022-09-16T12:12:52,12,0,0,12
2022-09-16T12:22:09,12,0,0,12
2022-09-16T12:31:28,12,0,0,12
2022-09-16T12:40:55,12,0,0,12
2022-09-16T12:50:16,12,0,0,12
2022-09-16T12:59:37,12,0,0,12
2022-09-16T13:08:58,12,0,0,12
2022-09-16T13:18:18,12,0,0,12
2022-09-16T13:27:33,12,0,0,12
2022-09-16T13:36:48,12,0,0,12
2022-09-16T13:46:02,12,0,0,12
2022-09-16T13:55:27,12,0,0,12
2022-09-16T14:04:43,12,0,0,12
2022-09-16T14:13:58,12,0,0,12
2022-09-16T14:23:13,12,0,0,12
2022-09-16T14:32:27,12,0,0,12
2022-09-16T14:41:43,12,0,0,12
2022-09-16T14:50:57,12,0,0,12
2022-09-16T15:00:23,12,0,0,12
2022-09-16T15:09:42,12,0,0,12
2022-09-16T15:18:58,12,0,0,12
2022-09-16T15:28:11,12,0,0,12
2022-09-16T15:37:25,12,0,0,12
2022-09-16T15:46:38,12,0,0,12
2022-09-16T15:55:49,12,0,0,12
2022-09-16T16:05:02,12,0,0,12
2022-09-16T16:14:14,12,0,0,12
2022-09-16T16:23:37,12,0,0,12
2022-09-16T16:32:50,12,0,0,12
2022-09-16T16:42:02,12,0,0,12
2022-09-16T16:51:14,12,0,1,12
2022-09-16T17:00:26,12,0,1,12
2022-09-16T17:09:39,12,0,1,12
2022-09-16T17:18:52,12,0,1,12
2022-09-16T17:28:15,12,0,1,12
2022-09-16T17:37:27,12,0,1,12
2022-09-16T17:46:39,12,0,1,12
2022-09-16T17:55:50,12,0,1,12
2022-09-16T18:05:03,12,0,1,12
2022-09-16T18:14:14,12,0,1,12
2022-09-16T18:23:26,12,0,1,12
2022-09-16T18:32:37,12,0,1,12
2022-09-16T18:41:59,12,0,1,12
2022-09-16T18:51:10,12,0,1,12
2022-09-16T19:00:22,12,0,1,12
2022-09-16T19:09:33,12,0,1,12
2022-09-16T19:18:45,12,0,1,12
2022-09-16T19:27:56,12,0,1,12
2022-09-16T19:37:08,12,0,1,12
2022-09-16T19:46:20,12,0,1,12
2022-09-16T19:55:43,12,0,1,12
2022-09-16T20:05:01,12,0,1,12
2022-09-16T20:14:17,12,0,1,12
2022-09-16T20:23:28,12,0,1,12
2022-09-16T20:32:40,12,0,1,12
2022-09-16T20:41:52,12,0,1,12
2022-09-16T20:51:03,12,0,1,12
2022-09-16T21:00:14,12,0,1,12
2022-09-16T21:09:25,12,0,1,12
2022-09-16T21:18:48,12,0,1,12
2022-09-16T21:27:59,12,0,1,12
2022-09-16T21:37:10,12,0,1,12
2022-09-16T21:46:22,12,0,1,12
2022-09-16T21:55:32,12,0,1,12
2022-09-16T22:04:44,12,0,1,12
2022-09-16T22:13:55,12,0,1,12
2022-09-16T22:23:06,12,0,1,12
2022-09-16T22:32:28,12,0,1,12
2022-09-16T22:41:39,12,0,1,12
2022-09-16T22:50:51,12,0,1,12
2022-09-16T23:00:03,12,0,1,12
2022-09-16T23:09:16,12,0,1,12
2022-09-16T23:18:29,12,0,1,12
2022-09-16T23:27:41,12,0,1,12
2022-09-16T23:36:53,12,0,1,12
2022-09-16T23:46:05,12,0,1,12
2022-09-16T23:55:16,12,0,1,12
2022-09-17T00:04:32,12,0,1,12
2022-09-17T00:13:52,12,0,1,12
2022-09-17T00:23:16,12,0,1,12
2022-09-17T00:32:29,12,0,1,12
2022-09-17T00:42:24,12,0,1,12
2022-09-17T00:51:41,12,0,1,12
2022-09-17T01:00:55,12,0,1,12
2022-09-17T01:10:10,12,0,1,12
2022-09-17T01:19:25,12,0,1,12
2022-09-17T01:28:40,12,0,1,12
2022-09-17T01:37:53,12,0,1,12
2022-09-17T01:47:08,12,0,1,12
2022-09-17T01:56:21,12,0,1,12
2022-09-17T02:05:44,12,0,1,12
2022-09-17T02:14:56,12,0,1,12
2022-09-17T02:24:07,12,0,1,12
2022-09-17T02:33:18,12,0,1,12
2022-09-17T02:42:30,12,0,1,12
2022-09-17T02:51:42,12,0,1,12
2022-09-17T03:00:52,12,0,1,12
2022-09-17T03:10:02,12,0,1,12
2022-09-17T03:19:14,12,0,1,12
2022-09-17T03:28:24,12,0,1,12
2022-09-17T03:37:36,12,0,1,12
2022-09-17T03:46:50,12,0,1,12
2022-09-17T03:58:24,12,0,1,12
2022-09-17T04:08:05,12,0,1,12
2022-09-17T04:20:24,12,0,1,12
2022-09-17T04:30:06,12,0,1,12
2022-09-17T04:39:21,12,0,1,12
2022-09-17T04:48:37,12,0,1,12
2022-09-17T04:57:48,12,0,1,12
2022-09-17T05:07:00,12,0,1,12
2022-09-17T05:16:11,12,0,1,12
2022-09-17T05:25:24,12,0,1,12
2022-09-17T05:35:15,12,0,1,12
2022-09-17T05:44:33,12,0,1,12
2022-09-17T05:53:47,12,0,1,12
2022-09-17T06:03:00,12,0,1,12
2022-09-17T06:12:14,12,0,1,12
2022-09-17T06:21:27,12,0,1,12
2022-09-17T06:30:41,12,0,1,12
2022-09-17T06:39:54,12,0,1,12
2022-09-17T06:49:08,12,0,1,12
2022-09-17T06:58:22,12,0,1,12
2022-09-17T07:07:45,12,0,1,12
2022-09-17T07:16:59,12,0,1,12
2022-09-17T07:26:13,12,0,1,12
2022-09-17T07:35:27,12,0,1,12
2022-09-17T07:44:40,12,0,1,12
2022-09-17T07:53:53,12,0,1,12
2022-09-17T08:03:08,12,0,1,12
2022-09-17T08:12:32,12,0,1,12
2022-09-17T08:21:47,12,0,1,12
2022-09-17T08:31:01,12,0,1,12
2022-09-17T08:40:14,12,0,1,12
2022-09-17T08:49:28,12,0,1,12
2022-09-17T08:58:42,12,0,1,12
2022-09-17T09:07:56,12,0,1,12
2022-09-17T09:17:09,12,0,1,12
2022-09-17T09:26:23,12,0,1,12
2022-09-17T09:35:37,12,0,1,12
2022-09-17T09:44:50,12,0,1,12
2022-09-17T09:54:14,12,0,1,12
2022-09-17T10:03:27,12,0,1,12
2022-09-17T10:12:40,12,0,1,12
2022-09-17T10:21:54,12,0,1,12
2022-09-17T10:31:07,12,0,1,12
2022-09-17T10:40:20,12,0,1,12
2022-09-17T10:49:32,12,0,1,12
2022-09-17T10:58:44,12,0,1,12
2022-09-17T11:07:56,12,0,1,12
2022-09-17T11:17:08,12,0,1,12
2022-09-17T11:26:31,12,0,1,12
2022-09-17T11:35:43,12,0,1,12
2022-09-17T11:44:55,12,0,1,12
2022-09-17T11:54:07,12,0,1,12
2022-09-17T12:03:18,12,0,1,12
2022-09-17T12:12:30,12,0,1,12
2022-09-17T12:21:42,12,0,1,12
2022-09-17T12:30:54,12,0,1,12
2022-09-17T12:40:05,12,0,1,12
2022-09-17T12:49:27,12,0,1,12
2022-09-17T12:58:38,12,0,1,12
2022-09-17T13:07:51,12,0,1,12
2022-09-17T13:17:03,12,0,1,12
2022-09-17T13:26:15,12,0,1,12
2022-09-17T13:35:27,12,0,1,12
2022-09-17T13:44:38,12,0,1,12
2022-09-17T13:53:50,12,0,1,12
2022-09-17T14:03:02,12,0,1,12
2022-09-17T14:12:26,12,0,1,12
2022-09-17T14:21:38,12,0,1,12
2022-09-17T14:30:49,12,0,1,12
2022-09-17T14:40:01,12,0,1,12
2022-09-17T14:49:12,12,0,1,12
2022-09-17T14:58:24,12,0,1,12
2022-09-17T15:07:36,12,0,1,12
2022-09-17T15:16:47,12,0,1,12
2022-09-17T15:25:59,12,0,1,12
2022-09-17T15:35:11,12,0,1,12
2022-09-17T15:44:22,12,0,1,12
2022-09-17T15:53:43,12,0,1,12
2022-09-17T16:02:54,12,0,1,12
2022-09-17T16:12:05,12,0,1,12
2022-09-17T16:21:16,12,0,1,12
2022-09-17T16:30:28,12,0,1,12
2022-09-17T16:39:39,12,0,1,12
2022-09-17T16:48:51,12,0,1,12
2022-09-17T16:58:02,12,0,1,12
2022-09-17T17:07:13,12,0,1,12
2022-09-17T17:16:36,12,0,1,12
2022-09-17T17:25:47,12,0,1,12
2022-09-17T17:34:58,12,0,1,12
2022-09-17T17:44:10,12,0,1,12
2022-09-17T17:53:21,12,0,1,12
2022-09-17T18:02:33,12,0,1,12
2022-09-17T18:11:44,12,0,1,12
2022-09-17T18:20:55,12,0,1,12
2022-09-17T18:30:07,12,0,1,12
2022-09-17T18:39:18,12,0,1,12
2022-09-17T18:48:29,12,0,1,12
2022-09-17T18:57:51,12,0,1,12
2022-09-17T19:07:03,12,0,1,12
2022-09-17T19:16:15,12,0,1,12
2022-09-17T19:25:27,12,0,1,12
2022-09-17T19:34:39,12,0,1,12
2022-09-17T19:43:50,12,0,1,12
2022-09-17T19:53:02,12,0,1,12
2022-09-17T20:02:13,12,0,1,12
2022-09-17T20:11:24,12,0,1,12
2022-09-17T20:20:36,12,0,1,12
2022-09-17T20:29:49,12,0,1,12
2022-09-17T20:39:10,12,0,1,12
2022-09-17T20:48:21,12,0,1,12
2022-09-17T20:57:37,12,0,1,12
2022-09-17T21:06:56,12,0,1,12
2022-09-17T21:16:14,12,0,1,12
2022-09-17T21:25:33,12,0,1,12
2022-09-17T21:34:52,12,0,1,12
2022-09-17T21:44:11,12,0,1,12
2022-09-17T21:53:31,12,0,1,12
2022-09-17T22:03:01,12,0,1,12
2022-09-17T22:12:20,12,0,1,12
2022-09-17T22:21:40,12,0,1,12
2022-09-17T22:30:56,12,0,1,12
2022-09-17T22:40:11,12,0,1,12
2022-09-17T22:49:26,12,0,1,12
2022-09-17T22:58:38,12,0,1,12
2022-09-17T23:07:50,12,0,1,12
2022-09-17T23:17:02,12,0,1,12
2022-09-17T23:26:13,12,0,1,12
2022-09-17T23:35:25,12,0,1,12
2022-09-17T23:44:37,12,0,1,12
2022-09-17T23:53:58,12,0,1,12
2022-09-18T00:03:10,12,0,1,12
2022-09-18T00:12:22,12,0,1,12
2022-09-18T00:21:34,12,0,1,12
2022-09-18T00:50:57,12,0,1,12
2022-09-18T01:00:08,12,0,1,12
2022-09-18T01:09:19,12,0,1,12
2022-09-18T01:18:30,12,0,1,12
2022-09-18T01:27:40,12,0,1,12
2022-09-18T01:36:50,12,0,1,12
2022-09-18T01:46:01,12,0,1,12
2022-09-18T01:55:13,12,0,1,12
2022-09-18T02:04:24,12,0,1,12
2022-09-18T02:13:44,12,0,1,12
2022-09-18T02:22:54,12,0,1,12
2022-09-18T02:32:04,12,0,1,12
2022-09-18T02:41:14,12,0,1,12
2022-09-18T02:50:24,12,0,1,12
2022-09-18T02:59:34,12,0,1,12
2022-09-18T03:08:44,12,0,1,12
2022-09-18T03:17:58,12,0,1,12
2022-09-18T03:27:13,12,0,1,12
2022-09-18T03:36:27,12,0,1,12
2022-09-18T03:45:42,12,0,1,12
2022-09-18T03:54:56,12,0,1,12
2022-09-18T04:04:11,12,0,1,12
2022-09-18T04:15:25,12,0,1,12
2022-09-18T04:29:19,12,0,1,12
2022-09-18T04:39:04,12,0,1,12
2022-09-18T04:48:20,12,0,1,12
2022-09-18T04:57:35,12,0,1,12
2022-09-18T05:06:51,12,0,1,12
2022-09-18T05:16:05,12,0,1,12
2022-09-18T05:25:18,12,0,1,12
2022-09-18T05:34:33,12,0,1,12
2022-09-18T05:43:48,12,0,1,12
2022-09-18T05:53:02,12,0,1,12
2022-09-18T06:02:15,12,0,1,12
2022-09-18T06:11:29,12,0,1,12
2022-09-18T06:20:43,12,0,1,12
2022-09-18T06:29:57,12,0,1,12
2022-09-18T06:39:10,12,0,1,12
2022-09-18T06:48:24,12,0,1,12
2022-09-18T06:57:36,12,0,1,12
2022-09-18T07:06:49,12,0,1,12
2022-09-18T07:16:01,12,0,1,12
2022-09-18T07:25:13,12,0,1,12
2022-09-18T07:34:33,12,0,1,12
2022-09-18T07:43:45,12,0,1,12
2022-09-18T07:52:56,12,0,1,12
2022-09-18T08:02:07,12,0,1,12
2022-09-18T08:11:20,12,0,1,12
2022-09-18T08:20:32,12,0,1,12
2022-09-18T08:29:45,12,0,1,12
2022-09-18T08:38:57,12,0,1,12
2022-09-18T08:48:10,12,0,1,12
2022-09-18T08:57:23,12,0,1,12
2022-09-18T09:06:35,12,0,1,12
2022-09-18T09:15:46,12,0,1,12
2022-09-18T09:24:58,12,0,1,12
2022-09-18T09:34:11,12,0,1,12
2022-09-18T09:43:34,12,0,1,12
2022-09-18T09:52:46,12,0,1,12
2022-09-18T10:01:59,12,0,1,12
2022-09-18T10:11:34,12,0,1,12
2022-09-18T10:20:48,12,0,1,12
2022-09-18T10:30:11,12,0,1,12
2022-09-18T10:39:25,12,0,1,12
2022-09-18T10:48:40,12,0,1,12
2022-09-18T10:57:53,12,0,1,12
2022-09-18T11:07:06,12,0,1,12
2022-09-18T11:16:19,12,0,1,12
2022-09-18T11:25:32,12,0,1,12
2022-09-18T11:34:45,12,0,1,12
2022-09-18T11:43:58,12,0,1,12
2022-09-18T11:53:21,12,0,1,12
2022-09-18T12:02:34,12,0,1,12
2022-09-18T12:11:46,12,0,1,12
2022-09-18T12:20:59,12,0,1,12
2022-09-18T12:30:11,12,0,1,12
2022-09-18T12:39:24,12,0,1,12
2022-09-18T12:48:36,12,0,1,12
2022-09-18T12:57:48,12,0,1,12
2022-09-18T13:07:01,12,0,1,12
2022-09-18T13:16:23,12,0,1,12
2022-09-18T13:25:35,12,0,1,12
2022-09-18T13:34:48,12,0,1,12
2022-09-18T13:44:00,12,0,1,12
2022-09-18T13:53:12,12,0,1,12
2022-09-18T14:02:24,12,0,1,12
2022-09-18T14:11:35,12,0,1,12
2022-09-18T14:20:48,12,0,1,12
2022-09-18T14:29:59,12,0,1,12
2022-09-18T14:39:21,12,0,1,12
2022-09-18T14:48:32,12,0,1,12
2022-09-18T14:57:45,12,0,1,12
2022-09-18T15:06:57,12,0,1,12
2022-09-18T15:16:09,12,0,1,12
2022-09-18T15:25:20,12,0,1,12
2022-09-18T15:34:32,12,0,1,12
2022-09-18T15:43:44,12,0,1,12
2022-09-18T15:52:55,12,0,1,12
2022-09-18T16:02:16,12,0,1,12
2022-09-18T16:11:29,12,0,1,12
2022-09-18T16:20:42,12,0,1,12
2022-09-18T16:29:53,12,0,1,12
2022-09-18T16:39:06,12,0,1,12
2022-09-18T16:48:18,12,0,1,12
2022-09-18T16:57:29,12,0,1,12
2022-09-18T17:07:31,12,0,1,12
2022-09-18T17:16:45,12,0,1,12
2022-09-18T17:26:09,12,0,1,12
2022-09-18T17:35:22,12,0,1,12
2022-09-18T17:44:36,12,0,1,12
2022-09-18T17:53:49,12,0,1,12
2022-09-18T18:03:02,12,0,1,12
2022-09-18T18:12:15,12,0,1,12
2022-09-18T18:21:27,12,0,1,12
2022-09-18T18:30:40,12,0,1,12
2022-09-18T18:40:03,12,0,1,12
2022-09-18T18:49:16,12,0,1,12
2022-09-18T18:58:28,12,0,1,12
2022-09-18T19:07:45,12,0,1,12
2022-09-18T19:16:58,12,0,1,12
2022-09-18T19:26:10,12,0,1,12
2022-09-18T19:35:23,12,0,1,12
2022-09-18T19:44:36,12,0,1,12
2022-09-18T19:53:59,12,0,1,12
2022-09-18T20:03:12,12,0,1,12
2022-09-18T20:12:25,12,0,1,12
2022-09-18T20:21:37,12,0,1,12
2022-09-18T20:30:49,12,0,1,12
2022-09-18T20:40:01,12,0,1,12
2022-09-18T20:49:12,12,0,1,12
2022-09-18T20:58:24,12,0,1,12
2022-09-18T21:07:36,12,0,1,12
2022-09-18T21:16:59,12,0,1,12
2022-09-18T21:26:10,12,0,1,12
2022-09-18T21:35:22,12,0,1,12
2022-09-18T21:44:34,12,0,1,12
2022-09-18T21:53:47,12,0,1,12
2022-09-18T22:03:01,12,0,1,12
2022-09-18T22:12:15,12,0,1,12
2022-09-18T22:21:33,12,0,1,12
2022-09-18T22:30:51,12,0,1,12
2022-09-18T22:40:13,12,0,1,12
2022-09-18T22:49:25,12,0,1,12
2022-09-18T22:58:37,12,0,1,12
2022-09-18T23:07:50,12,0,1,12
2022-09-18T23:17:02,12,0,1,12
2022-09-18T23:26:16,12,0,1,12
2022-09-18T23:35:29,12,0,1,12
2022-09-18T23:44:41,12,0,1,12
2022-09-18T23:54:02,12,0,1,12
2022-09-19T00:03:15,12,0,1,12
2022-09-19T00:12:30,12,0,1,12
2022-09-19T00:21:48,12,0,1,12
2022-09-19T00:31:03,12,0,1,12
2022-09-19T00:40:18,12,0,1,12
2022-09-19T00:49:31,12,0,1,12
2022-09-19T00:58:44,12,0,1,12
2022-09-19T01:07:58,12,0,1,12
2022-09-19T01:17:14,12,0,1,12
2022-09-19T01:26:39,12,0,1,12
2022-09-19T01:35:54,12,0,1,12
2022-09-19T01:45:07,12,0,1,12
2022-09-19T01:54:21,12,0,1,12
2022-09-19T02:03:34,12,0,1,12
2022-09-19T02:12:48,12,0,1,12
2022-09-19T02:22:01,12,0,1,12
2022-09-19T02:31:14,12,0,1,12
2022-09-19T02:40:27,12,0,1,12
2022-09-19T02:49:38,12,0,1,12
2022-09-19T02:58:50,12,0,1,12
2022-09-19T03:08:01,12,0,1,12
2022-09-19T03:17:13,12,0,1,12
2022-09-19T03:26:26,12,0,1,12
2022-09-19T03:35:41,12,0,1,12
2022-09-19T03:44:55,12,0,1,12
2022-09-19T03:54:37,12,0,1,12
2022-09-19T04:06:01,12,0,1,12
2022-09-19T04:22:44,12,0,1,12
2022-09-19T04:32:23,12,0,1,12
2022-09-19T04:41:39,12,0,1,12
2022-09-19T04:50:54,12,0,1,12
2022-09-19T05:00:10,12,0,1,12
2022-09-19T05:09:25,12,0,1,12
2022-09-19T05:18:37,12,0,1,12
2022-09-19T05:27:49,12,0,1,12
2022-09-19T05:37:00,12,0,1,12
2022-09-19T05:46:12,12,0,1,12
2022-09-19T05:55:24,12,0,1,12
2022-09-19T06:04:38,12,0,1,12
2022-09-19T06:13:52,12,0,1,12
2022-09-19T06:23:05,12,0,1,12
2022-09-19T06:32:17,12,0,1,12
2022-09-19T06:41:28,12,0,1,12
2022-09-19T06:50:40,12,0,1,12
2022-09-19T06:59:55,12,0,1,12
2022-09-19T07:09:08,12,0,1,12
2022-09-19T07:18:20,12,0,1,12
2022-09-19T07:27:32,12,0,1,12
2022-09-19T07:36:44,12,0,1,12
2022-09-19T07:45:57,12,0,1,12
2022-09-19T07:55:20,12,0,1,12
2022-09-19T08:04:33,12,0,1,12
2022-09-19T08:13:52,12,0,1,12
2022-09-19T08:23:27,12,0,1,12
2022-09-19T08:32:42,12,0,1,12
2022-09-19T08:41:57,12,0,1,12
2022-09-19T08:51:11,12,0,1,12
2022-09-19T09:00:28,12,0,1,12
2022-09-19T09:09:48,12,0,1,12
2022-09-19T09:19:07,12,0,1,12
2022-09-19T09:28:36,12,0,1,12
2022-09-19T09:37:54,12,0,1,12
2022-09-19T09:47:12,12,0,1,12
2022-09-19T09:56:31,12,0,1,12
2022-09-19T10:05:51,12,0,1,12
2022-09-19T10:15:09,12,0,1,12
2022-09-19T10:24:27,12,0,1,12
2022-09-19T10:33:47,12,0,1,12
2022-09-19T10:43:17,12,0,1,12
2022-09-19T10:53:04,12,0,1,12
2022-09-19T11:02:25,12,0,1,12
2022-09-19T11:11:44,12,0,1,12
2022-09-19T11:21:03,12,0,1,12
2022-09-19T11:30:31,12,0,1,12
2022-09-19T11:39:48,12,0,1,12
2022-09-19T11:49:06,12,0,1,12
2022-09-19T11:58:24,12,0,1,12
2022-09-19T12:07:41,12,0,1,12
2022-09-19T12:17:09,12,0,1,12
2022-09-19T12:26:26,12,0,1,12
2022-09-19T12:35:42,12,0,1,12
2022-09-19T12:44:58,12,0,1,12
2022-09-19T12:54:14,12,0,1,12
2022-09-19T13:03:41,12,0,1,12
2022-09-19T13:12:58,12,0,1,12
2022-09-19T13:23:22,12,0,1,12
2022-09-19T13:32:44,12,0,1,12
2022-09-19T13:42:03,12,0,1,12
2022-09-19T13:51:33,12,0,1,12
2022-09-19T14:00:50,12,0,1,12
2022-09-19T14:10:07,12,0,1,12
2022-09-19T14:19:35,12,0,1,12
2022-09-19T14:28:51,12,0,1,12
2022-09-19T14:38:08,12,0,1,12
2022-09-19T14:47:24,12,0,1,12
2022-09-19T14:56:40,12,0,1,12
2022-09-19T15:06:10,12,0,1,12
2022-09-19T15:15:25,12,0,1,12
2022-09-19T15:24:41,12,0,1,12
2022-09-19T15:33:56,12,0,1,12
2022-09-19T15:43:13,12,0,1,12
2022-09-19T15:52:45,12,0,1,12
2022-09-19T16:02:05,12,0,1,12
2022-09-19T16:11:20,12,0,1,12
2022-09-19T16:20:35,12,0,1,12
2022-09-19T16:29:55,12,0,1,12
2022-09-19T16:39:22,12,0,1,12
2022-09-19T16:48:39,12,0,1,12
2022-09-19T16:58:00,12,0,1,12
2022-09-19T17:07:23,12,0,1,12
2022-09-19T17:17:04,12,0,1,12
2022-09-19T17:26:18,12,0,1,12
2022-09-19T17:35:35,12,0,1,12
2022-09-19T17:44:50,12,0,1,12
2022-09-19T17:54:04,12,0,1,12
2022-09-19T18:03:30,12,0,1,12
2022-09-19T18:12:44,12,0,1,12
2022-09-19T18:21:58,12,0,1,12
2022-09-19T18:31:11,12,0,1,12
2022-09-19T18:40:25,12,0,1,12
2022-09-19T18:49:50,12,0,1,12
2022-09-19T18:59:04,12,0,1,12
2022-09-19T19:08:17,12,0,1,12
2022-09-19T19:17:31,12,0,1,12
2022-09-19T19:26:45,12,0,1,12
2022-09-19T19:35:59,12,0,1,12
2022-09-19T19:45:13,12,0,1,12
2022-09-19T19:54:27,12,0,1,12
2022-09-19T20:03:55,12,0,1,12
2022-09-19T20:13:09,12,0,1,12
2022-09-19T20:22:22,12,0,1,12
2022-09-19T20:31:35,12,0,1,12
2022-09-19T20:40:49,12,0,1,12
2022-09-19T20:50:02,12,0,1,12
2022-09-19T20:59:16,12,0,1,12
2022-09-19T21:08:39,12,0,1,12
2022-09-19T21:17:53,12,0,1,12
2022-09-19T21:27:08,12,0,1,12
2022-09-19T21:36:20,12,0,1,12
2022-09-19T21:45:34,12,0,1,12
2022-09-19T21:54:47,12,0,1,12
2022-09-19T22:04:12,12,0,1,12
2022-09-19T22:13:26,12,0,1,12
2022-09-19T22:22:40,12,0,1,12
2022-09-19T22:31:53,12,0,1,12
2022-09-19T22:41:06,12,0,1,12
2022-09-19T22:50:19,12,0,1,12
2022-09-19T22:59:43,12,0,1,12
2022-09-19T23:08:59,12,0,1,12
2022-09-19T23:18:13,12,0,1,12
2022-09-19T23:27:26,12,0,1,12
2022-09-19T23:36:39,12,0,1,12
2022-09-19T23:45:52,12,0,1,12
2022-09-19T23:55:06,12,0,1,12
2022-09-20T00:04:31,12,0,1,12
2022-09-20T00:13:47,12,0,1,12
2022-09-20T00:23:02,12,0,1,12
2022-09-20T00:32:16,12,0,1,12
2022-09-20T00:41:30,12,0,1,12
2022-09-20T00:50:44,12,0,1,12
2022-09-20T01:00:04,12,0,1,12
2022-09-20T01:09:18,12,0,1,12
2022-09-20T01:18:32,12,0,1,12
2022-09-20T01:27:45,12,0,1,12
2022-09-20T01:37:00,12,0,1,12
2022-09-20T01:46:24,12,0,1,12
2022-09-20T01:55:37,12,0,1,12
2022-09-20T02:04:49,12,0,1,12
2022-09-20T02:14:01,12,0,1,12
2022-09-20T02:23:13,12,0,1,12
2022-09-20T02:32:24,12,0,1,12
2022-09-20T02:41:35,12,0,1,12
2022-09-20T02:50:46,12,0,1,12
2022-09-20T02:59:57,12,0,1,12
2022-09-20T03:09:12,12,0,1,12
2022-09-20T03:18:26,12,0,1,12
2022-09-20T03:27:40,12,0,1,12
2022-09-20T03:36:55,12,0,1,12
2022-09-20T03:46:09,12,0,1,12
2022-09-20T03:55:22,12,0,1,12
2022-09-20T04:04:36,12,0,1,12
2022-09-20T04:13:51,12,0,1,12
2022-09-20T04:32:35,12,0,1,12
2022-09-20T04:42:18,12,0,1,12
2022-09-20T04:51:33,12,0,1,12
2022-09-20T05:00:48,12,0,1,12
2022-09-20T05:10:03,12,0,1,12
2022-09-20T05:19:18,12,0,1,12
2022-09-20T05:28:31,12,0,1,12
2022-09-20T05:37:46,12,0,1,12
2022-09-20T05:47:00,12,0,1,12
2022-09-20T05:56:15,12,0,1,12
2022-09-20T06:05:33,12,0,1,12
2022-09-20T06:14:49,12,0,1,12
2022-09-20T06:24:02,12,0,1,12
2022-09-20T06:33:14,12,0,1,12
2022-09-20T06:42:26,12,0,1,12
2022-09-20T06:51:37,12,0,1,12
2022-09-20T07:00:52,12,0,1,12
2022-09-20T07:10:04,12,0,1,12
2022-09-20T07:19:33,12,0,1,12
2022-09-20T07:28:47,12,0,1,12
2022-09-20T07:38:01,12,0,1,12
2022-09-20T07:47:14,12,0,1,12
2022-09-20T07:56:27,12,0,1,12
2022-09-20T08:05:41,12,0,1,12
2022-09-20T08:14:54,12,0,1,12
2022-09-20T08:24:08,12,0,1,12
2022-09-20T08:33:22,12,0,1,12
2022-09-20T08:42:35,12,0,1,12
2022-09-20T08:51:51,12,0,1,12
2022-09-20T09:01:16,12,0,1,12
2022-09-20T09:10:31,12,0,1,12
2022-09-20T09:19:45,12,0,1,12
2022-09-20T09:29:00,12,0,1,12
2022-09-20T09:38:16,12,0,1,12
2022-09-20T09:47:31,12,0,1,12
2022-09-20T09:56:46,12,0,1,12
2022-09-20T10:06:24,12,0,1,12
2022-09-20T10:15:38,12,0,1,12
2022-09-20T10:26:12,12,0,1,12
2022-09-20T10:35:32,12,0,1,12
2022-09-20T10:45:01,12,0,1,12
2022-09-20T10:54:18,12,0,1,12
2022-09-20T11:03:35,12,0,1,12
2022-09-20T11:12:52,12,0,1,12
2022-09-20T11:22:08,12,0,1,12
2022-09-20T11:31:34,12,0,1,12
2022-09-20T11:40:51,12,0,1,12
2022-09-20T11:50:07,12,0,1,12
2022-09-20T11:59:23,12,0,1,12
2022-09-20T12:08:50,12,0,1,12
2022-09-20T12:18:06,12,0,1,12
2022-09-20T12:27:21,12,0,1,12
2022-09-20T12:36:36,12,0,1,12
2022-09-20T12:45:52,12,0,1,12
2022-09-20T12:55:18,12,0,1,12
2022-09-20T13:04:33,12,0,1,12
2022-09-20T13:13:49,12,0,1,12
2022-09-20T13:23:04,12,0,1,12
2022-09-20T13:32:32,12,0,1,12
2022-09-20T13:41:48,12,0,1,12
2022-09-20T13:51:04,12,0,1,12
2022-09-20T14:00:19,12,0,1,12
2022-09-20T14:09:35,12,0,1,12
2022-09-20T14:19:02,12,0,1,12
2022-09-20T14:28:17,12,0,1,12
2022-09-20T14:37:32,12,0,1,12
2022-09-20T14:46:47,12,0,1,12
2022-09-20T14:56:14,12,0,1,12
2022-09-20T15:05:30,12,0,1,12
2022-09-20T15:14:45,12,0,1,12
2022-09-20T15:24:01,12,0,1,12
2022-09-20T15:33:16,12,0,1,12
2022-09-20T15:42:43,12,0,1,12
2022-09-20T15:51:59,12,0,1,12
2022-09-20T16:01:13,12,0,1,12
2022-09-20T16:10:28,12,0,1,12
2022-09-20T16:19:48,12,0,1,12
2022-09-20T16:29:08,12,0,1,12
2022-09-20T16:38:23,12,0,1,12
2022-09-20T16:47:37,12,0,1,12
2022-09-20T16:56:51,12,0,1,12
2022-09-20T17:06:17,12,0,1,12
2022-09-20T17:15:32,12,0,1,12
2022-09-20T17:24:46,12,0,1,12
2022-09-20T17:34:00,12,0,1,12
2022-09-20T17:43:14,12,0,1,12
2022-09-20T17:52:27,12,0,1,12
2022-09-20T18:02:50,12,0,1,12
2022-09-20T18:12:07,12,0,1,12
2022-09-20T18:21:23,12,0,1,12
2022-09-20T18:30:38,12,0,1,12
2022-09-20T18:39:52,12,0,1,12
2022-09-20T18:49:18,12,0,1,12
2022-09-20T18:58:32,12,0,1,12
2022-09-20T19:07:46,12,0,1,12
2022-09-20T19:17:00,12,0,1,12
2022-09-20T19:26:13,12,0,1,12
2022-09-20T19:35:37,12,0,1,12
2022-09-20T19:44:50,12,0,1,12
2022-09-20T19:54:03,12,0,1,12
2022-09-20T20:03:16,12,0,1,12
2022-09-20T20:12:29,12,0,1,12
2022-09-20T20:21:43,12,0,1,12
2022-09-20T20:31:06,12,0,1,12
2022-09-20T20:40:19,12,0,1,12
2022-09-20T20:49:32,12,0,1,12
2022-09-20T20:58:45,12,0,1,12
2022-09-20T21:07:58,12,0,1,12
2022-09-20T21:17:11,12,0,1,12
2022-09-20T21:26:43,12,0,1,12
2022-09-20T21:35:55,12,0,1,12
2022-09-20T21:45:08,12,0,1,12
2022-09-20T21:54:33,12,0,1,12
2022-09-20T22:03:46,12,0,1,12
2022-09-20T22:12:59,12,0,1,12
2022-09-20T22:22:11,12,0,1,12
2022-09-20T22:31:24,12,0,1,12
2022-09-20T22:40:51,12,0,1,12
2022-09-20T22:50:03,12,0,1,12
2022-09-20T22:59:16,12,0,1,12
2022-09-20T23:08:30,12,0,1,12
2022-09-20T23:18:03,12,0,1,12
2022-09-20T23:27:16,12,0,1,12
2022-09-20T23:36:29,12,0,1,12
2022-09-20T23:45:41,12,0,1,12
2022-09-20T23:54:54,12,0,1,12
2022-09-21T00:04:07,12,0,1,12
2022-09-21T00:13:22,12,0,1,12
2022-09-21T00:22:48,12,0,1,12
2022-09-21T00:32:01,12,0,1,12
2022-09-21T00:41:17,12,0,1,12
2022-09-21T00:50:31,12,0,1,12
2022-09-21T00:59:45,12,0,1,12
2022-09-21T01:09:00,12,0,1,12
2022-09-21T01:18:14,12,0,1,12
2022-09-21T01:27:29,12,0,1,12
2022-09-21T01:36:45,12,0,1,12
2022-09-21T01:46:17,12,0,1,12
2022-09-21T01:55:31,12,0,1,12
2022-09-21T02:04:43,12,0,1,12
2022-09-21T02:13:55,12,0,1,12
2022-09-21T02:23:07,12,0,1,12
2022-09-21T02:32:19,12,0,1,12
2022-09-21T02:41:31,12,0,1,12
2022-09-21T02:50:43,12,0,1,12
2022-09-21T02:59:55,12,0,1,12
2022-09-21T03:09:07,12,0,1,12
2022-09-21T03:18:17,12,0,1,12
2022-09-21T03:27:28,12,0,1,12
2022-09-21T03:36:39,12,0,1,12
2022-09-21T03:45:54,12,0,1,12
2022-09-21T03:55:10,12,0,1,12
2022-09-21T04:04:24,12,0,1,12
2022-09-21T04:20:21,12,0,1,12
2022-09-21T04:30:02,12,0,1,12
2022-09-21T04:39:18,12,0,1,12
2022-09-21T04:48:33,12,0,1,12
2022-09-21T04:57:47,12,0,1,12
2022-09-21T05:07:04,12,0,1,12
2022-09-21T05:16:18,12,0,1,12
2022-09-21T05:27:04,12,0,1,12
2022-09-21T05:36:43,12,0,1,12
2022-09-21T05:45:59,12,0,1,12
2022-09-21T05:55:16,12,0,1,12
2022-09-21T06:04:32,12,0,1,12
2022-09-21T06:13:47,12,0,1,12
2022-09-21T06:23:02,12,0,1,12
2022-09-21T06:32:17,12,0,1,12
2022-09-21T06:41:31,12,0,1,12
2022-09-21T06:50:45,12,0,1,12
2022-09-21T06:59:58,12,0,1,12
2022-09-21T07:09:12,12,0,1,12
2022-09-21T07:18:34,12,0,1,12
2022-09-21T07:27:47,12,0,1,12
2022-09-21T07:37:00,12,0,1,12
2022-09-21T07:46:13,12,0,1,12
2022-09-21T07:55:26,12,0,1,12
2022-09-21T08:04:39,12,0,1,12
2022-09-21T08:13:52,12,0,1,12
2022-09-21T08:23:06,12,0,1,12
2022-09-21T08:32:21,12,0,1,12
2022-09-21T08:41:34,12,0,1,12
2022-09-21T08:50:48,12,0,1,12
2022-09-21T09:00:15,12,0,1,12
2022-09-21T09:09:29,12,0,1,12
2022-09-21T09:19:59,12,0,1,12
2022-09-21T09:29:18,12,0,1,12
2022-09-21T09:38:36,12,0,1,12
2022-09-21T09:48:04,12,0,1,12
2022-09-21T09:57:23,12,0,1,12
2022-09-21T10:06:44,12,0,1,12
2022-09-21T10:16:02,12,0,1,12
2022-09-21T10:25:31,12,0,1,12
2022-09-21T10:34:49,12,0,1,12
2022-09-21T10:44:08,12,0,1,12
2022-09-21T10:53:26,12,0,1,12
2022-09-21T11:02:55,12,0,1,12
2022-09-21T11:12:13,12,0,1,12
2022-09-21T11:21:31,12,0,1,12
2022-09-21T11:30:48,12,0,1,12
2022-09-21T11:40:18,12,0,1,12
2022-09-21T11:49:34,12,0,1,12
2022-09-21T11:58:52,12,0,1,12
2022-09-21T12:08:24,12,0,1,12
2022-09-21T12:17:42,12,0,1,12
2022-09-21T12:27:00,12,0,1,12
2022-09-21T12:36:18,12,0,1,12
2022-09-21T12:45:48,12,0,1,12
2022-09-21T12:55:05,12,0,1,12
2022-09-21T13:04:22,12,0,1,12
2022-09-21T13:13:48,12,0,1,12
2022-09-21T13:23:06,12,0,1,12
2022-09-21T13:32:24,12,0,1,12
2022-09-21T13:41:42,12,0,1,12
2022-09-21T13:51:10,12,0,1,12
2022-09-21T14:00:27,12,0,1,12
2022-09-21T14:09:46,12,0,1,12
2022-09-21T14:19:14,12,0,1,12
2022-09-21T14:28:35,12,0,1,12
2022-09-21T14:37:53,12,0,1,12
2022-09-21T14:47:23,12,0,1,12
2022-09-21T14:56:42,12,0,1,12
2022-09-21T15:05:59,12,0,1,12
2022-09-21T15:15:27,12,0,1,12
2022-09-21T15:24:44,12,0,1,12
2022-09-21T15:34:02,12,0,1,12
2022-09-21T15:43:30,12,0,1,12
2022-09-21T15:52:47,12,0,1,12
2022-09-21T16:02:06,12,0,1,12
2022-09-21T16:11:23,12,0,1,12
2022-09-21T16:20:51,12,0,1,12
2022-09-21T16:30:08,12,0,1,12
2022-09-21T16:39:25,12,0,1,12
2022-09-21T16:48:58,12,0,1,12
2022-09-21T16:58:16,12,0,1,12
2022-09-21T17:07:35,12,0,1,12
2022-09-21T17:17:08,12,0,1,12
2022-09-21T17:26:25,12,0,1,12
2022-09-21T17:35:42,12,0,1,12
2022-09-21T17:44:57,12,0,1,12
2022-09-21T17:54:26,12,0,1,12
2022-09-21T18:03:42,12,0,1,12
2022-09-21T18:12:57,12,0,1,12
2022-09-21T18:22:12,12,0,1,12
2022-09-21T18:31:27,12,0,1,12
2022-09-21T18:40:52,12,0,1,12
2022-09-21T18:50:07,12,0,1,12
2022-09-21T18:59:22,12,0,1,12
2022-09-21T19:08:38,12,0,1,12
2022-09-21T19:18:04,12,0,1,12
2022-09-21T19:28:26,12,0,1,12
2022-09-21T19:37:45,12,0,1,12
2022-09-21T19:47:15,12,0,1,12
2022-09-21T19:56:32,12,0,1,12
2022-09-21T20:05:49,12,0,1,12
2022-09-21T20:15:05,12,0,1,12
2022-09-21T20:24:32,12,0,1,12
2022-09-21T20:33:48,12,0,1,12
2022-09-21T20:43:04,12,0,1,12
2022-09-21T20:52:32,12,0,1,12
2022-09-21T21:01:48,12,0,1,12
2022-09-21T21:11:03,12,0,1,12
2022-09-21T21:20:20,12,0,1,12
2022-09-21T21:29:47,12,0,1,12
2022-09-21T21:39:03,12,0,1,12
2022-09-21T21:48:18,12,0,1,12
2022-09-21T21:57:45,12,0,1,12
2022-09-21T22:07:01,12,0,1,12
2022-09-21T22:16:17,12,0,1,12
2022-09-21T22:25:33,12,0,1,12
2022-09-21T22:35:01,12,0,1,12
2022-09-21T22:44:17,12,0,1,12
2022-09-21T22:53:32,12,0,1,12
2022-09-21T23:03:02,12,0,1,12
2022-09-21T23:12:19,12,0,1,12
2022-09-21T23:21:35,12,0,1,12
2022-09-21T23:30:51,12,0,1,12
2022-09-21T23:40:19,12,0,1,12
2022-09-21T23:49:33,12,0,1,12
2022-09-21T23:58:48,12,0,1,12
2022-09-22T00:08:14,12,0,1,12
2022-09-22T00:17:52,12,0,1,12
2022-09-22T00:27:08,12,0,1,12
2022-09-22T00:36:24,12,0,1,12
2022-09-22T00:45:42,12,0,1,12
2022-09-22T00:55:12,12,0,1,12
2022-09-22T01:04:31,12,0,1,12
2022-09-22T01:18:51,12,0,1,12
2022-09-22T01:28:07,12,0,1,12
2022-09-22T01:37:23,12,0,1,12
2022-09-22T01:46:48,12,0,1,12
2022-09-22T01:56:02,12,0,1,12
2022-09-22T02:05:17,12,0,1,12
2022-09-22T02:14:30,12,0,1,12
2022-09-22T02:23:42,12,0,1,12
2022-09-22T02:32:54,12,0,1,12
2022-09-22T02:42:07,12,0,1,12
2022-09-22T02:51:19,12,0,1,12
2022-09-22T03:00:35,12,0,1,12
2022-09-22T03:09:51,12,0,1,12
2022-09-22T03:19:06,12,0,1,12
2022-09-22T03:28:31,12,0,1,12
2022-09-22T03:37:47,12,0,1,12
2022-09-22T03:47:02,12,0,1,12
2022-09-22T03:56:17,12,0,1,12
2022-09-22T04:05:31,12,0,1,12
2022-09-22T04:24:58,12,0,1,12
2022-09-22T04:34:34,12,0,1,12
2022-09-22T04:43:50,12,0,1,12
2022-09-22T04:53:06,12,0,1,12
2022-09-22T05:02:21,12,0,1,12
2022-09-22T05:11:38,12,0,1,12
2022-09-22T05:20:52,12,0,1,12
2022-09-22T05:30:07,12,0,1,12
2022-09-22T05:39:23,12,0,1,12
2022-09-22T05:48:38,12,0,1,12
2022-09-22T05:57:54,12,0,1,12
2022-09-22T06:07:10,12,0,1,12
2022-09-22T06:16:27,12,0,1,12
2022-09-22T06:25:41,12,0,1,12
2022-09-22T06:34:54,12,0,1,12
2022-09-22T06:44:07,12,0,1,12
2022-09-22T06:53:20,12,0,1,12
2022-09-22T07:02:34,12,0,1,12
2022-09-22T07:11:49,12,0,1,12
2022-09-22T07:21:03,12,0,1,12
2022-09-22T07:30:29,12,0,1,12
2022-09-22T07:39:47,12,0,1,12
2022-09-22T07:49:13,12,0,1,12
2022-09-22T07:58:30,12,0,1,12
2022-09-22T08:07:49,12,0,1,12
2022-09-22T08:17:07,12,0,1,12
2022-09-22T08:26:36,12,0,1,12
2022-09-22T08:35:58,12,0,1,12
2022-09-22T08:45:16,12,0,1,12
2022-09-22T08:54:44,12,0,1,12
2022-09-22T09:04:04,12,0,1,12
2022-09-22T09:13:25,12,0,1,12
2022-09-22T09:22:56,12,0,1,12
2022-09-22T09:32:18,12,0,1,12
2022-09-22T09:41:37,12,0,1,12
2022-09-22T09:51:08,12,0,1,12
2022-09-22T10:00:29,12,0,1,12
2022-09-22T10:10:00,12,0,1,12
2022-09-22T10:19:22,12,0,1,12
2022-09-22T10:28:55,12,0,1,12
2022-09-22T10:38:16,12,0,1,12
2022-09-22T10:47:36,12,0,1,12
2022-09-22T10:57:09,12,0,1,12
2022-09-22T11:06:29,12,0,1,12
2022-09-22T11:15:58,12,0,1,12
2022-09-22T11:25:21,12,0,1,12
2022-09-22T11:34:56,12,0,1,12
2022-09-22T11:44:20,12,0,1,12
2022-09-22T11:52:51,12,0,1,12
2022-09-22T12:02:27,12,0,1,12
2022-09-22T12:11:53,12,0,1,12
2022-09-22T12:21:30,12,0,1,12
2022-09-22T12:30:57,12,0,1,12
2022-09-22T12:40:33,12,0,1,12
2022-09-22T12:50:00,12,0,1,12
2022-09-22T12:59:24,12,0,1,12
2022-09-22T13:09:00,12,0,1,12
2022-09-22T13:18:23,12,0,1,12
2022-09-22T13:27:54,12,0,1,12
2022-09-22T13:37:14,12,0,1,12
2022-09-22T13:46:34,12,0,1,12
2022-09-22T13:56:06,12,0,1,12
2022-09-22T14:05:29,12,0,1,12
2022-09-22T14:15:00,12,0,1,12
2022-09-22T14:24:20,12,0,2,12
2022-09-22T14:33:43,12,0,2,12
2022-09-22T14:43:14,12,0,2,12
2022-09-22T14:52:36,12,0,2,12
2022-09-22T15:01:59,12,0,2,12
2022-09-22T15:11:34,12,0,2,12
2022-09-22T15:20:57,12,0,2,12
2022-09-22T15:30:51,12,0,2,12
2022-09-22T15:40:27,12,0,2,12
2022-09-22T15:49:55,12,0,2,12
2022-09-22T15:59:29,12,0,2,12
2022-09-22T16:08:47,12,0,2,12
2022-09-22T16:18:06,12,0,2,12
2022-09-22T16:27:41,12,0,2,12
2022-09-22T16:36:59,12,0,2,12
2022-09-22T16:46:17,12,0,2,12
2022-09-22T16:55:45,12,0,2,12
2022-09-22T17:05:03,12,0,2,12
2022-09-22T17:14:23,12,0,2,12
2022-09-22T17:23:41,12,0,2,12
2022-09-22T17:33:10,12,0,2,12
2022-09-22T17:42:26,12,0,2,12
2022-09-22T17:51:44,12,0,2,12
2022-09-22T18:01:00,12,0,2,12
2022-09-22T18:10:32,12,0,2,12
2022-09-22T18:19:49,12,0,2,12
2022-09-22T18:29:05,12,0,2,12
2022-09-22T18:38:22,12,0,2,12
2022-09-22T18:47:49,12,0,2,12
2022-09-22T18:57:04,12,0,2,12
2022-09-22T19:06:20,12,0,2,12
2022-09-22T19:15:35,12,0,2,12
2022-09-22T19:25:02,12,0,2,12
2022-09-22T19:34:17,12,0,2,12
2022-09-22T19:43:32,12,0,2,12
2022-09-22T19:52:48,12,0,2,12
2022-09-22T20:02:02,12,0,2,12
2022-09-22T20:11:29,12,0,2,12
2022-09-22T20:20:44,12,0,2,12
2022-09-22T20:29:58,12,0,2,12
2022-09-22T20:39:13,12,0,2,12
2022-09-22T20:48:27,12,0,2,12
2022-09-22T20:57:56,12,0,2,12
2022-09-22T21:07:12,12,0,2,12
2022-09-22T21:16:27,12,0,2,12
2022-09-22T21:25:42,12,0,2,12
2022-09-22T21:35:03,12,0,2,12
2022-09-22T21:44:33,12,0,2,12
2022-09-22T21:53:53,12,0,2,12
2022-09-22T22:03:24,12,0,2,12
2022-09-22T22:12:45,12,0,2,12
2022-09-22T22:22:11,12,0,2,12
2022-09-22T22:31:50,12,0,2,12
2022-09-22T22:41:21,12,0,2,12
2022-09-22T22:50:49,12,0,2,12
2022-09-22T23:00:18,12,0,2,12
2022-09-22T23:09:53,12,0,2,12
2022-09-22T23:19:37,12,0,2,12
2022-09-22T23:29:09,12,0,2,12
2022-09-22T23:38:38,12,0,2,12
2022-09-22T23:48:06,12,0,2,12
2022-09-22T23:57:32,12,0,2,12
2022-09-23T00:06:58,12,0,2,12
2022-09-23T00:16:27,12,0,2,12
2022-09-23T00:26:05,12,0,2,12
2022-09-23T00:35:28,12,0,2,12
2022-09-23T00:44:50,12,0,2,12
2022-09-23T00:54:10,12,0,2,12
2022-09-23T01:03:28,12,0,2,12
2022-09-23T01:12:44,12,0,2,12
2022-09-23T01:22:00,12,0,2,12
2022-09-23T01:31:16,12,0,2,12
2022-09-23T01:40:32,12,0,2,12
2022-09-23T01:49:46,12,0,2,12
2022-09-23T01:58:59,12,0,2,12
2022-09-23T02:08:11,12,0,2,12
2022-09-23T02:17:23,12,0,2,12
2022-09-23T02:26:35,12,0,2,12
2022-09-23T02:35:58,12,0,2,12
2022-09-23T02:45:10,12,0,2,12
2022-09-23T02:54:23,12,0,2,12
2022-09-23T03:03:36,12,0,2,12
2022-09-23T03:12:51,12,0,2,12
2022-09-23T03:22:05,12,0,2,12
2022-09-23T03:31:18,12,0,2,12
2022-09-23T03:40:33,12,0,2,12
2022-09-23T03:52:06,12,0,2,12
2022-09-23T04:01:36,12,0,2,12
2022-09-23T04:10:52,12,0,2,12
2022-09-23T04:23:15,12,0,2,12
2022-09-23T04:32:57,12,0,2,12
2022-09-23T04:42:14,12,0,2,12
2022-09-23T04:51:31,12,0,2,12
2022-09-23T05:00:48,12,0,2,12
2022-09-23T05:10:04,12,0,2,12
2022-09-23T05:19:18,12,0,2,12
2022-09-23T05:28:33,12,0,2,12
2022-09-23T05:37:48,12,0,2,12
2022-09-23T05:47:03,12,0,2,12
2022-09-23T05:56:19,12,0,2,12
2022-09-23T06:05:38,12,0,2,12
2022-09-23T06:14:55,12,0,2,12
2022-09-23T06:24:09,12,0,2,12
2022-09-23T06:33:21,12,0,2,12
2022-09-23T06:42:34,12,0,2,12
2022-09-23T06:51:46,12,0,2,12
2022-09-23T07:00:58,12,0,2,12
2022-09-23T07:10:13,12,0,2,12
2022-09-23T07:19:27,12,0,2,12
2022-09-23T07:28:41,12,0,2,12
2022-09-23T07:38:00,12,0,2,12
2022-09-23T07:47:18,12,0,2,12
2022-09-23T07:56:35,12,0,2,12
2022-09-23T08:05:50,12,0,2,12
2022-09-23T08:15:15,12,0,2,12
2022-09-23T08:24:30,12,0,2,12
2022-09-23T08:33:46,12,0,2,12
2022-09-23T08:43:03,12,0,2,12
2022-09-23T08:52:21,12,0,2,12
2022-09-23T09:01:50,12,0,2,12
2022-09-23T09:11:07,12,0,2,12
2022-09-23T09:20:26,12,0,2,12
2022-09-23T09:29:57,12,0,2,12
2022-09-23T09:39:20,12,0,2,12
2022-09-23T09:48:41,12,0,2,12
2022-09-23T09:58:02,12,0,2,12
2022-09-23T10:07:29,12,0,2,12
2022-09-23T10:16:47,12,0,2,12
2022-09-23T10:26:04,12,0,2,12
2022-09-23T10:35:35,12,0,2,12
2022-09-23T10:44:58,12,0,2,12
2022-09-23T10:54:19,12,0,2,12
2022-09-23T11:03:52,12,0,2,12
2022-09-23T11:13:11,12,0,2,12
2022-09-23T11:22:28,12,0,2,12
2022-09-23T11:31:57,12,0,2,12
2022-09-23T11:41:16,12,0,2,12
2022-09-23T11:50:35,12,0,2,12
2022-09-23T12:00:02,12,0,2,12
2022-09-23T12:09:20,12,0,2,12
2022-09-23T12:18:44,12,0,2,12
2022-09-23T12:28:14,12,0,2,12
2022-09-23T12:37:37,12,0,2,12
2022-09-23T12:46:55,12,0,2,12
2022-09-23T12:56:31,12,0,2,12
2022-09-23T13:05:51,12,0,2,12
2022-09-23T13:15:10,12,0,2,12
2022-09-23T13:24:40,12,0,2,12
2022-09-23T13:33:57,12,0,2,12
2022-09-23T13:43:14,12,0,2,12
2022-09-23T13:52:45,12,0,2,12
2022-09-23T14:02:02,12,0,2,12
2022-09-23T14:11:18,12,0,2,12
2022-09-23T14:20:34,12,0,2,12
2022-09-23T14:30:02,12,0,2,12
2022-09-23T14:39:20,12,0,2,12
2022-09-23T14:48:42,12,0,2,12
2022-09-23T14:57:58,12,0,2,12
2022-09-23T15:07:28,12,0,2,12
2022-09-23T15:16:45,12,0,2,12
2022-09-23T15:26:00,12,0,2,12
2022-09-23T15:35:27,12,0,2,12
2022-09-23T15:44:42,12,0,2,12
2022-09-23T15:53:58,12,0,2,12
2022-09-23T16:03:14,12,0,2,12
2022-09-23T16:12:29,12,0,2,12
2022-09-23T16:21:55,12,0,2,12
2022-09-23T16:31:10,12,0,2,12
2022-09-23T16:40:25,12,0,2,12
2022-09-23T16:49:39,12,0,2,12
2022-09-23T16:58:55,12,0,2,12
2022-09-23T17:08:20,12,0,2,12
2022-09-23T17:17:34,12,0,2,12
2022-09-23T17:26:48,12,0,2,12
2022-09-23T17:36:01,12,0,2,12
2022-09-23T17:45:15,12,0,2,12
2022-09-23T17:54:29,12,0,2,12
2022-09-23T18:03:54,12,0,2,12
2022-09-23T18:13:08,12,0,2,12
2022-09-23T18:22:21,12,0,2,12
2022-09-23T18:31:34,12,0,2,12
2022-09-23T18:40:47,12,0,2,12
2022-09-23T18:50:00,12,0,2,12
2022-09-23T18:59:14,12,0,2,12
2022-09-23T19:08:27,12,0,2,12
2022-09-23T19:17:40,12,0,2,12
2022-09-23T19:27:03,12,0,2,12
2022-09-23T19:36:16,12,0,2,12
2022-09-23T19:45:29,12,0,2,12
2022-09-23T19:54:42,12,0,2,12
2022-09-23T20:03:55,12,0,2,12
2022-09-23T20:13:07,12,0,2,12
2022-09-23T20:22:20,12,0,2,12
2022-09-23T20:31:33,12,0,2,12
2022-09-23T20:40:45,12,0,2,12
2022-09-23T20:49:58,12,0,2,12
2022-09-23T20:59:21,12,0,2,12
2022-09-23T21:08:34,12,0,2,12
2022-09-23T21:17:47,12,0,2,12
2022-09-23T21:26:59,12,0,2,12
2022-09-23T21:36:11,12,0,2,12
2022-09-23T21:45:23,12,0,2,12
2022-09-23T21:54:35,12,0,2,12
2022-09-23T22:03:48,12,0,2,12
2022-09-23T22:13:00,12,0,2,12
2022-09-23T22:22:13,12,0,2,12
2022-09-23T22:31:26,12,0,2,12
2022-09-23T22:40:50,12,0,2,12
2022-09-23T22:50:02,12,0,2,12
2022-09-23T22:59:15,12,0,2,12
2022-09-23T23:08:28,12,0,2,12
2022-09-23T23:17:42,12,0,2,12
2022-09-23T23:26:55,12,0,2,12
2022-09-23T23:36:08,12,0,2,12
2022-09-23T23:45:21,12,0,2,12
2022-09-23T23:54:35,12,0,2,12
2022-09-24T00:03:49,12,0,2,12
2022-09-24T00:13:06,12,0,2,12
2022-09-24T00:22:22,12,0,2,12
2022-09-24T00:31:35,12,0,2,12
2022-09-24T00:40:52,12,0,2,12
2022-09-24T00:50:07,12,0,2,12
2022-09-24T00:59:34,12,0,2,12
2022-09-24T01:08:49,12,0,2,12
2022-09-24T01:18:04,12,0,2,12
2022-09-24T01:27:19,12,0,2,12
2022-09-24T01:36:33,12,0,2,12
2022-09-24T01:45:47,12,0,2,12
2022-09-24T01:55:00,12,0,2,12
2022-09-24T02:04:13,12,0,2,12
2022-09-24T02:13:25,12,0,2,12
2022-09-24T02:22:37,12,0,2,12
2022-09-24T02:31:49,12,0,2,12
2022-09-24T02:41:02,12,0,2,12
2022-09-24T02:50:15,12,0,2,12
2022-09-24T02:59:26,12,0,2,12
2022-09-24T03:08:38,12,0,2,12
2022-09-24T03:17:49,12,0,2,12
2022-09-24T03:27:00,12,0,2,12
2022-09-24T03:36:12,12,0,2,12
2022-09-24T03:45:26,12,0,2,12
2022-09-24T03:56:45,12,0,2,12
2022-09-24T04:06:23,12,0,2,12
2022-09-24T04:15:38,12,0,2,12
2022-09-24T04:28:27,12,0,2,12
2022-09-24T04:38:06,12,0,2,12
2022-09-24T04:47:21,12,0,2,12
2022-09-24T04:56:33,12,0,2,12
2022-09-24T05:05:49,12,0,2,12
2022-09-24T05:15:04,12,0,2,12
2022-09-24T05:24:47,12,0,2,12
2022-09-24T05:34:03,12,0,2,12
2022-09-24T05:43:19,12,0,2,12
2022-09-24T05:52:34,12,0,2,12
2022-09-24T06:01:49,12,0,2,12
2022-09-24T06:11:04,12,0,2,12
2022-09-24T06:20:19,12,0,2,12
2022-09-24T06:29:34,12,0,2,12
2022-09-24T06:38:48,12,0,2,12
2022-09-24T06:48:03,12,0,2,12
2022-09-24T06:57:18,12,0,2,12
2022-09-24T07:06:37,12,0,2,12
2022-09-24T07:15:52,12,0,2,12
2022-09-24T07:25:08,12,0,2,12
2022-09-24T07:34:25,12,0,2,12
2022-09-24T07:43:41,12,0,2,12
2022-09-24T07:52:56,12,0,2,12
2022-09-24T08:02:12,12,0,2,12
2022-09-24T08:11:27,12,0,2,12
2022-09-24T08:20:42,12,0,2,12
2022-09-24T08:29:57,12,0,2,12
2022-09-24T08:39:11,12,0,2,12
2022-09-24T08:48:26,12,0,2,12
2022-09-24T08:57:41,12,0,2,12
2022-09-24T09:06:55,12,0,2,12
2022-09-24T09:16:11,12,0,2,12
2022-09-24T09:25:25,12,0,2,12
2022-09-24T09:34:40,12,0,2,12
2022-09-24T09:43:54,12,0,2,12
2022-09-24T09:53:08,12,0,2,12
2022-09-24T10:02:24,12,0,2,12
2022-09-24T10:11:39,12,0,2,12
2022-09-24T10:20:54,12,0,2,12
2022-09-24T10:30:07,12,0,2,12
2022-09-24T10:39:19,12,0,2,12
2022-09-24T10:48:32,12,0,2,12
2022-09-24T10:57:45,12,0,2,12
2022-09-24T11:06:57,12,0,2,12
2022-09-24T11:16:10,12,0,2,12
2022-09-24T11:25:22,12,0,2,12
2022-09-24T11:34:45,12,0,2,12
2022-09-24T11:43:58,12,0,2,12
2022-09-24T11:53:11,12,0,2,12
2022-09-24T12:02:24,12,0,2,12
2022-09-24T12:11:37,12,0,2,12
2022-09-24T12:20:50,12,0,2,12
2022-09-24T12:30:02,12,0,2,12
2022-09-24T12:39:14,12,0,2,12
2022-09-24T12:48:27,12,0,2,12
2022-09-24T12:57:39,12,0,2,12
2022-09-24T13:06:52,12,0,2,12
2022-09-24T13:16:04,12,0,2,12
2022-09-24T13:25:17,12,0,2,12
2022-09-24T13:34:30,12,0,2,12
2022-09-24T13:43:43,12,0,2,12
2022-09-24T13:52:55,12,0,2,12
2022-09-24T14:02:07,12,0,2,12
2022-09-24T14:11:20,12,0,2,12
2022-09-24T14:20:33,12,0,2,12
2022-09-24T14:29:54,12,0,2,12
2022-09-24T14:39:06,12,0,2,12
2022-09-24T14:48:19,12,0,2,12
2022-09-24T14:57:32,12,0,2,12
2022-09-24T15:06:46,12,0,2,12
2022-09-24T15:15:58,12,0,2,12
2022-09-24T15:25:12,12,0,2,12
2022-09-24T15:34:24,12,0,2,12
2022-09-24T15:43:39,12,0,2,12
2022-09-24T15:52:52,12,0,2,12
2022-09-24T16:02:04,12,0,2,12
2022-09-24T16:11:17,12,0,2,12
2022-09-24T16:20:29,12,0,2,12
2022-09-24T16:29:41,12,0,2,12
2022-09-24T16:38:53,12,0,2,12
2022-09-24T16:48:05,12,0,2,12
2022-09-24T16:57:29,12,0,2,12
2022-09-24T17:06:42,12,0,2,12
2022-09-24T17:15:55,12,0,2,12
2022-09-24T17:25:08,12,0,2,12
2022-09-24T17:34:21,12,0,2,12
2022-09-24T17:43:34,12,0,2,12
2022-09-24T17:52:46,12,0,2,12
2022-09-24T18:01:59,12,0,2,12
2022-09-24T18:11:11,12,0,2,12
2022-09-24T18:20:24,12,0,2,12
2022-09-24T18:29:37,12,0,2,12
2022-09-24T18:38:50,12,0,2,12
2022-09-24T18:48:02,12,0,2,12
2022-09-24T18:57:15,12,0,2,12
2022-09-24T19:06:28,12,0,2,12
2022-09-24T19:15:40,12,0,2,12
2022-09-24T19:24:53,12,0,2,12
2022-09-24T19:34:06,12,0,2,12
2022-09-24T19:43:29,12,0,2,12
2022-09-24T19:52:42,12,0,2,12
2022-09-24T20:01:54,12,0,2,12
2022-09-24T20:11:06,12,0,2,12
2022-09-24T20:20:18,12,0,2,12
2022-09-24T20:29:31,12,0,2,12
2022-09-24T20:38:43,12,0,2,12
2022-09-24T20:47:56,12,0,2,12
2022-09-24T20:57:08,12,0,2,12
2022-09-24T21:06:20,12,0,2,12
2022-09-24T21:15:32,12,0,2,12
2022-09-24T21:24:45,12,0,2,12
2022-09-24T21:33:58,12,0,2,12
2022-09-24T21:43:10,12,0,2,12
2022-09-24T21:52:23,12,0,2,12
2022-09-24T22:01:35,12,0,2,12
2022-09-24T22:10:57,12,0,2,12
2022-09-24T22:20:09,12,0,2,12
2022-09-24T22:29:21,12,0,2,12
2022-09-24T22:38:34,12,0,2,12
2022-09-24T22:47:45,12,0,2,12
2022-09-24T22:56:57,12,0,2,12
2022-09-24T23:06:10,12,0,2,12
2022-09-24T23:15:23,12,0,2,12
2022-09-24T23:24:35,12,0,2,12
2022-09-24T23:33:47,12,0,2,12
2022-09-24T23:42:59,12,0,2,12
2022-09-24T23:52:11,12,0,2,12
2022-09-25T00:01:23,12,0,2,12
2022-09-25T00:10:37,12,0,2,12
2022-09-25T00:19:54,12,0,2,12
2022-09-25T00:29:07,12,0,2,12
2022-09-25T00:38:21,12,0,2,12
2022-09-25T00:47:34,12,0,2,12
2022-09-25T00:56:46,12,0,2,12
2022-09-25T01:05:58,12,0,2,12
2022-09-25T01:15:10,12,0,2,12
2022-09-25T01:24:22,12,0,2,12
2022-09-25T01:33:33,12,0,2,12
2022-09-25T01:42:45,12,0,2,12
2022-09-25T01:51:57,12,0,2,12
2022-09-25T02:01:09,12,0,2,12
2022-09-25T02:10:21,12,0,2,12
2022-09-25T02:19:33,12,0,2,12
2022-09-25T02:28:45,12,0,2,12
2022-09-25T02:38:00,12,0,2,12
2022-09-25T02:47:18,12,0,2,12
2022-09-25T02:56:34,12,0,2,12
2022-09-25T03:05:51,12,0,2,12
2022-09-25T03:15:13,12,0,2,12
2022-09-25T03:24:28,12,0,2,12
2022-09-25T03:33:44,12,0,2,12
2022-09-25T03:42:59,12,0,2,12
2022-09-25T03:52:15,12,0,2,12
2022-09-25T04:03:19,12,0,2,12
2022-09-25T04:20:53,12,0,2,12
2022-09-25T04:30:33,12,0,2,12
2022-09-25T04:39:49,12,0,2,12
2022-09-25T04:49:07,12,0,2,12
2022-09-25T04:58:22,12,0,2,12
2022-09-25T05:07:38,12,0,2,12
2022-09-25T05:16:53,12,0,2,12
2022-09-25T05:26:06,12,0,2,12
2022-09-25T05:35:20,12,0,2,12
2022-09-25T05:44:35,12,0,2,12
2022-09-25T05:53:49,12,0,2,12
2022-09-25T06:03:03,12,0,2,12
2022-09-25T06:12:17,12,0,2,12
2022-09-25T06:21:31,12,0,2,12
2022-09-25T06:30:43,12,0,2,12
2022-09-25T06:39:54,12,0,2,12
2022-09-25T06:49:06,12,0,2,12
2022-09-25T06:58:19,12,0,2,12
2022-09-25T07:07:31,12,0,2,12
2022-09-25T07:16:43,12,0,2,12
2022-09-25T07:25:55,12,0,2,12
2022-09-25T07:35:09,12,0,2,12
2022-09-25T07:44:22,12,0,2,12
2022-09-25T07:53:34,12,0,2,12
2022-09-25T08:02:46,12,0,2,12
2022-09-25T08:11:59,12,0,2,12
2022-09-25T08:21:11,12,0,2,12
2022-09-25T08:30:25,12,0,2,12
2022-09-25T08:39:36,12,0,2,12
2022-09-25T08:48:48,12,0,2,12
2022-09-25T08:58:03,12,0,2,12
2022-09-25T09:07:14,12,0,2,12
2022-09-25T09:16:26,12,0,2,12
2022-09-25T09:25:38,12,0,2,12
2022-09-25T09:34:50,12,0,2,12
2022-09-25T09:44:02,12,0,2,12
2022-09-25T09:53:14,12,0,2,12
2022-09-25T10:02:27,12,0,2,12
2022-09-25T10:11:39,12,0,2,12
2022-09-25T10:20:52,12,0,2,12
2022-09-25T10:30:05,12,0,2,12
2022-09-25T10:43:36,12,0,2,12
2022-09-25T11:01:31,12,0,2,12
2022-09-25T11:10:44,12,0,2,12
2022-09-25T11:19:56,12,0,2,12
2022-09-25T11:29:10,12,0,2,12
2022-09-25T11:38:24,12,0,2,12
2022-09-25T11:47:38,12,0,2,12
2022-09-25T11:57:01,12,0,2,12
2022-09-25T12:06:14,12,0,2,12
2022-09-25T12:15:29,12,0,2,12
2022-09-25T12:24:44,12,0,2,12
2022-09-25T12:33:57,12,0,2,12
2022-09-25T12:43:10,12,0,2,12
2022-09-25T12:52:23,12,0,2,12
2022-09-25T13:01:36,12,0,2,12
2022-09-25T13:10:51,12,0,2,12
2022-09-25T13:20:04,12,0,2,12
2022-09-25T13:29:17,12,0,2,12
2022-09-25T13:38:47,12,0,2,12
2022-09-25T13:48:06,12,0,2,12
2022-09-25T13:57:26,12,0,2,12
2022-09-25T14:06:46,12,0,2,12
2022-09-25T14:16:06,12,0,2,12
2022-09-25T14:25:25,12,0,2,12
2022-09-25T14:34:44,12,0,2,12
2022-09-25T14:44:04,12,0,2,12
2022-09-25T14:53:23,12,0,2,12
2022-09-25T15:02:43,12,0,2,12
2022-09-25T15:11:59,12,0,2,12
2022-09-25T15:21:15,12,0,2,12
2022-09-25T15:30:40,12,0,2,12
2022-09-25T15:39:53,12,0,2,12
2022-09-25T15:49:06,12,0,2,12
2022-09-25T15:58:19,12,0,2,12
2022-09-25T16:07:32,12,0,2,12
2022-09-25T16:16:45,12,0,2,12
2022-09-25T16:25:58,12,0,2,12
2022-09-25T16:35:11,12,0,2,12
2022-09-25T16:44:24,12,0,2,12
2022-09-25T16:53:46,12,0,2,12
2022-09-25T17:02:58,12,0,2,12
2022-09-25T17:12:11,12,0,2,12
2022-09-25T17:21:24,12,0,2,12
2022-09-25T17:30:38,12,0,2,12
2022-09-25T17:39:51,12,0,2,12
2022-09-25T17:49:04,12,0,2,12
2022-09-25T17:58:18,12,0,2,12
2022-09-25T18:07:31,12,0,2,12
2022-09-25T18:16:56,12,0,2,12
2022-09-25T18:26:09,12,0,2,12
2022-09-25T18:35:23,12,0,2,12
2022-09-25T18:44:35,12,0,2,12
2022-09-25T18:53:48,12,0,2,12
2022-09-25T19:03:02,12,0,2,12
2022-09-25T19:12:17,12,0,2,12
2022-09-25T19:21:30,12,0,2,12
2022-09-25T19:30:44,12,0,2,12
2022-09-25T19:39:57,12,0,2,12
2022-09-25T19:49:20,12,0,2,12
2022-09-25T19:58:33,12,0,2,12
2022-09-25T20:07:46,12,0,2,12
2022-09-25T20:16:59,12,0,2,12
2022-09-25T20:26:12,12,0,2,12
2022-09-25T20:35:25,12,0,2,12
2022-09-25T20:44:37,12,0,2,12
2022-09-25T20:53:50,12,0,2,12
2022-09-25T21:03:03,12,0,2,12
2022-09-25T21:12:26,12,0,2,12
2022-09-25T21:21:39,12,0,2,12
2022-09-25T21:30:54,12,0,2,12
2022-09-25T21:40:07,12,0,2,12
2022-09-25T21:49:21,12,0,2,12
2022-09-25T21:58:34,12,0,2,12
2022-09-25T22:07:47,12,0,2,12
2022-09-25T22:17:02,12,0,2,12
2022-09-25T22:26:15,12,0,2,12
2022-09-25T22:35:39,12,0,2,12
2022-09-25T22:44:52,12,0,2,12
2022-09-25T22:54:05,12,0,2,12
2022-09-25T23:03:19,12,0,2,12
2022-09-25T23:12:33,12,0,2,12
2022-09-25T23:21:47,12,0,2,12
2022-09-25T23:31:01,12,0,2,12
2022-09-25T23:40:16,12,0,2,12
2022-09-25T23:49:39,12,0,2,12
2022-09-25T23:58:52,12,0,2,12
2022-09-26T00:08:06,12,0,2,12
2022-09-26T00:17:23,12,0,2,12
2022-09-26T00:26:38,12,0,2,12
2022-09-26T00:35:56,12,0,2,12
2022-09-26T00:45:10,12,0,2,12
2022-09-26T00:54:25,12,0,2,12
2022-09-26T01:03:38,12,0,2,12
2022-09-26T01:12:57,12,0,2,12
2022-09-26T01:22:13,12,0,2,12
2022-09-26T01:31:29,12,0,2,12
2022-09-26T01:40:44,12,0,2,12
2022-09-26T01:49:58,12,0,2,12
2022-09-26T01:59:13,12,0,2,12
2022-09-26T02:08:37,12,0,2,12
2022-09-26T02:17:51,12,0,2,12
2022-09-26T02:27:05,12,0,2,12
2022-09-26T02:36:19,12,0,2,12
2022-09-26T02:45:32,12,0,2,12
2022-09-26T02:54:45,12,0,2,12
2022-09-26T03:03:58,12,0,2,12
2022-09-26T03:13:11,12,0,2,12
2022-09-26T03:22:25,12,0,2,12
2022-09-26T03:31:38,12,0,2,12
2022-09-26T03:40:53,12,0,2,12
2022-09-26T03:50:07,12,0,2,12
2022-09-26T04:01:27,12,0,2,12
2022-09-26T04:24:58,12,0,2,12
2022-09-26T04:34:17,12,0,2,12
2022-09-26T04:43:33,12,0,2,12
2022-09-26T04:52:49,12,0,2,12
2022-09-26T05:02:04,12,0,2,12
2022-09-26T05:11:17,12,0,2,12
2022-09-26T05:20:30,12,0,2,12
2022-09-26T05:29:41,12,0,2,12
2022-09-26T05:38:54,12,0,2,12
2022-09-26T05:48:06,12,0,2,12
2022-09-26T05:57:20,12,0,2,12
2022-09-26T06:06:35,12,0,2,12
2022-09-26T06:15:48,12,0,2,12
2022-09-26T06:25:02,12,0,2,12
2022-09-26T06:34:16,12,0,2,12
2022-09-26T06:43:30,12,0,2,12
2022-09-26T06:52:44,12,0,2,12
2022-09-26T07:01:58,12,0,2,12
2022-09-26T07:11:13,12,0,2,12
2022-09-26T07:20:26,12,0,2,12
2022-09-26T07:29:40,12,0,2,12
2022-09-26T07:38:55,12,0,2,12
2022-09-26T07:48:10,12,0,2,12
2022-09-26T07:57:24,12,0,2,12
2022-09-26T08:06:39,12,0,2,12
2022-09-26T08:15:54,12,0,2,12
2022-09-26T08:25:09,12,0,2,12
2022-09-26T08:34:35,12,0,2,12
2022-09-26T08:43:51,12,0,2,12
2022-09-26T08:53:08,12,0,2,12
2022-09-26T09:02:35,12,0,2,12
2022-09-26T09:11:53,12,0,2,12
2022-09-26T09:21:22,12,0,2,12
2022-09-26T09:30:39,12,0,2,12
2022-09-26T09:39:55,12,0,2,12
2022-09-26T09:49:12,12,0,2,12
2022-09-26T09:58:42,12,0,2,12
2022-09-26T10:08:01,12,0,2,12
2022-09-26T10:17:18,12,0,2,12
2022-09-26T10:26:36,12,0,2,12
2022-09-26T10:36:05,12,0,2,12
2022-09-26T10:45:22,12,0,2,12
2022-09-26T10:54:39,12,0,2,12
2022-09-26T11:04:07,12,0,2,12
2022-09-26T11:13:24,12,0,2,12
2022-09-26T11:22:41,12,0,2,12
2022-09-26T11:32:09,12,0,2,12
2022-09-26T11:41:26,12,0,2,12
2022-09-26T11:50:43,12,0,2,12
2022-09-26T12:00:11,12,0,2,12
2022-09-26T12:09:28,12,0,2,12
2022-09-26T12:18:44,12,0,2,12
2022-09-26T12:28:01,12,0,2,12
2022-09-26T12:37:28,12,0,2,12
2022-09-26T12:46:44,12,0,2,12
2022-09-26T12:56:02,12,0,2,12
2022-09-26T13:05:21,12,0,2,12
2022-09-26T13:14:50,12,0,2,12
2022-09-26T13:24:08,12,0,2,12
2022-09-26T13:33:26,12,0,2,12
2022-09-26T13:42:47,12,0,2,12
2022-09-26T13:52:17,12,0,2,12
2022-09-26T14:01:38,12,0,2,12
2022-09-26T14:10:56,12,0,2,12
2022-09-26T14:20:17,12,0,2,12
2022-09-26T14:29:40,12,0,2,12
2022-09-26T14:38:56,12,0,2,12
2022-09-26T14:48:14,12,0,2,12
2022-09-26T14:57:44,12,0,2,12
2022-09-26T15:07:00,12,0,2,12
2022-09-26T15:16:18,12,0,2,12
2022-09-26T15:25:36,12,0,2,12
2022-09-26T15:34:57,12,0,2,12
2022-09-26T15:44:32,12,0,2,12
2022-09-26T15:53:52,12,0,2,12
2022-09-26T16:03:12,12,0,2,12
2022-09-26T16:12:31,12,0,2,12
2022-09-26T16:21:58,12,0,2,12
2022-09-26T16:31:14,12,0,2,12
2022-09-26T16:40:30,12,0,2,12
2022-09-26T16:49:47,12,0,2,12
2022-09-26T16:59:14,12,0,2,12
2022-09-26T17:08:30,12,0,2,12
2022-09-26T17:17:46,12,0,2,12
2022-09-26T17:27:00,12,0,2,12
2022-09-26T17:36:26,12,0,2,12
2022-09-26T17:45:41,12,0,2,12
2022-09-26T17:54:55,12,0,2,12
2022-09-26T18:04:11,12,0,2,12
2022-09-26T18:13:36,12,0,2,12
2022-09-26T18:22:51,12,0,2,12
2022-09-26T18:32:05,12,0,2,12
2022-09-26T18:41:19,12,0,2,12
2022-09-26T18:50:33,12,0,2,12
2022-09-26T18:59:47,12,0,2,12
2022-09-26T19:09:13,12,0,2,12
2022-09-26T19:18:27,12,0,2,12
2022-09-26T19:27:41,12,0,2,12
2022-09-26T19:36:55,12,0,2,12
2022-09-26T19:46:09,12,0,2,12
2022-09-26T19:55:24,12,0,2,12
2022-09-26T20:04:38,12,0,2,12
2022-09-26T20:14:03,12,0,2,12
2022-09-26T20:23:16,12,0,2,12
2022-09-26T20:32:31,12,0,2,12
2022-09-26T20:41:44,12,0,2,12
2022-09-26T20:50:57,12,0,2,12
2022-09-26T21:00:11,12,0,2,12
2022-09-26T21:09:24,12,0,2,12
2022-09-26T21:18:49,12,0,2,12
2022-09-26T21:28:03,12,0,2,12
2022-09-26T21:37:16,12,0,2,12
2022-09-26T21:46:29,12,0,2,12
2022-09-26T21:55:42,12,0,2,12
2022-09-26T22:04:55,12,0,2,12
2022-09-26T22:14:08,12,0,2,12
2022-09-26T22:23:21,12,0,2,12
2022-09-26T22:32:35,12,0,2,12
2022-09-26T22:41:59,12,0,2,12
2022-09-26T22:51:12,12,0,2,12
2022-09-26T23:00:25,12,0,2,12
2022-09-26T23:09:39,12,0,2,12
2022-09-26T23:18:53,12,0,2,12
2022-09-26T23:28:07,12,0,2,12
2022-09-26T23:37:21,12,0,2,12
2022-09-26T23:46:34,12,0,2,12
2022-09-26T23:55:49,12,0,2,12
2022-09-27T00:05:04,12,0,2,12
2022-09-27T00:14:33,12,0,2,12
2022-09-27T00:23:49,12,0,2,12
2022-09-27T00:33:04,12,0,2,12
2022-09-27T00:42:20,12,0,2,12
2022-09-27T00:51:36,12,0,2,12
2022-09-27T01:00:51,12,0,2,12
2022-09-27T01:10:06,12,0,2,12
2022-09-27T01:19:20,12,0,2,12
2022-09-27T01:28:35,12,0,2,12
2022-09-27T01:37:51,12,0,2,12
2022-09-27T01:47:04,12,0,2,12
2022-09-27T01:56:17,12,0,2,12
2022-09-27T02:05:29,12,0,2,12
2022-09-27T02:14:42,12,0,2,12
2022-09-27T02:23:55,12,0,2,12
2022-09-27T02:33:08,12,0,2,12
2022-09-27T02:42:20,12,0,2,12
2022-09-27T02:51:33,12,0,2,12
2022-09-27T03:00:45,12,0,2,12
2022-09-27T03:09:57,12,0,2,12
2022-09-27T03:19:09,12,0,2,12
2022-09-27T03:28:20,12,0,2,12
2022-09-27T03:37:32,12,0,2,12
2022-09-27T03:46:46,12,0,2,12
2022-09-27T03:56:00,12,0,2,12
2022-09-27T04:07:24,12,0,2,12
2022-09-27T04:17:02,12,0,2,12
2022-09-27T04:33:19,12,0,2,12
2022-09-27T04:42:59,12,0,2,12
2022-09-27T04:52:17,12,0,2,12
2022-09-27T05:01:34,12,0,2,12
2022-09-27T05:10:51,12,0,2,12
2022-09-27T05:20:04,12,0,2,12
2022-09-27T05:29:18,12,0,2,12
2022-09-27T05:38:35,12,0,2,12
2022-09-27T05:47:50,12,0,2,12
2022-09-27T05:57:05,12,0,2,12
2022-09-27T06:06:21,12,0,2,12
2022-09-27T06:15:36,12,0,2,12
2022-09-27T06:24:51,12,0,2,12
2022-09-27T06:34:06,12,0,2,12
2022-09-27T06:43:21,12,0,2,12
2022-09-27T06:52:36,12,0,2,12
2022-09-27T07:01:52,12,0,2,12
2022-09-27T07:11:09,12,0,2,12
2022-09-27T07:20:27,12,0,2,12
2022-09-27T07:29:43,12,0,2,12
2022-09-27T07:38:59,12,0,2,12
2022-09-27T07:48:14,12,0,2,12
2022-09-27T07:57:30,12,0,2,12
2022-09-27T08:06:45,12,0,2,12
2022-09-27T08:16:00,12,0,2,12
2022-09-27T08:25:16,12,0,2,12
2022-09-27T08:34:32,12,0,2,12
2022-09-27T08:43:47,12,0,2,12
2022-09-27T08:53:13,12,0,2,12
2022-09-27T09:02:32,12,0,2,12
2022-09-27T09:11:48,12,0,2,12
2022-09-27T09:21:05,12,0,2,12
2022-09-27T09:30:23,12,0,2,12
2022-09-27T09:39:44,12,0,2,12
2022-09-27T09:49:02,12,0,2,12
2022-09-27T09:58:30,12,0,2,12
2022-09-27T10:07:47,12,0,2,12
2022-09-27T10:17:05,12,0,2,12
2022-09-27T10:26:22,12,0,2,12
2022-09-27T10:35:40,12,0,2,12
2022-09-27T10:44:58,12,0,2,12
2022-09-27T10:54:29,12,0,2,12
2022-09-27T11:03:48,12,0,2,12
2022-09-27T11:13:06,12,0,2,12
2022-09-27T11:22:24,12,0,2,12
2022-09-27T11:31:50,12,0,2,12
2022-09-27T11:41:08,12,0,2,12
2022-09-27T11:50:26,12,0,2,12
2022-09-27T11:59:42,12,0,2,12
2022-09-27T12:09:00,12,0,2,12
2022-09-27T12:18:28,12,0,2,12
2022-09-27T12:27:47,12,0,2,12
2022-09-27T12:37:05,12,0,2,12
2022-09-27T12:46:23,12,0,2,12
2022-09-27T12:55:50,12,0,2,12
2022-09-27T13:05:07,12,0,2,12
2022-09-27T13:14:26,12,0,2,12
2022-09-27T13:23:46,12,0,2,12
2022-09-27T13:33:04,12,0,2,12
2022-09-27T13:42:34,12,0,2,12
2022-09-27T13:51:53,12,0,2,12
2022-09-27T14:01:13,12,0,2,12
2022-09-27T14:10:37,12,0,2,12
2022-09-27T14:19:59,12,0,2,12
2022-09-27T14:29:28,12,0,2,12
2022-09-27T14:38:45,12,0,2,12
2022-09-27T14:48:02,12,0,2,12
2022-09-27T14:57:19,12,0,2,12
2022-09-27T15:06:49,12,0,2,12
2022-09-27T15:16:07,12,0,2,12
2022-09-27T15:25:24,12,0,2,12
2022-09-27T15:34:42,12,0,2,12
2022-09-27T15:44:10,12,0,2,12
2022-09-27T15:53:27,12,0,2,12
2022-09-27T16:02:44,12,0,2,12
2022-09-27T16:12:00,12,0,2,12
2022-09-27T16:21:30,12,0,2,12
2022-09-27T16:30:47,12,0,2,12
2022-09-27T16:40:04,12,0,2,12
2022-09-27T16:49:22,12,0,2,12
2022-09-27T16:58:39,12,0,2,12
2022-09-27T17:08:07,12,0,2,12
2022-09-27T17:17:24,12,0,2,12
2022-09-27T17:26:39,12,0,2,12
2022-09-27T17:35:55,12,0,2,12
2022-09-27T17:45:11,12,0,2,12
2022-09-27T17:54:27,12,0,2,12
2022-09-27T18:03:55,12,0,2,12
2022-09-27T18:13:12,12,0,2,12
2022-09-27T18:22:28,12,0,2,12
2022-09-27T18:31:44,12,0,2,12
2022-09-27T18:41:00,12,0,2,12
2022-09-27T18:50:16,12,0,2,12
2022-09-27T18:59:43,12,0,2,12
2022-09-27T19:08:58,12,0,2,12
2022-09-27T19:18:14,12,0,2,12
2022-09-27T19:27:29,12,0,2,12
2022-09-27T19:36:44,12,0,2,12
2022-09-27T19:45:59,12,0,2,12
2022-09-27T19:55:14,12,0,2,12
2022-09-27T20:04:41,12,0,2,12
2022-09-27T20:13:56,12,0,2,12
2022-09-27T20:23:12,12,0,2,12
2022-09-27T20:32:27,12,0,2,12
2022-09-27T20:41:42,12,0,2,12
2022-09-27T20:50:56,12,0,2,12
2022-09-27T21:00:11,12,0,2,12
2022-09-27T21:09:25,12,0,2,12
2022-09-27T21:18:40,12,0,2,12
2022-09-27T21:27:55,12,0,2,12
2022-09-27T21:37:21,12,0,2,12
2022-09-27T21:46:35,12,0,2,12
2022-09-27T21:55:51,12,0,2,12
2022-09-27T22:05:06,12,0,2,12
2022-09-27T22:14:21,12,0,2,12
2022-09-27T22:23:36,12,0,2,12
2022-09-27T22:32:51,12,0,1,12
2022-09-27T22:42:06,12,0,1,12
2022-09-27T22:51:20,12,0,1,12
2022-09-27T23:00:46,12,0,1,12
2022-09-27T23:10:03,12,0,1,12
2022-09-27T23:19:18,12,0,1,12
2022-09-27T23:28:33,12,0,1,12
2022-09-27T23:37:47,12,0,1,12
2022-09-27T23:47:01,12,0,1,12
2022-09-27T23:56:15,12,0,1,12
2022-09-28T00:05:30,12,0,1,12
2022-09-28T00:14:46,12,0,1,12
2022-09-28T00:24:02,12,0,1,12
2022-09-28T00:33:17,12,0,1,12
2022-09-28T00:42:34,12,0,1,12
2022-09-28T00:52:02,12,0,1,12
2022-09-28T01:01:18,12,0,1,12
2022-09-28T01:10:34,12,0,1,12
2022-09-28T01:19:51,12,0,1,12
2022-09-28T01:29:09,12,0,1,12
2022-09-28T01:38:25,12,0,1,12
2022-09-28T01:47:40,12,0,1,12
2022-09-28T01:56:54,12,0,1,12
2022-09-28T02:06:09,12,0,1,12
2022-09-28T02:15:25,12,0,1,12
2022-09-28T02:24:43,12,0,1,12
2022-09-28T02:34:00,12,0,1,12
2022-09-28T02:43:16,12,0,1,12
2022-09-28T02:52:32,12,0,1,12
2022-09-28T03:01:48,12,0,1,12
2022-09-28T03:11:02,12,0,1,12
2022-09-28T03:20:17,12,0,1,12
2022-09-28T03:29:31,12,0,1,12
2022-09-28T03:38:47,12,0,1,12
2022-09-28T03:48:04,12,0,1,12
2022-09-28T03:57:20,12,0,1,12
2022-09-28T04:06:37,12,0,1,12
2022-09-28T04:23:36,12,0,1,12
2022-09-28T04:33:15,12,0,1,12
2022-09-28T04:42:33,12,0,1,12
2022-09-28T04:51:50,12,0,1,12
2022-09-28T05:01:07,12,0,1,12
2022-09-28T05:10:24,12,0,1,12
2022-09-28T05:19:38,12,0,1,12
2022-09-28T05:28:51,12,0,1,12
2022-09-28T05:38:05,12,0,1,12
2022-09-28T05:47:19,12,0,1,12
2022-09-28T05:56:33,12,0,1,12
2022-09-28T06:05:47,12,0,1,12
2022-09-28T06:15:02,12,0,1,12
2022-09-28T06:24:16,12,0,1,12
2022-09-28T06:33:30,12,0,1,12
2022-09-28T06:42:44,12,0,1,12
2022-09-28T06:51:58,12,0,1,12
2022-09-28T07:01:12,12,0,1,12
2022-09-28T07:10:27,12,0,1,12
2022-09-28T07:19:41,12,0,1,12
2022-09-28T07:28:56,12,0,1,12
2022-09-28T07:38:14,12,0,1,12
2022-09-28T07:47:31,12,0,1,12
2022-09-28T07:56:47,12,0,1,12
2022-09-28T08:06:02,12,0,1,12
2022-09-28T08:15:17,12,0,1,12
2022-09-28T08:24:33,12,0,1,12
2022-09-28T08:33:49,12,0,1,12
2022-09-28T08:43:05,12,0,1,12
2022-09-28T08:52:22,12,0,1,12
2022-09-28T09:01:54,12,0,1,12
2022-09-28T09:11:22,12,0,1,12
2022-09-28T09:20:39,12,0,1,12
2022-09-28T09:29:57,12,0,1,12
2022-09-28T09:39:14,12,0,1,12
2022-09-28T09:48:34,12,0,1,12
2022-09-28T09:57:53,12,0,1,12
2022-09-28T10:07:25,12,0,1,12
2022-09-28T10:16:44,12,0,1,12
2022-09-28T10:26:03,12,0,1,12
2022-09-28T10:35:21,12,0,1,12
2022-09-28T10:44:40,12,0,1,12
2022-09-28T10:54:00,12,0,1,12
2022-09-28T11:03:32,12,0,1,12
2022-09-28T11:12:51,12,0,1,12
2022-09-28T11:22:10,12,0,1,12
2022-09-28T11:31:29,12,0,1,12
2022-09-28T11:40:47,12,0,1,12
2022-09-28T11:50:05,12,0,1,12
2022-09-28T11:59:34,12,0,1,12
2022-09-28T12:08:52,12,0,1,12
2022-09-28T12:18:09,12,0,1,12
2022-09-28T12:27:26,12,0,1,12
2022-09-28T12:36:43,12,0,1,12
2022-09-28T12:46:10,12,0,1,12
2022-09-28T12:55:27,12,0,1,12
2022-09-28T13:04:45,12,0,1,12
2022-09-28T13:14:03,12,0,1,12
2022-09-28T13:23:20,12,0,1,12
2022-09-28T13:32:48,12,0,1,12
2022-09-28T13:42:07,12,0,1,12
2022-09-28T13:51:27,12,0,1,12
2022-09-28T14:00:45,12,0,1,12
2022-09-28T14:10:01,12,0,1,12
2022-09-28T14:19:18,12,0,1,12
2022-09-28T14:28:35,12,0,1,12
2022-09-28T14:38:03,12,0,1,12
2022-09-28T14:47:20,12,0,1,12
2022-09-28T14:56:37,12,0,1,12
2022-09-28T15:05:54,12,0,1,12
2022-09-28T15:15:10,12,0,1,12
2022-09-28T15:24:27,12,0,1,12
2022-09-28T15:33:43,12,0,1,12
2022-09-28T15:43:11,12,0,1,12
2022-09-28T15:52:28,12,0,1,12
2022-09-28T16:01:44,12,0,1,12
2022-09-28T16:11:00,12,0,1,12
2022-09-28T16:20:16,12,0,1,12
2022-09-28T16:29:31,12,0,1,12
2022-09-28T16:38:47,12,0,1,12
2022-09-28T16:48:13,12,0,1,12
2022-09-28T16:57:30,12,0,1,12
2022-09-28T17:06:46,12,0,1,12
2022-09-28T17:16:03,12,0,1,12
2022-09-28T17:25:17,12,0,1,12
2022-09-28T17:34:32,12,0,1,12
2022-09-28T17:43:58,12,0,1,12
2022-09-28T17:53:14,12,0,1,12
2022-09-28T18:02:30,12,0,1,12
2022-09-28T18:11:45,12,0,1,12
2022-09-28T18:21:01,12,0,1,12
2022-09-28T18:30:19,12,0,1,12
2022-09-28T18:39:34,12,0,1,12
2022-09-28T18:48:49,12,0,1,12
2022-09-28T18:58:14,12,0,1,12
2022-09-28T19:07:28,12,0,1,12
2022-09-28T19:16:42,12,0,1,12
2022-09-28T19:25:56,12,0,1,12
2022-09-28T19:35:11,12,0,1,12
2022-09-28T19:44:25,11,1,1,12
2022-09-28T19:53:39,11,1,1,12
2022-09-28T20:02:55,11,1,1,12
2022-09-28T20:12:10,11,1,1,12
2022-09-28T20:21:35,11,1,1,12
2022-09-28T20:30:50,11,1,1,12
2022-09-28T20:40:04,11,1,1,12
2022-09-28T20:49:18,11,1,1,12
2022-09-28T20:58:32,11,1,1,12
2022-09-28T21:07:46,11,1,1,12
2022-09-28T21:17:01,11,1,1,12
2022-09-28T21:26:16,11,1,1,12
2022-09-28T21:35:31,11,1,1,12
2022-09-28T21:44:46,11,1,1,12
2022-09-28T21:54:01,11,1,1,12
2022-09-28T22:03:25,11,1,1,12
2022-09-28T22:12:40,11,1,1,12
2022-09-28T22:21:54,11,1,1,12
2022-09-28T22:31:08,11,1,1,12
2022-09-28T22:40:22,11,1,1,12
2022-09-28T22:49:35,11,1,1,12
2022-09-28T22:58:48,11,1,1,12
2022-09-28T23:08:03,11,1,1,12
2022-09-28T23:17:17,11,1,1,12
2022-09-28T23:26:42,11,1,1,12
2022-09-28T23:35:56,11,1,1,12
2022-09-28T23:45:10,11,1,1,12
2022-09-28T23:54:24,11,1,1,12
2022-09-29T00:03:39,11,1,1,12
2022-09-29T00:12:57,11,1,1,12
2022-09-29T00:22:16,11,1,1,12
2022-09-29T00:31:32,11,1,1,12
2022-09-29T00:40:49,11,1,1,12
2022-09-29T00:50:06,11,1,1,12
2022-09-29T00:59:23,11,1,1,12
2022-09-29T01:08:39,11,1,1,12
2022-09-29T01:17:55,11,1,1,12
2022-09-29T01:27:09,11,1,1,12
2022-09-29T01:36:24,11,1,1,12
2022-09-29T01:45:38,11,1,1,12
2022-09-29T01:54:52,11,1,1,12
2022-09-29T02:04:17,11,1,1,12
2022-09-29T02:13:30,11,1,1,12
2022-09-29T02:22:43,11,1,1,12
2022-09-29T02:31:57,11,1,1,12
2022-09-29T02:41:12,11,1,1,12
2022-09-29T02:50:27,11,1,1,12
2022-09-29T02:59:40,11,1,1,12
2022-09-29T03:08:53,11,1,1,12
2022-09-29T03:18:06,11,1,1,12
2022-09-29T03:27:18,11,1,1,12
2022-09-29T03:36:31,11,1,1,12
2022-09-29T03:45:44,11,1,1,12
2022-09-29T03:57:19,11,1,1,12
2022-09-29T04:06:40,11,1,1,12
2022-09-29T04:19:03,11,1,1,12
2022-09-29T04:28:42,11,1,1,12
2022-09-29T04:38:01,11,1,1,12
2022-09-29T04:47:19,11,1,1,12
2022-09-29T04:56:37,11,1,1,12
2022-09-29T05:05:53,11,1,1,12
2022-09-29T05:15:13,11,1,1,12
2022-09-29T05:24:33,11,1,1,12
2022-09-29T05:33:51,11,1,1,12
2022-09-29T05:43:07,11,1,1,12
2022-09-29T05:52:24,11,1,1,12
2022-09-29T06:01:40,11,1,1,12
2022-09-29T06:10:56,11,1,1,12
2022-09-29T06:20:11,11,1,1,12
2022-09-29T06:29:26,11,1,1,12
2022-09-29T06:38:40,11,1,1,12
2022-09-29T06:47:55,11,1,1,12
2022-09-29T06:57:12,11,1,1,12
2022-09-29T07:06:28,11,1,1,12
2022-09-29T07:15:44,11,1,1,12
2022-09-29T07:24:59,11,1,1,12
2022-09-29T07:34:15,11,1,1,12
2022-09-29T07:43:32,11,1,1,12
2022-09-29T07:52:47,11,1,1,12
2022-09-29T08:02:03,11,1,1,12
2022-09-29T08:11:19,11,1,1,12
2022-09-29T08:20:34,11,1,1,12
2022-09-29T08:29:49,11,1,1,12
2022-09-29T08:39:17,11,1,1,12
2022-09-29T08:48:36,11,1,1,12
2022-09-29T08:57:52,11,1,1,12
2022-09-29T09:07:08,11,1,1,12
2022-09-29T09:16:23,11,1,1,12
2022-09-29T09:25:48,11,1,1,12
2022-09-29T09:35:05,11,1,1,12
2022-09-29T09:44:22,11,1,1,12
2022-09-29T09:53:38,11,1,1,12
2022-09-29T10:02:54,11,1,1,12
2022-09-29T10:12:13,11,1,1,12
2022-09-29T10:21:30,11,1,1,12
2022-09-29T10:31:00,11,1,1,12
2022-09-29T10:40:17,11,1,1,12
2022-09-29T10:49:33,11,1,1,12
2022-09-29T10:58:50,11,1,1,12
2022-09-29T11:08:08,11,1,1,12
2022-09-29T11:18:09,11,1,1,12
2022-09-29T11:27:37,11,1,1,12
2022-09-29T11:36:54,11,1,1,12
2022-09-29T11:46:10,11,1,1,12
2022-09-29T11:55:27,11,1,1,12
2022-09-29T12:04:43,11,1,1,12
2022-09-29T12:14:00,11,1,1,12
2022-09-29T12:23:28,11,1,1,12
2022-09-29T12:32:44,11,1,1,12
2022-09-29T12:42:00,11,1,1,12
2022-09-29T12:51:15,11,1,1,12
2022-09-29T13:00:31,11,1,1,12
2022-09-29T13:09:47,11,1,1,12
2022-09-29T13:19:03,11,1,1,12
2022-09-29T13:28:21,11,1,1,12
2022-09-29T13:37:48,11,1,1,12
2022-09-29T13:47:07,11,1,1,12
2022-09-29T13:56:28,11,1,1,12
2022-09-29T14:05:48,11,1,1,12
2022-09-29T14:15:06,11,1,1,12
2022-09-29T14:24:24,11,1,1,12
2022-09-29T14:33:43,11,1,1,12
2022-09-29T14:43:00,11,1,1,12
2022-09-29T14:52:28,11,1,1,12
2022-09-29T15:01:45,11,1,1,12
2022-09-29T15:11:01,11,1,1,12
2022-09-29T15:20:21,11,1,1,12
2022-09-29T15:29:39,11,1,1,12
2022-09-29T15:38:57,11,1,1,12
2022-09-29T15:48:24,11,1,1,12
2022-09-29T15:57:41,11,1,1,12
2022-09-29T16:06:59,11,1,1,12
2022-09-29T16:16:15,11,1,1,12
2022-09-29T16:25:30,11,1,1,12
2022-09-29T16:34:45,11,1,1,12
2022-09-29T16:44:01,11,1,1,12
2022-09-29T16:53:28,11,1,1,12
2022-09-29T17:02:44,11,1,1,12
2022-09-29T17:12:00,11,1,1,12
2022-09-29T17:21:14,11,1,1,12
2022-09-29T17:30:29,11,1,1,12
2022-09-29T17:39:43,11,1,1,12
2022-09-29T17:48:58,11,1,1,12
2022-09-29T17:58:12,11,1,1,12
2022-09-29T18:07:27,11,1,1,12
2022-09-29T18:16:41,11,1,1,12
2022-09-29T18:26:07,11,1,1,12
2022-09-29T18:35:22,11,1,1,12
2022-09-29T18:44:35,11,1,1,12
2022-09-29T18:53:50,11,1,1,12
2022-09-29T19:03:04,11,1,1,12
2022-09-29T19:12:18,11,1,1,12
2022-09-29T19:21:33,11,1,1,12
2022-09-29T19:30:46,11,1,1,12
2022-09-29T19:40:00,11,1,1,12
2022-09-29T19:49:14,11,1,1,12
2022-09-29T19:58:39,11,1,1,12
2022-09-29T20:07:53,11,1,1,12
2022-09-29T20:17:07,11,1,1,12
2022-09-29T20:26:21,11,1,1,12
2022-09-29T20:35:34,11,1,1,12
2022-09-29T20:44:49,11,1,1,12
2022-09-29T20:54:03,11,1,1,12
2022-09-29T21:03:28,11,1,1,12
2022-09-29T21:12:42,11,1,1,12
2022-09-29T21:21:55,11,1,1,12
2022-09-29T21:31:09,11,1,1,12
2022-09-29T21:40:24,11,1,1,12
2022-09-29T21:49:38,11,1,1,12
2022-09-29T21:58:52,11,1,1,12
2022-09-29T22:08:07,11,1,1,12
2022-09-29T22:17:21,11,1,1,12
2022-09-29T22:26:35,11,1,1,12
2022-09-29T22:35:49,11,1,1,12
2022-09-29T22:45:15,11,1,1,12
2022-09-29T22:54:29,11,1,1,12
2022-09-29T23:03:43,11,1,1,12
2022-09-29T23:12:57,11,1,1,12
2022-09-29T23:22:11,11,1,1,12
2022-09-29T23:31:24,11,1,1,12
2022-09-29T23:40:38,11,1,1,12
2022-09-29T23:49:51,11,1,1,12
2022-09-29T23:59:04,11,1,1,12
2022-09-30T00:08:19,11,1,1,12
2022-09-30T00:17:36,11,1,1,12
2022-09-30T00:26:53,11,1,1,12
2022-09-30T00:36:08,11,1,1,12
2022-09-30T00:45:25,11,1,1,12
2022-09-30T00:54:51,11,1,1,12
2022-09-30T01:04:06,11,1,1,12
2022-09-30T01:13:23,11,1,1,12
2022-09-30T01:22:40,11,1,1,12
2022-09-30T01:31:57,11,1,1,12
2022-09-30T01:41:13,11,1,1,12
2022-09-30T01:50:28,11,1,1,12
2022-09-30T01:59:42,11,1,1,12
2022-09-30T02:08:58,11,1,1,12
2022-09-30T02:18:11,11,1,1,12
2022-09-30T02:27:28,11,1,1,12
2022-09-30T02:36:44,11,1,1,12
2022-09-30T02:46:00,11,1,1,12
2022-09-30T02:55:15,11,1,1,12
2022-09-30T03:04:30,11,1,1,12
2022-09-30T03:13:43,11,1,1,12
2022-09-30T03:22:57,11,1,1,12
2022-09-30T03:32:10,11,1,1,12
2022-09-30T03:41:25,11,1,1,12
2022-09-30T03:50:41,11,1,1,12
2022-09-30T03:59:57,11,1,1,12
2022-09-30T04:09:13,11,1,1,12
2022-09-30T04:27:45,11,1,1,12
2022-09-30T04:37:16,11,1,1,12
2022-09-30T04:46:35,11,1,1,12
2022-09-30T04:55:52,11,1,1,12
2022-09-30T05:05:10,11,1,1,12
2022-09-30T05:14:27,11,1,1,12
2022-09-30T05:23:42,11,1,1,12
2022-09-30T05:32:56,11,1,1,12
2022-09-30T05:42:10,11,1,1,12
2022-09-30T05:51:23,11,1,1,12
2022-09-30T06:00:38,11,1,1,12
2022-09-30T06:09:53,11,1,1,12
2022-09-30T06:19:07,11,1,1,12
2022-09-30T06:28:21,11,1,1,12
2022-09-30T06:37:33,11,1,1,12
2022-09-30T06:46:47,11,1,1,12
2022-09-30T06:55:59,11,1,1,12
2022-09-30T07:05:13,11,1,1,12
2022-09-30T07:14:26,11,1,1,12
2022-09-30T07:23:40,11,1,1,12
2022-09-30T07:32:54,11,1,1,12
2022-09-30T07:42:08,11,1,1,12
2022-09-30T07:51:22,11,1,1,12
2022-09-30T08:00:37,11,1,1,12
2022-09-30T08:09:56,11,1,1,12
2022-09-30T08:19:10,11,1,1,12
2022-09-30T08:28:25,11,1,1,12
2022-09-30T08:37:39,11,1,1,12
2022-09-30T08:46:54,11,1,1,12
2022-09-30T08:56:20,11,1,1,12
2022-09-30T09:05:36,11,1,1,12
2022-09-30T09:14:52,11,1,1,12
2022-09-30T09:24:08,11,1,1,12
2022-09-30T09:33:23,11,1,1,12
2022-09-30T09:42:38,11,1,1,12
2022-09-30T09:51:54,11,1,1,12
2022-09-30T10:01:10,11,1,1,12
2022-09-30T10:10:26,11,1,1,12
2022-09-30T10:19:42,11,1,1,12
2022-09-30T10:29:09,11,1,1,12
2022-09-30T10:38:24,11,1,1,12
2022-09-30T10:47:40,11,1,1,12
2022-09-30T10:56:56,11,1,1,12
2022-09-30T11:06:12,11,1,1,12
2022-09-30T11:15:27,11,1,1,12
2022-09-30T11:24:42,11,1,1,12
2022-09-30T11:33:59,11,1,1,12
2022-09-30T11:43:25,11,1,1,12
2022-09-30T11:52:40,11,1,1,12
2022-09-30T12:01:56,11,1,1,12
2022-09-30T12:11:11,11,1,1,12
2022-09-30T12:20:27,11,1,1,12
2022-09-30T12:29:41,11,1,1,12
2022-09-30T12:38:56,11,1,1,12
2022-09-30T12:48:11,11,1,1,12
2022-09-30T12:57:26,11,1,1,12
2022-09-30T13:06:52,11,1,1,12
2022-09-30T13:16:06,11,1,1,12
2022-09-30T13:25:22,11,1,1,12
2022-09-30T13:34:37,11,1,1,12
2022-09-30T13:43:52,11,1,1,12
2022-09-30T13:53:07,11,1,1,12
2022-09-30T14:02:23,11,1,1,12
2022-09-30T14:11:38,11,1,1,12
2022-09-30T14:20:53,11,1,1,12
2022-09-30T14:30:19,11,1,1,12
2022-09-30T14:39:35,11,1,1,12
2022-09-30T14:48:53,11,1,1,12
2022-09-30T14:58:08,11,1,1,12
2022-09-30T15:07:23,11,1,1,12
2022-09-30T15:16:39,11,1,1,12
2022-09-30T15:25:54,11,1,1,12
2022-09-30T15:35:13,11,1,1,12
2022-09-30T15:44:27,11,1,1,12
2022-09-30T15:53:45,11,1,1,12
2022-09-30T16:03:12,11,1,1,12
2022-09-30T16:12:32,11,1,1,12
2022-09-30T16:21:50,11,1,1,12
2022-09-30T16:31:09,11,1,1,12
2022-09-30T16:40:23,11,1,1,12
2022-09-30T16:49:38,11,1,1,12
2022-09-30T16:58:54,11,1,1,12
2022-09-30T17:08:13,11,1,1,12
2022-09-30T17:17:29,11,1,1,12
2022-09-30T17:26:42,11,1,1,12
2022-09-30T17:35:57,11,1,1,12
2022-09-30T17:45:11,11,1,1,12
2022-09-30T17:54:29,11,1,1,12
2022-09-30T18:03:55,11,1,1,12
2022-09-30T18:13:12,11,1,1,12
2022-09-30T18:22:30,11,1,1,12
2022-09-30T18:31:44,11,1,1,12
2022-09-30T18:41:03,11,1,1,12
2022-09-30T18:50:19,11,1,1,12
2022-09-30T18:59:33,11,1,1,12
2022-09-30T19:08:47,11,1,1,12
2022-09-30T19:18:01,11,1,1,12
2022-09-30T19:27:20,11,1,1,12
2022-09-30T19:36:38,11,1,1,12
2022-09-30T19:45:56,11,1,1,12
2022-09-30T19:55:19,11,1,1,12
2022-09-30T20:04:42,11,1,1,12
2022-09-30T20:14:04,11,1,1,12
2022-09-30T20:23:25,11,1,1,12
2022-09-30T20:32:46,11,1,1,12
2022-09-30T20:42:17,11,1,1,12
2022-09-30T20:51:37,11,1,1,12
2022-09-30T21:00:57,11,1,1,12
2022-09-30T21:10:17,11,1,1,12
2022-09-30T21:19:37,11,1,1,12
2022-09-30T21:28:53,11,1,1,12
2022-09-30T21:38:10,11,1,1,12
2022-09-30T21:47:27,11,1,1,12
2022-09-30T21:56:41,11,1,1,12
2022-09-30T22:05:56,11,1,1,12
2022-09-30T22:15:11,11,1,1,12
2022-09-30T22:24:28,11,1,1,12
2022-09-30T22:33:44,11,1,1,12
2022-09-30T22:42:58,11,1,1,12
2022-09-30T22:52:16,11,1,1,12
2022-09-30T23:01:34,11,1,1,12
2022-09-30T23:10:49,11,1,1,12
2022-09-30T23:20:11,11,1,1,12
2022-09-30T23:29:30,11,1,1,12
2022-09-30T23:38:48,11,1,1,12
2022-09-30T23:48:04,11,1,1,12
2022-09-30T23:57:32,11,1,1,12
2022-10-01T00:06:49,11,1,1,12
2022-10-01T00:16:09,11,1,1,12
2022-10-01T00:25:28,11,1,1,12
2022-10-01T00:34:48,11,1,1,12
2022-10-01T00:44:07,11,1,1,12
2022-10-01T00:53:22,11,1,1,12
2022-10-01T01:02:36,11,1,1,12
2022-10-01T01:11:49,11,1,1,12
2022-10-01T01:21:02,11,1,1,12
2022-10-01T01:30:16,11,1,1,12
2022-10-01T01:39:29,11,1,1,12
2022-10-01T01:48:41,11,1,1,12
2022-10-01T01:57:54,11,1,1,12
2022-10-01T02:07:08,11,1,1,12
2022-10-01T02:16:21,11,1,1,12
2022-10-01T02:25:33,11,1,1,12
2022-10-01T02:34:45,11,1,1,12
2022-10-01T02:43:58,11,1,1,12
2022-10-01T02:53:11,11,1,1,12
2022-10-01T03:02:23,11,1,1,12
2022-10-01T03:11:34,11,1,1,12
2022-10-01T03:20:49,11,1,1,12
2022-10-01T03:30:04,11,1,1,12
2022-10-01T03:39:19,11,1,1,12
2022-10-01T03:48:35,11,1,1,12
2022-10-01T03:57:50,11,1,1,12
2022-10-01T04:07:06,11,1,1,12
2022-10-01T04:24:21,11,1,1,12
2022-10-01T04:33:55,11,1,1,12
2022-10-01T04:43:12,11,1,1,12
2022-10-01T04:52:27,11,1,1,12
2022-10-01T05:01:40,11,1,1,12
2022-10-01T05:10:53,11,1,1,12
2022-10-01T05:20:05,11,1,1,12
2022-10-01T05:29:18,11,1,1,12
2022-10-01T05:38:31,11,1,1,12
2022-10-01T05:47:44,11,1,1,12
2022-10-01T05:56:58,11,1,1,12
2022-10-01T06:06:12,11,1,1,12
2022-10-01T06:15:27,11,1,1,12
2022-10-01T06:24:42,11,1,1,12
2022-10-01T06:33:55,11,1,1,12
2022-10-01T06:43:07,11,1,1,12
2022-10-01T06:52:20,11,1,1,12
2022-10-01T07:01:33,11,1,1,12
2022-10-01T07:10:47,11,1,1,12
2022-10-01T07:20:01,11,1,1,12
2022-10-01T07:29:14,11,1,1,12
2022-10-01T07:39:23,11,1,1,12
2022-10-01T07:48:39,11,1,1,12
2022-10-01T07:57:55,11,1,1,12
2022-10-01T08:07:10,11,1,1,12
2022-10-01T08:16:27,11,1,1,12
2022-10-01T08:25:43,11,1,1,12
2022-10-01T08:34:58,11,1,1,12
2022-10-01T08:44:13,11,1,1,12
2022-10-01T08:53:29,11,1,1,12
2022-10-01T09:02:44,11,1,1,12
2022-10-01T09:12:03,11,1,1,12
2022-10-01T09:21:20,11,1,1,12
2022-10-01T09:30:37,11,1,1,12
2022-10-01T09:39:53,11,1,1,12
2022-10-01T09:49:08,11,1,1,12
2022-10-01T09:58:25,11,1,1,12
2022-10-01T10:07:41,11,1,1,12
2022-10-01T10:16:57,11,1,1,12
2022-10-01T10:26:27,11,1,1,12
2022-10-01T10:35:42,11,1,1,12
2022-10-01T10:44:57,11,1,1,12
2022-10-01T10:54:12,11,1,1,12
2022-10-01T11:03:26,11,1,1,12
2022-10-01T11:12:41,11,1,1,12
2022-10-01T11:21:56,11,1,1,12
2022-10-01T11:31:11,11,1,1,12
2022-10-01T11:40:26,11,1,1,12
2022-10-01T11:49:40,11,1,1,12
2022-10-01T11:58:55,11,1,1,12
2022-10-01T12:08:19,11,1,1,12
2022-10-01T12:17:32,11,1,1,12
2022-10-01T12:26:45,11,1,1,12
2022-10-01T12:35:57,11,1,1,12
2022-10-01T12:45:10,11,1,1,12
2022-10-01T12:54:24,11,1,1,12
2022-10-01T13:03:39,11,1,1,12
2022-10-01T13:12:54,11,1,1,12
2022-10-01T13:22:07,11,1,1,12
2022-10-01T13:31:20,11,1,1,12
2022-10-01T13:40:33,11,1,1,12
2022-10-01T13:49:45,11,1,1,12
2022-10-01T13:58:58,11,1,1,12
2022-10-01T14:08:10,11,1,1,12
2022-10-01T14:17:23,11,1,1,12
2022-10-01T14:26:35,11,1,1,12
2022-10-01T14:35:48,11,1,1,12
2022-10-01T14:45:10,11,1,1,12
2022-10-01T14:54:23,11,1,1,12
2022-10-01T15:03:35,11,1,1,12
2022-10-01T15:12:48,11,1,1,12
2022-10-01T15:22:01,11,1,1,12
2022-10-01T15:31:14,11,1,1,12
2022-10-01T15:40:26,11,1,1,12
2022-10-01T15:49:39,11,1,1,12
2022-10-01T15:58:51,11,1,1,12
2022-10-01T16:08:04,11,1,1,12
2022-10-01T16:17:17,11,1,1,12
2022-10-01T16:26:31,11,1,1,12
2022-10-01T16:35:43,11,1,1,12
2022-10-01T16:44:58,11,1,1,12
2022-10-01T16:54:10,11,1,1,12
2022-10-01T17:03:22,11,1,1,12
2022-10-01T17:12:35,11,1,1,12
2022-10-01T17:21:48,11,1,1,12
2022-10-01T17:31:01,11,1,1,12
2022-10-01T17:40:30,11,1,1,12
2022-10-01T17:49:43,11,1,1,12
2022-10-01T17:58:56,11,1,1,12
2022-10-01T18:08:09,11,1,1,12
2022-10-01T18:17:23,11,1,1,12
2022-10-01T18:26:36,11,1,1,12
2022-10-01T18:35:49,11,1,1,12
2022-10-01T18:45:01,11,1,1,12
2022-10-01T18:54:14,11,1,1,12
2022-10-01T19:03:27,11,1,1,12
2022-10-01T19:12:41,11,1,1,12
2022-10-01T19:21:57,11,1,1,12
2022-10-01T19:31:10,11,1,1,12
2022-10-01T19:40:24,11,1,1,12
2022-10-01T19:49:37,11,1,1,12
2022-10-01T19:58:50,11,1,1,12
2022-10-01T20:08:03,11,1,1,12
2022-10-01T20:17:15,11,1,1,12
2022-10-01T20:26:29,11,1,1,12
2022-10-01T20:35:42,11,1,1,12
2022-10-01T20:44:54,11,1,1,12
2022-10-01T20:54:07,11,1,1,12
2022-10-01T21:03:19,11,1,1,12
2022-10-01T21:12:32,11,1,1,12
2022-10-01T21:21:44,11,1,1,12
2022-10-01T21:30:57,11,1,1,12
2022-10-01T21:40:09,11,1,1,12
2022-10-01T21:49:21,11,1,1,12
2022-10-01T21:58:44,11,1,1,12
2022-10-01T22:07:56,11,1,1,12
2022-10-01T22:17:09,11,1,1,12
2022-10-01T22:26:21,11,1,1,12
2022-10-01T22:35:33,11,1,1,12
2022-10-01T22:44:46,11,1,1,12
2022-10-01T22:53:58,11,1,1,12
2022-10-01T23:03:11,11,1,1,12
2022-10-01T23:12:24,11,1,1,12
2022-10-01T23:21:38,11,1,1,12
2022-10-01T23:30:51,11,1,1,12
2022-10-01T23:40:03,11,1,1,12
2022-10-01T23:49:15,11,1,1,12
2022-10-01T23:58:28,11,1,1,12
2022-10-02T00:07:41,11,1,1,12
2022-10-02T00:16:57,11,1,1,12
2022-10-02T00:26:11,11,1,1,12
2022-10-02T00:35:26,11,1,1,12
2022-10-02T00:44:41,11,1,1,12
2022-10-02T00:53:55,11,1,1,12
2022-10-02T01:03:09,11,1,1,12
2022-10-02T01:12:23,11,1,1,12
2022-10-02T01:21:38,11,1,1,12
2022-10-02T01:30:52,11,1,1,12
2022-10-02T01:40:06,11,1,1,12
2022-10-02T01:49:20,11,1,1,12
2022-10-02T01:58:34,11,1,1,12
2022-10-02T02:07:51,11,1,1,12
2022-10-02T02:17:06,11,1,1,12
2022-10-02T02:26:21,11,1,1,12
2022-10-02T02:35:35,11,1,1,12
2022-10-02T02:44:49,11,1,1,12
2022-10-02T02:54:03,11,1,1,12
2022-10-02T03:03:17,11,1,1,12
2022-10-02T03:12:32,11,1,1,12
2022-10-02T03:21:47,11,1,1,12
2022-10-02T03:31:01,11,1,1,12
2022-10-02T03:40:17,11,1,1,12
2022-10-02T03:49:33,11,1,1,12
2022-10-02T03:58:48,11,1,1,12
2022-10-02T04:10:00,11,1,1,12
2022-10-02T04:24:04,11,1,1,12
2022-10-02T04:33:44,11,1,1,12
2022-10-02T04:43:01,11,1,1,12
2022-10-02T04:52:17,11,1,1,12
2022-10-02T05:01:32,11,1,1,12
2022-10-02T05:10:46,11,1,1,12
2022-10-02T05:19:59,11,1,1,12
2022-10-02T05:29:13,11,1,1,12
2022-10-02T05:38:25,11,1,1,12
2022-10-02T05:47:38,11,1,1,12
2022-10-02T05:56:52,11,1,1,12
2022-10-02T06:06:06,11,1,1,12
2022-10-02T06:15:19,11,1,1,12
2022-10-02T06:24:33,11,1,1,12
2022-10-02T06:33:45,11,1,1,12
2022-10-02T06:42:57,11,1,1,12
2022-10-02T06:52:09,11,1,1,12
2022-10-02T07:01:20,11,1,1,12
2022-10-02T07:10:33,11,1,1,12
2022-10-02T07:19:45,11,1,1,12
2022-10-02T07:28:57,11,1,1,12
2022-10-02T07:38:11,11,1,1,12
2022-10-02T07:47:24,11,1,1,12
2022-10-02T07:56:37,11,1,1,12
2022-10-02T08:05:50,11,1,1,12
2022-10-02T08:15:03,11,1,1,12
2022-10-02T08:24:16,11,1,1,12
2022-10-02T08:33:30,11,1,1,12
2022-10-02T08:42:43,11,1,1,12
2022-10-02T08:51:55,11,1,1,12
2022-10-02T09:01:08,11,1,1,12
2022-10-02T09:10:21,11,1,1,12
2022-10-02T09:19:35,11,1,1,12
2022-10-02T09:28:48,11,1,1,12
2022-10-02T09:38:02,11,1,1,12
2022-10-02T09:47:16,11,1,1,12
2022-10-02T09:56:28,11,1,1,12
2022-10-02T10:05:42,11,1,1,12
2022-10-02T10:14:55,11,1,1,12
2022-10-02T10:24:08,11,1,1,12
2022-10-02T10:33:21,11,1,1,12
2022-10-02T10:42:34,11,1,1,12
2022-10-02T10:51:51,11,1,1,12
2022-10-02T11:01:04,11,1,1,12
2022-10-02T11:10:17,11,1,1,12
2022-10-02T11:19:31,11,1,1,12
2022-10-02T11:28:45,11,1,1,12
2022-10-02T11:37:58,11,1,1,12
2022-10-02T11:47:10,11,1,1,12
2022-10-02T11:56:23,11,1,1,12
2022-10-02T12:05:36,11,1,1,12
2022-10-02T12:14:49,11,1,1,12
2022-10-02T12:24:02,11,1,1,12
2022-10-02T12:33:15,11,1,1,12
2022-10-02T12:42:29,11,1,1,12
2022-10-02T12:51:42,11,1,1,12
2022-10-02T13:00:56,11,1,1,12
2022-10-02T13:10:09,11,1,1,12
2022-10-02T13:19:22,11,1,1,12
2022-10-02T13:28:36,11,1,1,12
2022-10-02T13:37:58,11,1,1,12
2022-10-02T13:47:12,11,1,1,12
2022-10-02T13:56:26,11,1,1,12
2022-10-02T14:05:39,11,1,1,12
2022-10-02T14:14:52,11,1,1,12
2022-10-02T14:24:05,11,1,1,12
2022-10-02T14:33:18,11,1,1,12
2022-10-02T14:42:32,11,1,1,12
2022-10-02T14:51:45,11,1,1,12
2022-10-02T15:00:58,11,1,1,12
2022-10-02T15:10:11,11,1,1,12
2022-10-02T15:19:25,11,1,1,12
2022-10-02T15:28:38,11,1,1,12
2022-10-02T15:37:52,11,1,1,12
2022-10-02T15:47:04,11,1,1,12
2022-10-02T15:56:26,11,1,1,12
2022-10-02T16:05:40,11,1,1,12
2022-10-02T16:14:53,11,1,1,12
2022-10-02T16:24:07,11,1,1,12
2022-10-02T16:33:21,11,1,1,12
2022-10-02T16:42:35,11,1,1,12
2022-10-02T16:51:47,11,1,1,12
2022-10-02T17:01:00,11,1,1,12
2022-10-02T17:10:13,11,1,1,12
2022-10-02T17:19:27,11,1,1,12
2022-10-02T17:28:40,11,1,1,12
2022-10-02T17:37:53,11,1,1,12
2022-10-02T17:47:06,11,1,1,12
2022-10-02T17:56:19,11,1,1,12
2022-10-02T18:05:32,11,1,1,12
2022-10-02T18:14:45,11,1,1,12
2022-10-02T18:23:59,11,1,1,12
2022-10-02T18:33:23,11,1,1,12
2022-10-02T18:42:36,11,1,1,12
2022-10-02T18:51:49,11,1,1,12
2022-10-02T19:01:02,11,1,1,12
2022-10-02T19:10:16,11,1,1,12
2022-10-02T19:19:31,11,1,1,12
2022-10-02T19:28:44,11,1,1,12
2022-10-02T19:37:58,11,1,1,12
2022-10-02T19:47:11,11,1,1,12
2022-10-02T19:56:25,11,1,1,12
2022-10-02T20:05:38,11,1,1,12
2022-10-02T20:14:51,11,1,1,12
2022-10-02T20:24:04,11,1,1,12
2022-10-02T20:33:17,11,1,1,12
2022-10-02T20:42:30,11,1,1,12
2022-10-02T20:51:42,11,1,1,12
2022-10-02T21:01:06,11,1,1,12
2022-10-02T21:10:19,11,1,1,12
2022-10-02T21:19:33,11,1,1,12
2022-10-02T21:28:46,11,1,1,12
2022-10-02T21:37:59,11,1,1,12
2022-10-02T21:47:11,11,1,1,12
2022-10-02T21:56:24,11,1,1,12
2022-10-02T22:05:38,11,1,1,12
2022-10-02T22:14:51,11,1,1,12
2022-10-02T22:24:04,11,1,1,12
2022-10-02T22:33:17,11,1,1,12
2022-10-02T22:42:31,11,1,1,12
2022-10-02T22:51:45,11,1,1,12
2022-10-02T23:01:08,11,1,1,12
2022-10-02T23:10:22,11,1,1,12
2022-10-02T23:19:37,11,1,1,12
2022-10-02T23:28:51,11,1,1,12
2022-10-02T23:38:06,11,1,1,12
2022-10-02T23:47:21,11,1,1,12
2022-10-02T23:56:34,11,1,1,12
2022-10-03T00:05:48,11,1,1,12
2022-10-03T00:15:06,11,1,1,12
2022-10-03T00:24:24,11,1,1,12
2022-10-03T00:33:39,11,1,1,12
2022-10-03T00:42:54,11,1,1,12
2022-10-03T00:52:19,11,1,1,12
2022-10-03T01:01:32,11,1,1,12
2022-10-03T01:10:58,11,1,1,12
2022-10-03T01:20:16,11,1,1,12
2022-10-03T01:29:32,11,1,1,12
2022-10-03T01:38:47,11,1,1,12
2022-10-03T01:48:02,11,1,1,12
2022-10-03T01:57:18,11,1,1,12
2022-10-03T02:06:37,11,1,1,12
2022-10-03T02:15:53,11,1,1,12
2022-10-03T02:25:07,11,1,1,12
2022-10-03T02:34:21,11,1,1,12
2022-10-03T02:43:35,11,1,1,12
2022-10-03T02:52:49,11,1,1,12
2022-10-03T03:02:03,11,1,1,12
2022-10-03T03:11:18,11,1,1,12
2022-10-03T03:20:33,11,1,1,12
2022-10-03T03:29:48,11,1,1,12
2022-10-03T03:39:04,11,1,1,12
2022-10-03T03:48:20,11,1,1,12
2022-10-03T03:59:42,11,1,1,12
2022-10-03T04:09:06,11,1,1,12
2022-10-03T04:27:25,11,1,1,12
2022-10-03T04:37:07,11,1,1,12
2022-10-03T04:46:24,11,1,1,12
2022-10-03T04:55:42,11,1,1,12
2022-10-03T05:04:58,11,1,1,12
2022-10-03T05:14:12,11,1,1,12
2022-10-03T05:23:25,11,1,1,12
2022-10-03T05:32:38,11,1,1,12
2022-10-03T05:41:51,11,1,1,12
2022-10-03T05:51:04,11,1,1,12
2022-10-03T06:00:18,11,1,1,12
2022-10-03T06:09:33,11,1,1,12
2022-10-03T06:18:48,11,1,1,12
2022-10-03T06:28:01,11,1,1,12
2022-10-03T06:37:14,11,1,1,12
2022-10-03T06:46:29,11,1,1,12
2022-10-03T06:55:42,11,1,1,12
2022-10-03T07:04:56,11,1,1,12
2022-10-03T07:14:09,11,1,1,12
2022-10-03T07:23:23,11,1,1,12
2022-10-03T07:32:37,11,1,1,12
2022-10-03T07:41:54,11,1,1,12
2022-10-03T07:51:09,11,1,1,12
2022-10-03T08:00:24,11,1,1,12
2022-10-03T08:09:39,11,1,1,12
2022-10-03T08:18:55,11,1,1,12
2022-10-03T08:28:17,11,1,1,12
2022-10-03T08:37:36,11,1,1,12
2022-10-03T08:46:53,11,1,1,12
2022-10-03T08:56:51,11,1,1,12
2022-10-03T09:06:13,11,1,1,12
2022-10-03T09:15:30,11,1,1,12
2022-10-03T09:24:57,11,1,1,12
2022-10-03T09:34:13,11,1,1,12
2022-10-03T09:43:30,11,1,1,12
2022-10-03T09:52:47,11,1,1,12
2022-10-03T10:02:06,11,1,1,12
2022-10-03T10:11:25,11,1,1,12
2022-10-03T10:20:44,11,1,1,12
2022-10-03T10:30:01,11,1,1,12
2022-10-03T10:39:31,11,1,1,12
2022-10-03T10:48:48,11,1,1,12
2022-10-03T10:58:05,11,1,1,12
2022-10-03T11:07:48,11,1,1,12
2022-10-03T11:17:06,11,1,1,12
2022-10-03T11:26:23,11,1,1,12
2022-10-03T11:35:40,11,1,1,12
2022-10-03T11:45:07,11,1,1,12
2022-10-03T11:54:23,11,1,1,12
2022-10-03T12:03:40,11,1,1,12
2022-10-03T12:12:57,11,1,1,12
2022-10-03T12:22:16,11,1,1,12
2022-10-03T12:31:32,11,1,1,12
2022-10-03T12:40:47,11,1,1,12
2022-10-03T12:50:04,11,1,1,12
2022-10-03T12:59:31,11,1,1,12
2022-10-03T13:08:49,11,1,1,12
2022-10-03T13:18:06,11,1,1,12
2022-10-03T13:27:23,11,1,1,12
2022-10-03T13:36:40,11,1,1,12
2022-10-03T13:45:57,11,1,1,12
2022-10-03T13:55:15,11,1,1,12
2022-10-03T14:04:32,11,1,1,12
2022-10-03T14:14:01,11,1,1,12
2022-10-03T14:23:18,11,1,1,12
2022-10-03T14:32:36,11,1,1,12
2022-10-03T14:41:53,11,1,1,12
2022-10-03T14:51:11,11,1,1,12
2022-10-03T15:00:30,11,1,1,12
2022-10-03T15:09:59,11,1,1,12
2022-10-03T15:19:21,11,1,1,12
2022-10-03T15:28:43,11,1,1,12
2022-10-03T15:38:00,11,1,1,12
2022-10-03T15:47:16,11,1,1,12
2022-10-03T15:56:33,11,1,1,12
2022-10-03T16:05:49,11,1,1,12
2022-10-03T16:15:16,11,1,1,12
2022-10-03T16:24:32,11,1,1,12
2022-10-03T16:33:48,11,1,1,12
2022-10-03T16:43:03,11,1,1,12
2022-10-03T16:52:19,11,1,1,12
2022-10-03T17:01:35,11,1,1,12
2022-10-03T17:10:52,11,1,1,12
2022-10-03T17:20:09,11,1,1,12
2022-10-03T17:29:35,11,1,1,12
2022-10-03T17:38:50,11,1,1,12
2022-10-03T17:48:04,11,1,1,12
2022-10-03T17:57:19,11,1,1,12
2022-10-03T18:06:34,11,1,1,12
2022-10-03T18:15:49,11,1,1,12
2022-10-03T18:25:04,11,1,1,12
2022-10-03T18:34:19,11,1,1,12
2022-10-03T18:43:34,11,1,1,12
2022-10-03T18:52:49,11,1,1,12
2022-10-03T19:02:04,11,1,1,12
2022-10-03T19:11:19,11,1,1,12
2022-10-03T19:20:34,11,1,1,12
2022-10-03T19:29:48,11,1,1,12
2022-10-03T19:39:16,11,1,1,12
2022-10-03T19:48:31,11,1,1,12
2022-10-03T19:57:45,11,1,1,12
2022-10-03T20:07:00,11,1,1,12
2022-10-03T20:16:14,11,1,1,12
2022-10-03T20:25:30,11,1,1,12
2022-10-03T20:34:44,11,1,1,12
2022-10-03T20:43:58,11,1,1,12
2022-10-03T20:53:13,11,1,1,12
2022-10-03T21:02:27,11,1,1,12
2022-10-03T21:11:42,11,1,1,12
2022-10-03T21:20:57,11,1,1,12
2022-10-03T21:30:12,11,1,1,12
2022-10-03T21:39:38,11,1,1,12
2022-10-03T21:48:53,11,1,1,12
2022-10-03T21:58:08,11,1,1,12
2022-10-03T22:07:22,11,1,1,12
2022-10-03T22:16:38,11,1,1,12
2022-10-03T22:25:52,11,1,1,12
2022-10-03T22:35:07,12,0,0,12
2022-10-03T22:44:22,12,0,0,12
2022-10-03T22:53:37,12,0,0,12
2022-10-03T23:02:52,12,0,0,12
2022-10-03T23:12:08,12,0,0,12
2022-10-03T23:21:23,12,0,0,12
2022-10-03T23:30:38,12,0,0,12
2022-10-03T23:40:04,12,0,0,12
2022-10-03T23:49:19,12,0,0,12
2022-10-03T23:58:34,12,0,0,12
2022-10-04T00:07:50,12,0,0,12
2022-10-04T00:17:09,12,0,0,12
2022-10-04T00:26:26,12,0,0,12
2022-10-04T00:35:43,12,0,0,12
2022-10-04T00:45:00,12,0,0,12
2022-10-04T00:54:19,12,0,0,12
2022-10-04T01:03:36,12,0,0,12
2022-10-04T01:12:53,12,0,0,12
2022-10-04T01:22:09,12,0,0,12
2022-10-04T01:31:26,12,0,0,12
2022-10-04T01:40:44,12,0,0,12
2022-10-04T01:50:01,12,0,0,12
2022-10-04T01:59:17,12,0,0,12
2022-10-04T02:08:35,12,0,0,12
2022-10-04T02:17:49,12,0,0,12
2022-10-04T02:27:03,12,0,0,12
2022-10-04T02:36:16,12,0,0,12
2022-10-04T02:45:30,12,0,0,12
2022-10-04T02:54:42,12,0,0,12
2022-10-04T03:03:59,12,0,0,12
2022-10-04T03:13:14,12,0,0,12
2022-10-04T03:22:30,12,0,0,12
2022-10-04T03:31:45,12,0,0,12
2022-10-04T03:41:02,12,0,0,12
2022-10-04T03:50:18,12,0,0,12
2022-10-04T03:59:34,12,0,0,12
2022-10-04T04:18:21,12,0,0,12
2022-10-04T04:28:03,12,0,0,12
2022-10-04T04:37:20,12,0,0,12
2022-10-04T04:46:40,12,0,0,12
2022-10-04T04:55:57,12,0,0,12
2022-10-04T05:05:14,12,0,0,12
2022-10-04T05:14:31,12,0,0,12
2022-10-04T05:23:46,12,0,0,12
2022-10-04T05:33:03,12,0,0,12
2022-10-04T05:42:21,12,0,0,12
2022-10-04T05:51:38,12,0,0,12
2022-10-04T06:00:54,12,0,0,12
2022-10-04T06:10:11,12,0,0,12
2022-10-04T06:19:27,12,0,0,12
2022-10-04T06:28:45,12,0,0,12
2022-10-04T06:38:00,12,0,0,12
2022-10-04T06:47:16,12,0,0,12
2022-10-04T06:56:32,12,0,0,12
2022-10-04T07:05:48,12,0,0,12
2022-10-04T07:15:05,12,0,0,12
2022-10-04T07:24:23,12,0,0,12
2022-10-04T07:33:40,12,0,0,12
2022-10-04T07:42:55,12,0,0,12
2022-10-04T07:52:09,12,0,0,12
2022-10-04T08:01:25,12,0,0,12
2022-10-04T08:10:39,12,0,0,12
2022-10-04T08:19:54,12,0,0,12
2022-10-04T08:29:12,12,0,0,12
2022-10-04T08:38:27,12,0,0,12
2022-10-04T08:47:44,12,0,0,12
2022-10-04T08:57:00,12,0,0,12
2022-10-04T09:06:38,12,0,0,12
2022-10-04T09:15:56,12,0,0,12
2022-10-04T09:25:13,12,0,0,12
2022-10-04T09:34:41,12,0,0,12
2022-10-04T09:43:59,12,0,0,12
2022-10-04T09:53:16,12,0,0,12
2022-10-04T10:02:33,12,0,0,12
2022-10-04T10:11:51,12,0,0,12
2022-10-04T10:21:08,12,0,0,12
2022-10-04T10:30:25,12,0,0,12
2022-10-04T10:39:41,12,0,0,12
2022-10-04T10:48:58,12,0,0,12
2022-10-04T10:58:27,12,0,0,12
2022-10-04T11:07:54,12,0,0,12
2022-10-04T11:17:12,12,0,0,12
2022-10-04T11:26:29,12,0,0,12
2022-10-04T11:35:46,12,0,0,12
2022-10-04T11:45:03,12,0,0,12
2022-10-04T11:54:30,12,0,0,12
2022-10-04T12:03:47,12,0,0,12
2022-10-04T12:13:04,12,0,0,12
2022-10-04T12:22:21,12,0,0,12
2022-10-04T12:31:38,12,0,0,12
2022-10-04T12:40:56,12,0,0,12
2022-10-04T12:50:22,12,0,0,12
2022-10-04T12:59:38,12,0,0,12
2022-10-04T13:08:55,12,0,0,12
2022-10-04T13:18:11,12,0,0,12
2022-10-04T13:27:29,12,0,0,12
2022-10-04T13:36:47,12,0,0,12
2022-10-04T13:46:16,12,0,0,12
2022-10-04T13:55:34,12,0,0,12
2022-10-04T14:04:52,12,0,0,12
2022-10-04T14:14:10,12,0,0,12
2022-10-04T14:23:39,12,0,0,12
2022-10-04T14:32:57,12,0,0,12
2022-10-04T14:42:15,12,0,0,12
2022-10-04T14:51:32,12,0,0,12
2022-10-04T15:00:50,12,0,0,12
2022-10-04T15:10:19,12,0,0,12
2022-10-04T15:19:36,12,0,0,12
2022-10-04T15:28:54,12,0,0,12
2022-10-04T15:38:13,12,0,0,12
2022-10-04T15:47:32,12,0,0,12
2022-10-04T15:56:51,12,0,0,12
2022-10-04T16:06:20,12,0,0,12
2022-10-04T16:15:37,12,0,0,12
2022-10-04T16:24:55,12,0,0,12
2022-10-04T16:34:11,12,0,0,12
2022-10-04T16:43:27,12,0,0,12
2022-10-04T16:52:53,12,0,0,12
2022-10-04T17:02:09,12,0,0,12
2022-10-04T17:11:26,12,0,0,12
2022-10-04T17:20:42,12,0,0,12
2022-10-04T17:29:57,12,0,0,12
2022-10-04T17:39:23,12,0,0,12
2022-10-04T17:48:38,12,0,0,12
2022-10-04T17:57:53,12,0,0,12
2022-10-04T18:07:09,12,0,0,12
2022-10-04T18:16:23,12,0,0,12
2022-10-04T18:25:49,12,0,0,12
2022-10-04T18:35:03,12,0,0,12
2022-10-04T18:44:18,12,0,0,12
2022-10-04T18:53:33,12,0,0,12
2022-10-04T19:02:48,12,0,0,12
2022-10-04T19:12:03,12,0,0,12
2022-10-04T19:21:17,12,0,0,12
2022-10-04T19:30:42,12,0,0,12
2022-10-04T19:39:57,12,0,0,12
2022-10-04T19:49:12,12,0,0,12
2022-10-04T19:58:27,12,0,0,12
2022-10-04T20:07:42,12,0,0,12
2022-10-04T20:16:59,12,0,0,12
2022-10-04T20:26:14,12,0,0,12
2022-10-04T20:35:39,12,0,0,12
2022-10-04T20:44:54,12,0,0,12
2022-10-04T20:54:08,12,0,0,12
2022-10-04T21:03:23,12,0,0,12
2022-10-04T21:12:38,12,0,0,12
2022-10-04T21:21:53,12,0,0,12
2022-10-04T21:31:19,12,0,0,12
2022-10-04T21:40:34,12,0,0,12
2022-10-04T21:49:49,12,0,0,12
2022-10-04T21:59:03,12,0,0,12
2022-10-04T22:08:18,12,0,0,12
2022-10-04T22:17:33,12,0,0,12
2022-10-04T22:26:47,12,0,0,12
2022-10-04T22:36:02,12,0,0,12
2022-10-04T22:45:17,11,1,0,12
2022-10-04T22:54:43,11,1,0,12
2022-10-04T23:03:57,11,1,0,12
2022-10-04T23:13:12,11,1,0,12
2022-10-04T23:22:27,11,1,0,12
2022-10-04T23:31:41,11,1,0,12
2022-10-04T23:40:59,11,1,0,12
2022-10-04T23:50:14,11,1,0,12
2022-10-04T23:59:28,11,1,0,12
2022-10-05T00:08:43,11,1,0,12
2022-10-05T00:18:02,11,1,0,12
2022-10-05T00:27:17,11,1,0,12
2022-10-05T00:36:35,11,1,0,12
2022-10-05T00:45:52,11,1,0,12
2022-10-05T00:55:09,11,1,0,12
2022-10-05T01:04:26,11,1,0,12
2022-10-05T01:13:54,11,1,0,12
2022-10-05T01:23:11,11,1,0,12
2022-10-05T01:32:29,11,1,0,12
2022-10-05T01:41:45,11,1,0,12
2022-10-05T01:51:01,11,1,0,12
2022-10-05T02:00:16,11,1,0,12
2022-10-05T02:09:33,11,1,0,12
2022-10-05T02:18:50,11,1,0,12
2022-10-05T02:28:07,11,1,0,12
2022-10-05T02:37:23,11,1,0,12
2022-10-05T02:46:38,11,1,0,12
2022-10-05T02:55:53,11,1,0,12
2022-10-05T03:05:07,11,1,0,12
2022-10-05T03:14:23,11,1,0,12
2022-10-05T03:23:37,11,1,0,12
2022-10-05T03:32:53,11,1,0,12
2022-10-05T03:42:09,11,1,0,12
2022-10-05T03:53:48,11,1,0,12
2022-10-05T04:03:05,11,1,0,12
2022-10-05T04:12:21,11,1,0,12
2022-10-05T04:32:17,11,1,0,12
2022-10-05T04:41:57,11,1,0,12
2022-10-05T04:51:15,11,1,0,12
2022-10-05T05:00:33,11,1,0,12
2022-10-05T05:09:51,11,1,0,12
2022-10-05T05:19:07,11,1,0,12
2022-10-05T05:28:21,11,1,0,12
2022-10-05T05:37:35,11,1,0,12
2022-10-05T05:46:50,11,1,0,12
2022-10-05T05:56:05,11,1,0,12
2022-10-05T06:05:21,11,1,0,12
2022-10-05T06:14:36,11,1,0,12
2022-10-05T06:23:51,11,1,0,12
2022-10-05T06:33:07,11,1,0,12
2022-10-05T06:42:21,11,1,0,12
2022-10-05T06:51:35,11,1,0,12
2022-10-05T07:00:49,11,1,0,12
2022-10-05T07:10:04,11,1,0,12
2022-10-05T07:19:18,11,1,0,12
2022-10-05T07:28:32,11,1,0,12
2022-10-05T07:37:47,11,1,0,12
2022-10-05T07:47:02,11,1,0,12
2022-10-05T07:56:17,11,1,0,12
2022-10-05T08:05:31,11,1,0,12
2022-10-05T08:14:47,11,1,0,12
2022-10-05T08:24:03,11,1,0,12
2022-10-05T08:33:19,11,1,0,12
2022-10-05T08:42:38,11,1,0,12
2022-10-05T08:51:54,11,1,0,12
2022-10-05T09:01:18,11,1,0,12
2022-10-05T09:10:36,11,1,0,12
2022-10-05T09:19:53,11,1,0,12
2022-10-05T09:29:09,11,1,0,12
2022-10-05T09:38:25,11,1,0,12
2022-10-05T09:47:41,11,1,0,12
2022-10-05T09:56:58,11,1,0,12
2022-10-05T10:06:22,11,1,0,12
2022-10-05T10:15:51,11,1,0,12
2022-10-05T10:25:07,11,1,0,12
2022-10-05T10:34:23,11,1,0,12
2022-10-05T10:43:42,11,1,0,12
2022-10-05T10:53:00,11,1,0,12
2022-10-05T11:02:21,11,1,0,12
2022-10-05T11:11:43,11,1,0,12
2022-10-05T11:21:15,11,1,0,12
2022-10-05T11:30:32,11,1,0,12
2022-10-05T11:39:49,11,1,0,12
2022-10-05T11:49:05,11,1,0,12
2022-10-05T11:58:22,11,1,0,12
2022-10-05T12:07:38,11,1,0,12
2022-10-05T12:17:04,11,1,0,12
2022-10-05T12:26:20,11,1,0,12
2022-10-05T12:35:36,11,1,0,12
2022-10-05T12:44:51,11,1,0,12
2022-10-05T12:54:08,11,1,0,12
2022-10-05T13:03:24,11,1,0,12
2022-10-05T13:12:41,11,1,0,12
2022-10-05T13:22:08,11,1,0,12
2022-10-05T13:31:25,11,1,0,12
2022-10-05T13:40:41,11,1,0,12
2022-10-05T13:49:58,11,1,0,12
2022-10-05T13:59:16,11,1,0,12
2022-10-05T14:08:33,11,1,0,12
2022-10-05T14:17:49,11,1,0,12
2022-10-05T14:27:05,11,1,0,12
2022-10-05T14:36:33,11,1,0,12
2022-10-05T14:45:50,11,1,0,12
2022-10-05T14:55:07,11,1,0,12
2022-10-05T15:04:24,11,1,0,12
2022-10-05T15:13:40,11,1,0,12
2022-10-05T15:22:56,11,1,0,12
2022-10-05T15:32:12,11,1,0,12
2022-10-05T15:41:39,11,1,0,12
2022-10-05T15:50:54,11,1,0,12
2022-10-05T16:00:11,11,1,0,12
2022-10-05T16:09:28,11,1,0,12
2022-10-05T16:18:43,11,1,0,12
2022-10-05T16:27:59,11,1,0,12
2022-10-05T16:37:24,11,1,0,12
2022-10-05T16:46:40,11,1,0,12
2022-10-05T16:55:55,11,1,0,12
2022-10-05T17:05:11,11,1,0,12
2022-10-05T17:14:27,11,1,0,12
2022-10-05T17:23:41,11,1,0,12
2022-10-05T17:32:56,11,1,0,12
2022-10-05T17:42:12,11,1,0,12
2022-10-05T17:51:29,11,1,0,12
2022-10-05T18:00:44,11,1,0,12
2022-10-05T18:10:13,11,1,0,12
2022-10-05T18:19:29,11,1,0,12
2022-10-05T18:28:43,11,1,0,12
2022-10-05T18:37:58,11,1,0,12
2022-10-05T18:47:12,11,1,0,12
2022-10-05T18:56:27,11,1,0,12
2022-10-05T19:05:43,11,1,0,12
2022-10-05T19:14:57,11,1,0,12
2022-10-05T19:24:11,11,1,0,12
2022-10-05T19:33:36,11,1,0,12
2022-10-05T19:42:50,11,1,0,12
2022-10-05T19:52:04,11,1,0,12
2022-10-05T20:01:18,11,1,0,12
2022-10-05T20:10:33,11,1,0,12
2022-10-05T20:19:46,11,1,0,12
2022-10-05T20:29:00,11,1,0,12
2022-10-05T20:38:14,11,1,0,12
2022-10-05T20:47:28,11,1,0,12
2022-10-05T20:56:43,11,1,0,12
2022-10-05T21:05:58,11,1,0,12
2022-10-05T21:15:12,11,1,0,12
2022-10-05T21:24:26,11,1,0,12
2022-10-05T21:33:51,11,1,0,12
2022-10-05T21:43:05,11,1,0,12
2022-10-05T21:52:19,11,1,0,12
2022-10-05T22:01:33,11,1,0,12
2022-10-05T22:10:48,11,1,0,12
2022-10-05T22:20:02,11,1,0,12
2022-10-05T22:29:16,11,1,0,12
2022-10-05T22:38:30,11,1,0,12
2022-10-05T22:47:45,11,1,0,12
2022-10-05T22:57:09,11,1,0,12
2022-10-05T23:06:24,11,1,0,12
2022-10-05T23:15:39,11,1,0,12
2022-10-05T23:25:05,11,1,0,12
2022-10-05T23:34:20,11,1,0,12
2022-10-05T23:43:34,11,1,0,12
2022-10-05T23:52:48,11,1,0,12
2022-10-06T00:02:03,11,1,0,12
2022-10-06T00:11:19,11,1,0,12
2022-10-06T00:20:36,11,1,0,12
2022-10-06T00:29:53,11,1,0,12
2022-10-06T00:39:10,11,1,0,12
2022-10-06T00:48:26,11,1,0,12
2022-10-06T00:57:43,11,1,0,12
2022-10-06T01:06:59,11,1,0,12
2022-10-06T01:16:18,11,1,0,12
2022-10-06T01:25:35,11,1,0,12
2022-10-06T01:34:52,11,1,0,12
2022-10-06T01:44:20,11,1,0,12
2022-10-06T01:53:36,11,1,0,12
2022-10-06T02:02:52,11,1,0,12
2022-10-06T02:12:07,11,1,0,12
2022-10-06T02:21:20,11,1,0,12
2022-10-06T02:30:34,11,1,0,12
2022-10-06T02:39:48,11,1,0,12
2022-10-06T02:49:04,11,1,0,12
2022-10-06T02:58:20,11,1,0,12
2022-10-06T03:07:35,11,1,0,12
2022-10-06T03:16:51,11,1,0,12
2022-10-06T03:26:05,11,1,0,12
2022-10-06T03:35:20,11,1,0,12
2022-10-06T03:44:36,11,1,0,12
2022-10-06T03:53:53,11,1,0,12
2022-10-06T04:03:09,11,1,0,12
2022-10-06T04:20:40,11,1,0,12
2022-10-06T04:31:15,11,1,0,12
2022-10-06T04:40:48,11,1,0,12
2022-10-06T04:50:04,11,1,0,12
2022-10-06T04:59:18,11,1,0,12
2022-10-06T05:08:33,11,1,0,12
2022-10-06T05:17:48,11,1,0,12
2022-10-06T05:27:01,11,1,0,12
2022-10-06T05:36:19,11,1,0,12
2022-10-06T05:45:35,11,1,0,12
2022-10-06T05:54:54,11,1,0,12
2022-10-06T06:04:13,11,1,0,12
2022-10-06T06:13:31,11,1,0,12
2022-10-06T06:22:49,11,1,0,12
2022-10-06T06:32:07,11,1,0,12
2022-10-06T06:41:24,11,1,0,12
2022-10-06T06:50:41,11,1,0,12
2022-10-06T06:59:59,11,1,0,12
2022-10-06T07:09:16,11,1,0,12
2022-10-06T07:18:32,11,1,0,12
2022-10-06T07:27:48,11,1,0,12
2022-10-06T07:37:07,11,1,0,12
2022-10-06T07:46:25,11,1,0,12
2022-10-06T07:55:45,11,1,0,12
2022-10-06T08:05:02,11,1,0,12
2022-10-06T08:14:19,11,1,0,12
2022-10-06T08:23:36,11,1,0,12
2022-10-06T08:32:53,11,1,0,12
2022-10-06T08:42:09,11,1,0,12
2022-10-06T08:51:25,11,1,0,12
2022-10-06T09:00:42,11,1,0,12
2022-10-06T09:10:09,11,1,0,12
2022-10-06T09:19:25,11,1,0,12
2022-10-06T09:28:42,11,1,0,12
2022-10-06T09:38:00,11,1,0,12
2022-10-06T09:47:16,11,1,0,12
2022-10-06T09:56:35,11,1,0,12
2022-10-06T10:05:53,11,1,0,12
2022-10-06T10:15:11,11,1,0,12
2022-10-06T10:24:40,11,1,0,12
2022-10-06T10:33:57,11,1,0,12
2022-10-06T10:43:15,11,1,0,12
2022-10-06T10:52:43,11,1,0,12
2022-10-06T11:02:01,11,1,0,12
2022-10-06T11:11:19,11,1,0,12
2022-10-06T11:20:36,11,1,0,12
2022-10-06T11:30:12,11,1,0,12
2022-10-06T11:39:29,11,1,0,12
2022-10-06T11:48:46,11,1,0,12
2022-10-06T11:58:04,11,1,0,12
2022-10-06T12:07:21,11,1,0,12
2022-10-06T12:16:39,11,1,0,12
2022-10-06T12:25:56,11,1,0,12
2022-10-06T12:35:13,11,1,0,12
2022-10-06T12:44:30,11,1,0,12
2022-10-06T12:53:57,11,1,0,12
2022-10-06T13:03:13,11,1,0,12
2022-10-06T13:12:30,11,1,0,12
2022-10-06T13:21:48,11,1,0,12
2022-10-06T13:31:08,11,1,0,12
2022-10-06T13:40:28,11,1,0,12
2022-10-06T13:49:45,11,1,0,12
2022-10-06T13:59:03,11,1,0,12
2022-10-06T14:08:40,11,1,0,12
2022-10-06T14:17:58,11,1,0,12
2022-10-06T14:27:15,11,1,0,12
2022-10-06T14:36:33,11,1,0,12
2022-10-06T14:45:50,11,1,0,12
2022-10-06T14:55:08,11,1,0,12
2022-10-06T15:04:38,11,1,0,12
2022-10-06T15:13:56,11,1,0,12
2022-10-06T15:23:13,11,1,0,12
2022-10-06T15:32:31,11,1,0,12
2022-10-06T15:41:48,11,1,0,12
2022-10-06T15:51:05,11,1,0,12
2022-10-06T16:00:30,11,1,0,12
2022-10-06T16:09:56,11,1,0,12
2022-10-06T16:19:24,11,1,0,12
2022-10-06T16:28:53,11,1,0,12
2022-10-06T16:38:42,11,1,0,12
2022-10-06T16:48:13,11,1,0,12
2022-10-06T16:57:45,11,1,0,12
2022-10-06T17:07:16,11,1,0,12
2022-10-06T17:16:53,11,1,0,12
2022-10-06T17:26:38,11,1,0,12
2022-10-06T17:36:08,11,1,0,12
2022-10-06T17:45:37,11,1,0,12
2022-10-06T17:55:17,11,1,0,12
2022-10-06T18:04:45,11,1,0,12
2022-10-06T18:14:14,11,1,0,12
2022-10-06T18:23:43,11,1,0,12
2022-10-06T18:33:11,11,1,0,12
2022-10-06T18:42:38,11,1,0,12
2022-10-06T18:52:05,11,1,0,12
2022-10-06T19:01:29,11,1,0,12
2022-10-06T19:10:52,11,1,0,12
2022-10-06T19:20:15,11,1,0,12
2022-10-06T19:29:33,11,1,0,12
2022-10-06T19:39:03,11,1,0,12
2022-10-06T19:48:21,11,1,0,12
2022-10-06T19:57:36,11,1,0,12
2022-10-06T20:06:50,11,1,0,12
2022-10-06T20:16:04,11,1,0,12
2022-10-06T20:25:20,11,1,0,12
2022-10-06T20:34:34,11,1,0,12
2022-10-06T20:43:47,11,1,0,12
2022-10-06T20:53:02,11,1,0,12
2022-10-06T21:02:15,11,1,0,12
2022-10-06T21:11:48,11,1,0,12
2022-10-06T21:21:02,11,1,0,12
2022-10-06T21:30:16,11,1,0,12
2022-10-06T21:39:30,11,1,0,12
2022-10-06T21:48:43,11,1,0,12
2022-10-06T21:57:57,11,1,0,12
2022-10-06T22:07:11,11,1,0,12
2022-10-06T22:16:25,11,1,0,12
2022-10-06T22:25:39,11,1,0,12
2022-10-06T22:34:54,11,1,0,12
2022-10-06T22:44:09,11,1,0,12
2022-10-06T22:53:36,11,1,0,12
2022-10-06T23:02:53,11,1,0,12
2022-10-06T23:12:10,11,1,0,12
2022-10-06T23:21:27,11,1,0,12
2022-10-06T23:30:44,11,1,0,12
2022-10-06T23:40:01,11,1,0,12
2022-10-06T23:49:17,11,1,0,12
2022-10-06T23:58:34,11,1,0,12
2022-10-07T00:07:52,11,1,0,12
2022-10-07T00:17:11,11,1,0,12
2022-10-07T00:26:30,11,1,0,12
2022-10-07T00:35:48,11,1,0,12
2022-10-07T00:45:17,11,1,0,12
2022-10-07T00:54:34,11,1,0,12
2022-10-07T01:03:50,11,1,0,12
2022-10-07T01:13:06,11,1,0,12
2022-10-07T01:22:22,11,1,0,12
2022-10-07T01:31:40,11,1,0,12
2022-10-07T01:40:57,11,1,0,12
2022-10-07T01:50:14,11,1,0,12
2022-10-07T01:59:28,11,1,0,12
2022-10-07T02:08:44,11,1,0,12
2022-10-07T02:18:01,11,1,0,12
2022-10-07T02:27:18,11,1,0,12
2022-10-07T02:36:34,11,1,0,12
2022-10-07T02:45:49,11,1,0,12
2022-10-07T02:55:04,11,1,0,12
2022-10-07T03:04:19,11,1,0,12
2022-10-07T03:13:35,11,1,0,12
2022-10-07T03:22:50,11,1,0,12
2022-10-07T03:32:06,11,1,0,12
2022-10-07T03:41:23,11,1,0,12
2022-10-07T03:50:40,11,1,0,12
2022-10-07T03:59:57,11,1,0,12
2022-10-07T04:09:13,11,1,0,12
2022-10-07T04:18:28,11,1,0,12
2022-10-07T04:31:13,11,1,0,12
2022-10-07T04:40:54,11,1,0,12
2022-10-07T04:50:13,11,1,0,12
2022-10-07T04:59:30,11,1,0,12
2022-10-07T05:08:50,11,1,0,12
2022-10-07T05:18:05,11,1,0,12
2022-10-07T05:27:20,11,1,0,12
2022-10-07T05:36:34,11,1,0,12
2022-10-07T05:45:47,11,1,0,12
2022-10-07T05:55:04,11,1,0,12
2022-10-07T06:04:21,11,1,0,12
2022-10-07T06:13:39,11,1,0,12
2022-10-07T06:22:54,11,1,0,12
2022-10-07T06:32:09,11,1,0,12
2022-10-07T06:41:24,11,1,0,12
2022-10-07T06:50:40,11,1,0,12
2022-10-07T06:59:56,11,1,0,12
2022-10-07T07:09:13,11,1,0,12
2022-10-07T07:18:29,11,1,0,12
2022-10-07T07:27:45,11,1,0,12
2022-10-07T07:37:02,11,1,0,12
2022-10-07T07:46:18,11,1,0,12
2022-10-07T07:55:35,11,1,0,12
2022-10-07T08:04:53,11,1,0,12
2022-10-07T08:14:11,11,1,0,12
2022-10-07T08:23:29,11,1,0,12
2022-10-07T08:32:51,11,1,0,12
2022-10-07T08:42:08,11,1,0,12
2022-10-07T08:51:25,11,1,0,12
2022-10-07T09:00:44,11,1,0,12
2022-10-07T09:10:22,11,1,0,12
2022-10-07T09:19:41,11,1,0,12
2022-10-07T09:29:00,11,1,0,12
2022-10-07T09:38:19,11,1,0,12
2022-10-07T09:47:48,11,1,0,12
2022-10-07T09:57:08,11,1,0,12
2022-10-07T10:06:28,11,1,0,12
2022-10-07T10:15:47,11,1,0,12
2022-10-07T10:25:08,11,1,0,12
2022-10-07T10:34:29,11,1,0,12
2022-10-07T10:43:48,11,1,0,12
2022-10-07T10:53:19,11,1,0,12
2022-10-07T11:02:39,11,1,0,12
2022-10-07T11:11:59,11,1,0,12
2022-10-07T11:21:17,11,1,0,12
2022-10-07T11:30:36,11,1,0,12
2022-10-07T11:39:54,11,1,0,12
2022-10-07T11:49:12,11,1,0,12
2022-10-07T11:58:31,11,1,0,12
2022-10-07T12:07:50,11,1,0,12
2022-10-07T12:17:19,11,1,0,12
2022-10-07T12:26:40,11,1,0,12
2022-10-07T12:36:02,11,1,0,12
2022-10-07T12:45:23,11,1,0,12
2022-10-07T12:54:43,11,1,0,12
2022-10-07T13:04:04,11,1,0,12
2022-10-07T13:13:25,11,1,0,12
2022-10-07T13:22:46,11,1,0,12
2022-10-07T13:32:07,11,1,0,12
2022-10-07T13:41:29,11,1,0,12
2022-10-07T13:51:02,11,1,0,12
2022-10-07T14:00:24,11,1,0,12
2022-10-07T14:09:46,11,1,0,12
2022-10-07T14:19:07,11,1,0,12
2022-10-07T14:28:27,11,1,0,12
2022-10-07T14:37:47,11,1,0,12
2022-10-07T14:47:05,11,1,0,12
2022-10-07T14:56:24,11,1,0,12
2022-10-07T15:05:43,11,1,0,12
2022-10-07T15:15:02,11,1,0,12
2022-10-07T15:24:31,11,1,0,12
2022-10-07T15:33:49,11,1,0,12
2022-10-07T15:43:07,11,1,0,12
2022-10-07T15:52:26,11,1,0,12
2022-10-07T16:01:45,11,1,0,12
2022-10-07T16:11:03,11,1,0,12
2022-10-07T16:20:20,11,1,0,12
2022-10-07T16:29:38,11,1,0,12
2022-10-07T16:38:55,11,1,0,12
2022-10-07T16:48:13,11,1,0,12
2022-10-07T16:57:32,11,1,0,12
2022-10-07T17:06:49,11,1,0,12
2022-10-07T17:16:18,11,1,0,12
2022-10-07T17:25:35,11,1,0,12
2022-10-07T17:34:52,11,1,0,12
2022-10-07T17:44:11,11,1,0,12
2022-10-07T17:53:28,11,1,0,12
2022-10-07T18:02:46,11,1,0,12
2022-10-07T18:12:03,11,1,0,12
2022-10-07T18:21:19,11,1,0,12
2022-10-07T18:30:35,11,1,0,12
2022-10-07T18:39:51,11,1,0,12
2022-10-07T18:49:06,11,1,0,12
2022-10-07T18:58:21,11,1,0,12
2022-10-07T19:07:37,11,1,0,12
2022-10-07T19:17:03,11,1,0,12
2022-10-07T19:26:19,11,1,0,12
2022-10-07T19:35:35,11,1,0,12
2022-10-07T19:44:51,11,1,0,12
2022-10-07T19:54:06,11,1,0,12
2022-10-07T20:03:21,11,1,0,12
2022-10-07T20:12:37,11,1,0,12
2022-10-07T20:21:51,11,1,0,12
2022-10-07T20:31:08,11,1,0,12
2022-10-07T20:40:23,11,1,0,12
2022-10-07T20:49:38,11,1,0,12
2022-10-07T20:58:52,11,1,0,12
2022-10-07T21:08:07,11,1,0,12
2022-10-07T21:17:24,11,1,0,12
2022-10-07T21:26:39,11,1,0,12
2022-10-07T21:35:55,11,1,0,12
2022-10-07T21:45:10,11,1,0,12
2022-10-07T21:54:26,11,1,0,12
2022-10-07T22:03:41,11,1,0,12
2022-10-07T22:12:57,11,1,0,12
2022-10-07T22:22:12,11,1,0,12
2022-10-07T22:31:26,11,1,0,12
2022-10-07T22:40:52,11,1,0,12
2022-10-07T22:50:07,11,1,0,12
2022-10-07T22:59:21,11,1,0,12
2022-10-07T23:08:37,11,1,0,12
2022-10-07T23:17:53,11,1,0,12
2022-10-07T23:27:09,11,1,0,12
2022-10-07T23:36:24,11,1,0,12
2022-10-07T23:45:39,11,1,0,12
2022-10-07T23:54:54,11,1,0,12
2022-10-08T00:04:10,11,1,0,12
2022-10-08T00:13:27,11,1,0,12
2022-10-08T00:22:45,11,1,0,12
2022-10-08T00:32:01,11,1,0,12
2022-10-08T00:41:19,11,1,0,12
2022-10-08T00:50:36,11,1,0,12
2022-10-08T00:59:53,11,1,0,12
2022-10-08T01:09:11,11,1,0,12
2022-10-08T01:18:28,11,1,0,12
2022-10-08T01:27:47,11,1,0,12
2022-10-08T01:37:05,11,1,0,12
2022-10-08T01:46:22,11,1,0,12
2022-10-08T01:55:37,11,1,0,12
2022-10-08T02:04:53,11,1,0,12
2022-10-08T02:14:08,11,1,0,12
2022-10-08T02:23:22,11,1,0,12
2022-10-08T02:32:37,11,1,0,12
2022-10-08T02:41:51,11,1,0,12
2022-10-08T02:51:06,11,1,0,12
2022-10-08T03:00:20,11,1,0,12
2022-10-08T03:09:34,11,1,0,12
2022-10-08T03:18:48,11,1,0,12
2022-10-08T03:28:02,11,1,0,12
2022-10-08T03:37:17,11,1,0,12
2022-10-08T03:48:39,11,1,0,12
2022-10-08T03:58:18,11,1,0,12
2022-10-08T04:07:36,11,1,0,12
2022-10-08T04:30:17,11,1,0,12
2022-10-08T04:39:48,11,1,0,12
2022-10-08T04:49:05,11,1,0,12
2022-10-08T04:58:20,11,1,0,12
2022-10-08T05:07:36,11,1,0,12
2022-10-08T05:16:52,11,1,0,12
2022-10-08T05:26:38,11,1,0,12
2022-10-08T05:35:55,11,1,0,12
2022-10-08T05:45:14,11,1,0,12
2022-10-08T05:54:32,11,1,0,12
2022-10-08T06:03:51,11,1,0,12
2022-10-08T06:13:10,11,1,0,12
2022-10-08T06:22:29,11,1,0,12
2022-10-08T06:31:50,11,1,0,12
2022-10-08T06:41:10,11,1,0,12
2022-10-08T06:50:30,11,1,0,12
2022-10-08T06:59:48,11,1,0,12
2022-10-08T07:09:08,11,1,0,12
2022-10-08T07:18:29,11,1,0,12
2022-10-08T07:27:49,11,1,0,12
2022-10-08T07:37:09,11,1,0,12
2022-10-08T07:46:29,11,1,0,12
2022-10-08T07:55:49,11,1,0,12
2022-10-08T08:05:08,11,1,0,12
2022-10-08T08:14:27,11,1,0,12
2022-10-08T08:23:47,11,1,0,12
2022-10-08T08:33:06,11,1,0,12
2022-10-08T08:42:24,11,1,0,12
2022-10-08T08:51:43,11,1,0,12
2022-10-08T09:01:01,11,1,0,12
2022-10-08T09:10:20,11,1,0,12
2022-10-08T09:19:38,11,1,0,12
2022-10-08T09:28:57,11,1,0,12
2022-10-08T09:38:16,11,1,0,12
2022-10-08T09:47:35,11,1,0,12
2022-10-08T09:56:58,11,1,0,12
2022-10-08T10:06:17,11,1,0,12
2022-10-08T10:15:35,11,1,0,12
2022-10-08T10:24:53,11,1,0,12
2022-10-08T10:34:11,11,1,0,12
2022-10-08T10:43:27,11,1,0,12
2022-10-08T10:52:44,11,1,0,12
2022-10-08T11:02:02,11,1,0,12
2022-10-08T11:11:18,11,1,0,12
2022-10-08T11:20:36,11,1,0,12
2022-10-08T11:29:53,11,1,0,12
2022-10-08T11:39:11,11,1,0,12
2022-10-08T11:48:29,11,1,0,12
2022-10-08T11:57:45,11,1,0,12
2022-10-08T12:07:02,11,1,0,12
2022-10-08T12:16:18,11,1,0,12
2022-10-08T12:25:44,11,1,0,12
2022-10-08T12:35:00,11,1,0,12
2022-10-08T12:44:16,11,1,0,12
2022-10-08T12:53:32,11,1,0,12
2022-10-08T13:02:51,11,1,0,12
2022-10-08T13:12:09,11,1,0,12
2022-10-08T13:21:26,11,1,0,12
2022-10-08T13:30:43,11,1,0,12
2022-10-08T13:39:59,11,1,0,12
2022-10-08T13:49:16,11,1,0,12
2022-10-08T13:58:34,11,1,0,12
2022-10-08T14:07:52,11,1,0,12
2022-10-08T14:17:09,11,1,0,12
2022-10-08T14:26:26,11,1,0,12
2022-10-08T14:35:46,11,1,0,12
2022-10-08T14:45:04,11,1,0,12
2022-10-08T14:54:20,11,1,0,12
2022-10-08T15:03:37,11,1,0,12
2022-10-08T15:12:54,11,1,0,12
2022-10-08T15:22:13,11,1,0,12
2022-10-08T15:31:31,11,1,0,12
2022-10-08T15:40:47,11,1,0,12
2022-10-08T15:50:04,11,1,0,12
2022-10-08T15:59:24,11,1,0,12
2022-10-08T16:08:40,11,1,0,12
2022-10-08T16:17:57,11,1,0,12
2022-10-08T16:27:14,11,1,0,12
2022-10-08T16:36:40,11,1,0,12
2022-10-08T16:45:57,11,1,0,12
2022-10-08T16:55:13,11,1,0,12
2022-10-08T17:04:30,11,1,0,12
2022-10-08T17:13:47,11,1,0,12
2022-10-08T17:23:04,11,1,0,12
2022-10-08T17:32:20,11,1,0,12
2022-10-08T17:41:35,11,1,0,12
2022-10-08T17:50:50,11,1,0,12
2022-10-08T18:00:05,11,1,0,12
2022-10-08T18:09:20,11,1,0,12
2022-10-08T18:18:36,11,1,0,12
2022-10-08T18:27:51,11,1,0,12
2022-10-08T18:37:05,11,1,0,12
2022-10-08T18:46:21,11,1,0,12
2022-10-08T18:55:37,11,1,0,12
2022-10-08T19:04:52,11,1,0,12
2022-10-08T19:14:07,11,1,0,12
2022-10-08T19:23:21,11,1,0,12
2022-10-08T19:32:35,11,1,0,12
2022-10-08T19:41:50,11,1,0,12
2022-10-08T19:51:04,11,1,0,12
2022-10-08T20:00:19,11,1,0,12
2022-10-08T20:09:33,11,1,0,12
2022-10-08T20:18:47,11,1,0,12
2022-10-08T20:28:02,11,1,0,12
2022-10-08T20:37:16,11,1,0,12
2022-10-08T20:46:31,11,1,0,12
2022-10-08T20:55:46,11,1,0,12
2022-10-08T21:05:00,11,1,0,12
2022-10-08T21:14:14,11,1,0,12
2022-10-08T21:23:29,11,1,0,12
2022-10-08T21:32:43,11,1,0,12
2022-10-08T21:41:58,11,1,0,12
2022-10-08T21:51:12,11,1,0,12
2022-10-08T22:00:27,11,1,0,12
2022-10-08T22:09:42,11,1,0,12
2022-10-08T22:18:57,11,1,0,12
2022-10-08T22:28:12,11,1,0,12
2022-10-08T22:37:27,11,1,0,12
2022-10-08T22:46:41,11,1,0,12
2022-10-08T22:55:55,11,1,0,12
2022-10-08T23:05:10,11,1,0,12
2022-10-08T23:14:28,11,1,0,12
2022-10-08T23:23:45,11,1,0,12
2022-10-08T23:33:00,11,1,0,12
2022-10-08T23:42:15,11,1,0,12
2022-10-08T23:51:30,11,1,0,12
2022-10-09T00:00:45,11,1,0,12
2022-10-09T00:10:01,11,1,0,12
2022-10-09T00:19:22,11,1,0,12
2022-10-09T00:28:38,11,1,0,12
2022-10-09T00:37:54,11,1,0,12
2022-10-09T00:47:09,11,1,0,12
2022-10-09T00:56:24,11,1,0,12
2022-10-09T01:05:39,11,1,0,12
2022-10-09T01:14:54,11,1,0,12
2022-10-09T01:24:08,11,1,0,12
2022-10-09T01:33:23,11,1,0,12
2022-10-09T01:42:38,11,1,0,12
2022-10-09T01:51:53,11,1,0,12
2022-10-09T02:01:09,11,1,0,12
2022-10-09T02:10:27,11,1,0,12
2022-10-09T02:19:41,11,1,0,12
2022-10-09T02:28:55,11,1,0,12
2022-10-09T02:38:15,11,1,0,12
2022-10-09T02:47:34,11,1,0,12
2022-10-09T02:56:56,11,1,0,12
2022-10-09T03:06:14,11,1,0,12
2022-10-09T03:15:33,11,1,0,12
2022-10-09T03:24:53,11,1,0,12
2022-10-09T03:34:12,11,1,0,12
2022-10-09T03:43:32,11,1,0,12
2022-10-09T03:52:52,11,1,0,12
2022-10-09T04:02:11,11,1,0,12
2022-10-09T04:23:20,11,1,0,12
2022-10-09T04:34:03,11,1,0,12
2022-10-09T04:43:22,11,1,0,12
2022-10-09T04:52:41,11,1,0,12
2022-10-09T05:02:01,11,1,0,12
2022-10-09T05:11:19,11,1,0,12
2022-10-09T05:20:36,11,1,0,12
2022-10-09T05:29:51,11,1,0,12
2022-10-09T05:39:07,11,1,0,12
2022-10-09T05:48:24,11,1,0,12
2022-10-09T05:57:43,11,1,0,12
2022-10-09T06:07:00,11,1,0,12
2022-10-09T06:16:20,11,1,0,12
2022-10-09T06:25:39,11,1,0,12
2022-10-09T06:34:59,11,1,0,12
2022-10-09T06:44:15,11,1,0,12
2022-10-09T06:53:32,11,1,0,12
2022-10-09T07:02:48,11,1,0,12
2022-10-09T07:12:05,11,1,0,12
2022-10-09T07:21:23,11,1,0,12
2022-10-09T07:30:40,11,1,0,12
2022-10-09T07:39:58,11,1,0,12
2022-10-09T07:49:15,11,1,0,12
2022-10-09T07:58:32,11,1,0,12
2022-10-09T08:07:49,11,1,0,12
2022-10-09T08:17:06,11,1,0,12
2022-10-09T08:26:25,11,1,0,12
2022-10-09T08:35:43,11,1,0,12
2022-10-09T08:44:59,11,1,0,12
2022-10-09T08:54:15,11,1,0,12
2022-10-09T09:03:31,11,1,0,12
2022-10-09T09:12:47,11,1,0,12
2022-10-09T09:22:04,11,1,0,12
2022-10-09T09:31:20,11,1,0,12
2022-10-09T09:40:36,11,1,0,12
2022-10-09T09:49:52,11,1,0,12
2022-10-09T09:59:09,11,1,0,12
2022-10-09T10:08:26,11,1,0,12
2022-10-09T10:17:42,11,1,0,12
2022-10-09T10:26:58,11,1,0,12
2022-10-09T10:36:15,11,1,0,12
2022-10-09T10:45:31,11,1,0,12
2022-10-09T10:54:50,11,1,0,12
2022-10-09T11:04:06,11,1,0,12
2022-10-09T11:13:23,11,1,0,12
2022-10-09T11:22:40,11,1,0,12
2022-10-09T11:31:59,11,1,0,12
2022-10-09T11:41:17,11,1,0,12
2022-10-09T11:50:34,11,1,0,12
2022-10-09T11:59:51,11,1,0,12
2022-10-09T12:09:08,11,1,0,12
2022-10-09T12:18:24,11,1,0,12
2022-10-09T12:27:40,11,1,0,12
2022-10-09T12:36:57,11,1,0,12
2022-10-09T12:46:13,11,1,0,12
2022-10-09T12:55:29,11,1,0,12
2022-10-09T13:04:46,11,1,0,12
2022-10-09T13:14:04,11,1,0,12
2022-10-09T13:23:20,11,1,0,12
2022-10-09T13:32:37,11,1,0,12
2022-10-09T13:41:53,11,1,0,12
2022-10-09T13:51:11,11,1,0,12
2022-10-09T14:00:28,11,1,0,12
2022-10-09T14:09:45,11,1,0,12
2022-10-09T14:19:01,11,1,0,12
2022-10-09T14:28:18,11,1,0,12
2022-10-09T14:37:34,11,1,0,12
2022-10-09T14:46:51,11,1,0,12
2022-10-09T14:56:08,11,1,0,12
2022-10-09T15:02:21,11,1,0,12
2022-10-09T15:11:49,11,1,0,12
2022-10-09T15:21:06,11,1,0,12
2022-10-09T15:30:23,11,1,0,12
2022-10-09T15:39:40,11,1,0,12
2022-10-09T15:48:57,11,1,0,12
2022-10-09T15:58:14,11,1,0,12
2022-10-09T16:07:30,11,1,0,12
2022-10-09T16:16:47,11,1,0,12
2022-10-09T16:26:03,11,1,0,12
2022-10-09T16:35:20,11,1,0,12
2022-10-09T16:44:37,11,1,0,12
2022-10-09T16:53:54,11,1,0,12
2022-10-09T17:03:12,11,1,0,12
2022-10-09T17:12:29,11,1,0,12
2022-10-09T17:21:44,11,1,0,12
2022-10-09T17:31:02,11,1,0,12
2022-10-09T17:40:18,11,1,0,12
2022-10-09T17:49:33,11,1,0,12
2022-10-09T17:58:49,11,1,0,12
2022-10-09T18:08:05,11,1,0,12
2022-10-09T18:17:20,11,1,0,12
2022-10-09T18:26:35,11,1,0,12
2022-10-09T18:35:53,11,1,0,12
2022-10-09T18:45:11,11,1,0,12
2022-10-09T18:54:26,11,1,0,12
2022-10-09T19:03:42,11,1,0,12
2022-10-09T19:13:09,11,1,0,12
2022-10-09T19:22:24,11,1,0,12
2022-10-09T19:31:40,11,1,0,12
2022-10-09T19:40:55,11,1,0,12
2022-10-09T19:50:11,11,1,0,12
2022-10-09T19:59:27,11,1,0,12
2022-10-09T20:08:46,11,1,0,12
2022-10-09T20:18:03,11,1,0,12
2022-10-09T20:27:18,11,1,0,12
2022-10-09T20:36:34,11,1,0,12
2022-10-09T20:45:50,11,1,0,12
2022-10-09T20:55:06,11,1,0,12
2022-10-09T21:04:23,11,1,0,12
2022-10-09T21:13:38,11,1,0,12
2022-10-09T21:22:54,11,1,0,12
2022-10-09T21:32:12,11,1,0,12
2022-10-09T21:41:28,11,1,0,12
2022-10-09T21:50:45,11,1,0,12
2022-10-09T22:00:01,11,1,0,12
2022-10-09T22:09:17,11,1,0,12
2022-10-09T22:18:34,11,1,0,12
2022-10-09T22:27:49,11,1,0,12
2022-10-09T22:37:14,11,1,0,12
2022-10-09T22:46:30,11,1,0,12
2022-10-09T22:55:45,11,1,0,12
2022-10-09T23:05:02,11,1,0,12
2022-10-09T23:14:19,11,1,0,12
2022-10-09T23:23:35,11,1,0,12
2022-10-09T23:32:51,11,1,0,12
2022-10-09T23:42:06,11,1,0,12
2022-10-09T23:51:21,11,1,0,12
2022-10-10T00:00:38,11,1,0,12
2022-10-10T00:09:58,11,1,0,12
2022-10-10T00:19:23,11,1,0,12
2022-10-10T00:28:43,11,1,0,12
2022-10-10T00:38:06,11,1,0,12
2022-10-10T00:47:23,11,1,0,12
2022-10-10T00:56:40,11,1,0,12
2022-10-10T01:05:55,11,1,0,12
2022-10-10T01:15:10,11,1,0,12
2022-10-10T01:24:26,11,1,0,12
2022-10-10T01:33:40,11,1,0,12
2022-10-10T01:43:02,11,1,0,12
2022-10-10T01:52:21,11,1,0,12
2022-10-10T02:01:40,11,1,0,12
2022-10-10T02:11:01,11,1,0,12
2022-10-10T02:20:20,11,1,0,12
2022-10-10T02:29:37,11,1,0,12
2022-10-10T02:38:55,11,1,0,12
2022-10-10T02:48:12,11,1,0,12
2022-10-10T02:57:27,11,1,0,12
2022-10-10T03:06:43,11,1,0,12
2022-10-10T03:15:59,11,1,0,12
2022-10-10T03:25:15,11,1,0,12
2022-10-10T03:34:33,11,1,0,12
2022-10-10T03:43:51,11,1,0,12
2022-10-10T03:53:09,11,1,0,12
2022-10-10T04:04:03,11,1,0,12
2022-10-10T04:25:34,11,1,0,12
2022-10-10T04:35:14,11,1,0,12
2022-10-10T04:44:34,11,1,0,12
2022-10-10T04:53:54,11,1,0,12
2022-10-10T05:03:14,11,1,0,12
2022-10-10T05:12:32,11,1,0,12
2022-10-10T05:21:49,11,1,0,12
2022-10-10T05:31:04,11,1,0,12
2022-10-10T05:40:19,11,1,0,12
2022-10-10T05:49:36,11,1,0,12
2022-10-10T05:58:54,11,1,0,12
2022-10-10T06:08:13,11,1,0,12
2022-10-10T06:17:31,11,1,0,12
2022-10-10T06:26:49,11,1,0,12
2022-10-10T06:36:06,11,1,0,12
2022-10-10T06:45:24,11,1,0,12
2022-10-10T06:54:40,11,1,0,12
2022-10-10T07:03:58,11,1,0,12
2022-10-10T07:13:17,11,1,0,12
2022-10-10T07:22:34,11,1,0,12
2022-10-10T07:31:53,11,1,0,12
2022-10-10T07:41:13,11,1,0,12
2022-10-10T07:50:32,11,1,0,12
2022-10-10T07:59:50,11,1,0,12
2022-10-10T08:09:09,11,1,0,12
2022-10-10T08:18:27,11,1,0,12
2022-10-10T08:27:46,11,1,0,12
2022-10-10T08:37:05,11,1,0,12
2022-10-10T08:46:28,11,1,0,12
2022-10-10T08:55:47,11,1,0,12
2022-10-10T09:05:21,11,1,0,12
2022-10-10T09:14:41,11,1,0,12
2022-10-10T09:24:00,11,1,0,12
2022-10-10T09:33:20,11,1,0,12
2022-10-10T09:42:38,11,1,0,12
2022-10-10T09:51:58,11,1,0,12
2022-10-10T10:01:17,11,1,0,12
2022-10-10T10:10:35,11,1,0,12
2022-10-10T10:20:03,11,1,0,12
2022-10-10T10:29:23,11,1,0,12
2022-10-10T10:38:46,11,1,0,12
2022-10-10T10:48:05,11,1,0,12
2022-10-10T10:57:24,11,1,0,12
2022-10-10T11:06:43,11,1,0,12
2022-10-10T11:16:03,11,1,0,12
2022-10-10T11:25:23,11,1,0,12
2022-10-10T11:34:42,11,1,0,12
2022-10-10T11:44:01,11,1,0,12
2022-10-10T11:53:20,11,1,0,12
2022-10-10T12:02:39,11,1,0,12
2022-10-10T12:11:59,11,1,0,12
2022-10-10T12:21:19,11,1,0,12
2022-10-10T12:30:37,11,1,0,12
2022-10-10T12:40:05,11,1,0,12
2022-10-10T12:49:26,11,1,0,12
2022-10-10T12:58:44,11,1,0,12
2022-10-10T13:08:03,11,1,0,12
2022-10-10T13:17:23,11,1,0,12
2022-10-10T13:26:42,11,1,0,12
2022-10-10T13:36:01,11,1,0,12
2022-10-10T13:45:22,11,1,0,12
2022-10-10T13:54:41,11,1,0,12
2022-10-10T14:04:02,11,1,0,12
2022-10-10T14:13:21,11,1,0,12
2022-10-10T14:22:40,11,1,0,12
2022-10-10T14:31:59,11,1,0,12
2022-10-10T14:41:32,11,1,0,12
2022-10-10T14:50:53,11,1,0,12
2022-10-10T15:00:12,11,1,0,12
2022-10-10T15:09:33,11,1,0,12
2022-10-10T15:18:59,11,1,0,12
2022-10-10T15:28:18,11,1,0,12
2022-10-10T15:37:39,11,1,0,12
2022-10-10T15:46:59,11,1,0,12
2022-10-10T15:56:20,11,1,0,12
2022-10-10T16:05:51,11,1,0,12
2022-10-10T16:15:11,11,1,0,12
2022-10-10T16:24:29,11,1,0,12
2022-10-10T16:33:47,11,1,0,12
2022-10-10T16:43:05,11,1,0,12
2022-10-10T16:52:22,11,1,0,12
2022-10-10T17:01:40,11,1,0,12
2022-10-10T17:10:58,11,1,0,12
2022-10-10T17:20:17,11,1,0,12
2022-10-10T17:29:34,11,1,0,12
2022-10-10T17:38:52,11,1,0,12
2022-10-10T17:48:10,11,1,0,12
2022-10-10T17:57:27,11,1,0,12
2022-10-10T18:06:45,11,1,0,12
2022-10-10T18:16:03,11,1,0,12
2022-10-10T18:25:21,11,1,0,12
2022-10-10T18:34:47,11,1,0,12
2022-10-10T18:44:03,11,1,0,12
2022-10-10T18:53:19,11,1,0,12
2022-10-10T19:02:35,11,1,0,12
2022-10-10T19:11:51,11,1,0,12
2022-10-10T19:21:06,11,1,0,12
2022-10-10T19:30:21,11,1,0,12
2022-10-10T19:39:38,11,1,0,12
2022-10-10T19:48:54,11,1,0,12
2022-10-10T19:58:11,11,1,0,12
2022-10-10T20:07:26,11,1,0,12
2022-10-10T20:16:42,11,1,0,12
2022-10-10T20:25:58,11,1,0,12
2022-10-10T20:35:15,11,1,0,12
2022-10-10T20:44:30,11,1,0,12
2022-10-10T20:53:45,11,1,0,12
2022-10-10T21:03:01,11,1,0,12
2022-10-10T21:12:17,11,1,0,12
2022-10-10T21:21:44,11,1,0,12
2022-10-10T21:31:00,11,1,0,12
2022-10-10T21:40:16,11,1,0,12
2022-10-10T21:49:31,11,1,0,12
2022-10-10T21:58:47,11,1,0,12
2022-10-10T22:08:02,11,1,0,12
2022-10-10T22:17:18,11,1,0,12
2022-10-10T22:26:34,11,1,0,12
2022-10-10T22:35:50,11,1,0,12
2022-10-10T22:45:05,11,1,0,12
2022-10-10T22:54:20,11,1,0,12
2022-10-10T23:03:37,11,1,0,12
2022-10-10T23:12:55,11,1,0,12
2022-10-10T23:22:11,11,1,0,12
2022-10-10T23:31:27,11,1,0,12
2022-10-10T23:40:43,11,1,0,12
2022-10-10T23:49:58,11,1,0,12
2022-10-10T23:59:14,11,1,0,12
2022-10-11T00:08:31,11,1,0,12
2022-10-11T00:17:50,11,1,0,12
2022-10-11T00:27:08,11,1,0,12
2022-10-11T00:36:26,11,1,0,12
2022-10-11T00:45:45,11,1,0,12
2022-10-11T00:55:04,11,1,0,12
2022-10-11T01:04:22,11,1,0,12
2022-10-11T01:13:40,11,1,0,12
2022-10-11T01:22:59,11,1,0,12
2022-10-11T01:32:18,11,1,0,12
2022-10-11T01:41:37,11,1,0,12
2022-10-11T01:50:55,11,1,0,12
2022-10-11T02:00:11,11,1,0,12
2022-10-11T02:09:28,11,1,0,12
2022-10-11T02:18:42,11,1,0,12
2022-10-11T02:27:57,11,1,0,12
2022-10-11T02:37:12,11,1,0,12
2022-10-11T02:46:26,11,1,0,12
2022-10-11T02:55:41,11,1,0,12
2022-10-11T03:04:59,11,1,0,12
2022-10-11T03:14:18,11,1,0,12
2022-10-11T03:23:36,11,1,0,12
2022-10-11T03:32:52,11,1,0,12
2022-10-11T03:42:11,11,1,0,12
2022-10-11T03:51:29,11,1,0,12
2022-10-11T04:00:46,11,1,0,12
2022-10-11T04:16:45,11,1,0,12
2022-10-11T04:27:07,11,1,0,12
2022-10-11T04:36:45,11,1,0,12
2022-10-11T04:46:06,11,1,0,12
2022-10-11T04:55:30,11,1,0,12
2022-10-11T05:04:54,11,1,0,12
2022-10-11T05:14:16,11,1,0,12
2022-10-11T05:23:33,11,1,0,12
2022-10-11T05:32:51,11,1,0,12
2022-10-11T05:42:10,11,1,0,12
2022-10-11T05:51:29,11,1,0,12
2022-10-11T06:00:49,11,1,0,12
2022-10-11T06:10:09,11,1,0,12
2022-10-11T06:19:29,11,1,0,12
2022-10-11T06:28:48,11,1,0,12
2022-10-11T06:38:07,11,1,0,12
2022-10-11T06:47:25,11,1,0,12
2022-10-11T06:56:42,11,1,0,12
2022-10-11T07:06:01,11,1,0,12
2022-10-11T07:15:18,11,1,0,12
2022-10-11T07:24:36,11,1,0,12
2022-10-11T07:33:54,11,1,0,12
2022-10-11T07:43:12,11,1,0,12
2022-10-11T07:52:32,11,1,0,12
2022-10-11T08:01:49,11,1,0,12
2022-10-11T08:11:08,11,1,0,12
2022-10-11T08:20:30,11,1,0,12
2022-10-11T08:29:49,11,1,0,12
2022-10-11T08:39:07,11,1,0,12
2022-10-11T08:48:26,11,1,0,12
2022-10-11T08:57:44,11,1,0,12
2022-10-11T09:07:14,11,1,0,12
2022-10-11T09:16:34,11,1,0,12
2022-10-11T09:25:54,11,1,0,12
2022-10-11T09:35:14,11,1,0,12
2022-10-11T09:44:35,11,1,0,12
2022-10-11T09:53:55,11,1,0,12
2022-10-11T10:03:16,11,1,0,12
2022-10-11T10:12:35,11,1,0,12
2022-10-11T10:21:55,11,1,0,12
2022-10-11T10:31:36,11,1,0,12
2022-10-11T10:40:56,11,1,0,12
2022-10-11T10:50:17,11,1,0,12
2022-10-11T10:59:36,11,1,0,12
2022-10-11T11:08:57,11,1,0,12
2022-10-11T11:18:16,11,1,0,12
2022-10-11T11:27:36,11,1,0,12
2022-10-11T11:36:56,11,1,0,12
2022-10-11T11:46:17,11,1,0,12
2022-10-11T11:55:35,11,1,0,12
2022-10-11T12:04:54,11,1,0,12
2022-10-11T12:14:12,11,1,0,12
2022-10-11T12:23:30,11,1,0,12
2022-10-11T12:32:59,11,1,0,12
2022-10-11T12:42:17,11,1,0,12
2022-10-11T12:51:36,11,1,0,12
2022-10-11T13:00:55,11,1,0,12
2022-10-11T13:10:15,11,1,0,12
2022-10-11T13:19:34,11,1,0,12
2022-10-11T13:28:53,11,1,0,12
2022-10-11T13:38:13,11,1,0,12
2022-10-11T13:47:34,11,1,0,12
2022-10-11T13:56:53,11,1,0,12
2022-10-11T14:06:25,11,1,0,12
2022-10-11T14:15:45,11,1,0,12
2022-10-11T14:25:06,11,1,0,12
2022-10-11T14:34:27,11,1,0,12
2022-10-11T14:43:46,11,1,0,12
2022-10-11T14:53:05,11,1,0,12
2022-10-11T15:02:24,11,1,0,12
2022-10-11T15:11:43,11,1,0,12
2022-10-11T15:21:02,11,1,0,12
2022-10-11T15:30:20,11,1,0,12
2022-10-11T15:39:40,11,1,0,12
2022-10-11T15:49:09,11,1,0,12
2022-10-11T15:58:27,11,1,0,12
2022-10-11T16:07:45,11,1,0,12
2022-10-11T16:17:04,11,1,0,12
2022-10-11T16:26:24,11,1,0,12
2022-10-11T16:35:43,11,1,0,12
2022-10-11T16:45:02,11,1,0,12
2022-10-11T16:54:22,11,1,0,12
2022-10-11T17:03:39,11,1,0,12
2022-10-11T17:12:59,11,1,0,12
2022-10-11T17:22:28,11,1,0,12
2022-10-11T17:31:46,11,1,0,12
2022-10-11T17:41:03,11,1,0,12
2022-10-11T17:50:20,11,1,0,12
2022-10-11T17:59:38,11,1,0,12
2022-10-11T18:08:56,11,1,0,12
2022-10-11T18:18:13,11,1,0,12
2022-10-11T18:27:31,11,1,0,12
2022-10-11T18:36:46,11,1,0,12
2022-10-11T18:46:02,11,1,0,12
2022-10-11T18:55:18,11,1,0,12
2022-10-11T19:04:35,11,1,0,12
2022-10-11T19:13:50,11,1,0,12
2022-10-11T19:23:06,11,1,0,12
2022-10-11T19:32:21,11,1,0,12
2022-10-11T19:41:37,11,1,0,12
2022-10-11T19:51:04,11,1,0,12
2022-10-11T20:00:19,11,1,0,12
2022-10-11T20:09:34,11,1,0,12
2022-10-11T20:18:49,11,1,0,12
2022-10-11T20:28:04,11,1,0,12
2022-10-11T20:37:19,11,1,0,12
2022-10-11T20:46:34,11,1,0,12
2022-10-11T20:55:49,11,1,0,12
2022-10-11T21:05:05,11,1,0,12
2022-10-11T21:14:20,11,1,0,12
2022-10-11T21:23:35,11,1,0,12
2022-10-11T21:32:49,11,1,0,12
2022-10-11T21:42:04,11,1,0,12
2022-10-11T21:51:20,11,1,0,12
2022-10-11T22:00:35,11,1,0,12
2022-10-11T22:09:50,11,1,0,12
2022-10-11T22:19:05,11,1,0,12
2022-10-11T22:28:20,11,1,0,12
2022-10-11T22:37:46,11,1,0,12
2022-10-11T22:47:00,11,1,0,12
2022-10-11T22:56:15,11,1,0,12
2022-10-11T23:05:32,11,1,0,12
2022-10-11T23:14:48,11,1,0,12
2022-10-11T23:24:03,11,1,0,12
2022-10-11T23:33:19,11,1,0,12
2022-10-11T23:42:34,11,1,0,12
2022-10-11T23:51:49,11,1,0,12
2022-10-12T00:01:04,11,1,0,12
2022-10-12T00:10:19,11,1,0,12
2022-10-12T00:19:35,11,1,0,12
2022-10-12T00:28:49,11,1,0,12
2022-10-12T00:38:03,11,1,0,12
2022-10-12T00:47:18,11,1,0,12
2022-10-12T00:56:33,11,1,0,12
2022-10-12T01:05:51,11,1,0,12
2022-10-12T01:15:08,11,1,0,12
2022-10-12T01:24:22,11,1,0,12
2022-10-12T01:33:37,11,1,0,12
2022-10-12T01:42:53,11,1,0,12
2022-10-12T01:52:06,11,1,0,12
2022-10-12T02:01:19,11,1,0,12
2022-10-12T02:10:34,11,1,0,12
2022-10-12T02:19:50,11,1,0,12
2022-10-12T02:29:05,11,1,0,12
2022-10-12T02:38:21,11,1,0,12
2022-10-12T02:47:36,11,1,0,12
2022-10-12T02:56:49,11,1,0,12
2022-10-12T03:06:03,11,1,0,12
2022-10-12T03:15:15,11,1,0,12
2022-10-12T03:24:27,11,1,0,12
2022-10-12T03:33:40,11,1,0,12
2022-10-12T03:42:57,11,1,0,12
2022-10-12T03:54:32,11,1,0,12
2022-10-12T04:03:48,11,1,0,12
2022-10-12T04:23:23,11,1,0,12
2022-10-12T04:33:08,11,1,0,12
2022-10-12T04:42:32,11,1,0,12
2022-10-12T04:51:55,11,1,0,12
2022-10-12T05:01:17,11,1,0,12
2022-10-12T05:10:41,11,1,0,12
2022-10-12T05:20:02,11,1,0,12
2022-10-12T05:29:18,11,1,0,12
2022-10-12T05:38:35,11,1,0,12
2022-10-12T05:47:51,11,1,0,12
2022-10-12T05:57:09,11,1,0,12
2022-10-12T06:06:35,11,1,0,12
2022-10-12T06:15:54,11,1,0,12
2022-10-12T06:25:11,11,1,0,12
2022-10-12T06:34:27,11,1,0,12
2022-10-12T06:43:43,11,1,0,12
2022-10-12T06:52:59,11,1,0,12
2022-10-12T07:02:15,11,1,0,12
2022-10-12T07:11:33,11,1,0,12
2022-10-12T07:20:50,11,1,0,12
2022-10-12T07:30:09,11,1,0,12
2022-10-12T07:39:28,11,1,0,12
2022-10-12T07:48:47,11,1,0,12
2022-10-12T07:58:05,11,1,0,12
2022-10-12T08:07:23,11,1,0,12
2022-10-12T08:16:40,11,1,0,12
2022-10-12T08:25:57,11,1,0,12
2022-10-12T08:35:16,11,1,0,12
2022-10-12T08:44:35,11,1,0,12
2022-10-12T08:53:53,11,1,0,12
2022-10-12T09:03:10,11,1,0,12
2022-10-12T09:12:31,11,1,0,12
2022-10-12T09:21:49,11,1,0,12
2022-10-12T09:31:07,11,1,0,12
2022-10-12T09:40:26,11,1,0,12
2022-10-12T09:49:44,11,1,0,12
2022-10-12T09:59:01,11,1,0,12
2022-10-12T10:08:21,11,1,0,12
2022-10-12T10:17:41,11,1,0,12
2022-10-12T10:26:59,11,1,0,12
2022-10-12T10:36:18,11,1,0,12
2022-10-12T10:45:47,11,1,0,12
2022-10-12T10:55:05,11,1,0,12
2022-10-12T11:04:23,11,1,0,12
2022-10-12T11:13:41,11,1,0,12
2022-10-12T11:23:00,11,1,0,12
2022-10-12T11:32:18,11,1,0,12
2022-10-12T11:42:51,11,1,0,12
2022-10-12T11:53:26,11,1,0,12
2022-10-12T12:02:44,11,1,0,12
2022-10-12T12:12:03,11,1,0,12
2022-10-12T12:21:21,11,1,0,12
2022-10-12T12:30:49,11,1,0,12
2022-10-12T12:40:07,11,1,0,12
2022-10-12T12:49:25,11,1,0,12
2022-10-12T12:58:43,11,1,0,12
2022-10-12T13:08:02,11,1,0,12
2022-10-12T13:17:21,11,1,0,12
2022-10-12T13:26:41,11,1,0,12
2022-10-12T13:35:59,11,1,0,12
2022-10-12T13:45:18,11,1,0,12
2022-10-12T13:54:37,11,1,0,12
2022-10-12T14:03:56,11,1,0,12
2022-10-12T14:13:15,11,1,0,12
2022-10-12T14:22:44,11,1,0,12
2022-10-12T14:32:03,11,1,0,12
2022-10-12T14:41:21,11,1,0,12
2022-10-12T14:50:39,11,1,0,12
2022-10-12T14:59:58,11,1,0,12
2022-10-12T15:09:17,11,1,0,12
2022-10-12T15:18:36,11,1,0,12
2022-10-12T15:27:56,11,1,0,12
2022-10-12T15:37:15,11,1,0,12
2022-10-12T15:46:34,11,1,0,12
2022-10-12T15:55:55,11,1,0,12
2022-10-12T16:05:14,11,1,0,12
2022-10-12T16:14:32,11,1,0,12
2022-10-12T16:23:51,11,1,0,12
2022-10-12T16:33:22,11,1,0,12
2022-10-12T16:42:41,11,1,0,12
2022-10-12T16:51:59,11,1,0,12
2022-10-12T17:01:18,11,1,0,12
2022-10-12T17:10:36,11,1,0,12
2022-10-12T17:19:55,11,1,0,12
2022-10-12T17:29:13,11,1,0,12
2022-10-12T17:38:30,11,1,0,12
2022-10-12T17:47:48,11,1,0,12
2022-10-12T17:57:05,11,1,0,12
2022-10-12T18:06:22,11,1,0,12
2022-10-12T18:15:39,11,1,0,12
2022-10-12T18:24:56,11,1,0,12
2022-10-12T18:34:13,11,1,0,12
2022-10-12T18:43:28,11,1,0,12
2022-10-12T18:52:43,11,1,0,12
2022-10-12T19:02:00,11,1,0,12
2022-10-12T19:11:17,11,1,0,12
2022-10-12T19:20:32,11,1,0,12
2022-10-12T19:29:58,11,1,0,12
2022-10-12T19:39:14,11,1,0,12
2022-10-12T19:48:30,11,1,0,12
2022-10-12T19:57:46,11,1,0,12
2022-10-12T20:07:01,11,1,0,12
2022-10-12T20:16:17,11,1,0,12
2022-10-12T20:25:33,11,1,0,12
2022-10-12T20:34:50,11,1,0,12
2022-10-12T20:44:06,11,1,0,12
2022-10-12T20:53:21,11,1,0,12
2022-10-12T21:02:37,11,1,0,12
2022-10-12T21:11:53,11,1,0,12
2022-10-12T21:21:09,11,1,0,12
2022-10-12T21:30:25,11,1,0,12
2022-10-12T21:39:41,11,1,0,12
2022-10-12T21:48:59,11,1,0,12
2022-10-12T21:58:15,11,1,0,12
2022-10-12T22:07:30,11,1,0,12
2022-10-12T22:16:46,11,1,0,12
2022-10-12T22:26:11,11,1,0,12
2022-10-12T22:35:26,11,1,0,12
2022-10-12T22:44:42,11,1,0,12
2022-10-12T22:53:57,11,1,0,12
2022-10-12T23:03:12,11,1,0,12
2022-10-12T23:12:29,11,1,0,12
2022-10-12T23:21:44,11,1,0,12
2022-10-12T23:30:59,11,1,0,12
2022-10-12T23:40:15,11,1,0,12
2022-10-12T23:49:29,11,1,0,12
2022-10-12T23:58:45,11,1,0,12
2022-10-13T00:08:02,11,1,0,12
2022-10-13T00:17:19,11,1,0,12
2022-10-13T00:26:39,11,1,0,12
2022-10-13T01:53:52,11,1,0,12
2022-10-13T02:03:32,11,1,0,12
2022-10-13T02:12:49,11,1,0,12
2022-10-13T02:22:04,11,1,0,12
2022-10-13T02:31:21,11,1,0,12
2022-10-13T02:40:44,11,1,0,12
2022-10-13T02:50:02,11,1,0,12
2022-10-13T02:59:20,11,1,0,12
2022-10-13T03:08:39,11,1,0,12
2022-10-13T03:17:57,11,1,0,12
2022-10-13T03:27:12,11,1,0,12
2022-10-13T03:36:29,11,1,0,12
2022-10-13T03:45:47,11,1,0,12
2022-10-13T03:55:05,11,1,0,12
2022-10-13T04:04:23,11,1,0,12
2022-10-13T04:19:43,11,1,0,12
2022-10-13T04:29:03,11,1,0,12
2022-10-13T04:38:22,11,1,0,12
2022-10-13T04:48:47,11,1,0,12
2022-10-13T04:58:21,11,1,0,12
2022-10-13T05:07:39,11,1,0,12
2022-10-13T05:16:57,11,1,0,12
2022-10-13T05:26:15,11,1,0,12
2022-10-13T05:35:32,11,1,0,12
2022-10-13T05:44:46,11,1,0,12
2022-10-13T05:54:04,11,1,0,12
2022-10-13T06:03:21,11,1,0,12
2022-10-13T06:12:40,11,1,0,12
2022-10-13T06:21:58,11,1,0,12
2022-10-13T06:31:15,11,1,0,12
2022-10-13T06:40:31,11,1,0,12
2022-10-13T06:49:48,11,1,0,12
2022-10-13T06:59:04,11,1,0,12
2022-10-13T07:08:22,11,1,0,12
2022-10-13T07:17:39,11,1,0,12
2022-10-13T07:26:56,11,1,0,12
2022-10-13T07:36:14,11,1,0,12
2022-10-13T07:45:32,11,1,0,12
2022-10-13T07:54:50,11,1,0,12
2022-10-13T08:04:08,11,1,0,12
2022-10-13T08:13:29,11,1,0,12
2022-10-13T08:22:47,11,1,0,12
2022-10-13T08:32:04,11,1,0,12
2022-10-13T08:41:21,11,1,0,12
2022-10-13T08:50:38,11,1,0,12
2022-10-13T08:59:56,11,1,0,12
2022-10-13T09:09:13,11,1,0,12
2022-10-13T09:18:32,11,1,0,12
2022-10-13T09:27:50,11,1,0,12
2022-10-13T09:37:09,11,1,0,12
2022-10-13T09:46:28,11,1,0,12
2022-10-13T09:55:50,11,1,0,12
2022-10-13T10:05:10,11,1,0,12
2022-10-13T10:14:29,11,1,0,12
2022-10-13T10:23:47,11,1,0,12
2022-10-13T10:33:06,11,1,0,12
2022-10-13T10:42:23,11,1,0,12
2022-10-13T10:51:40,11,1,0,12
2022-10-13T11:01:10,11,1,0,12
2022-10-13T11:10:29,11,1,0,12
2022-10-13T11:19:48,11,1,0,12
2022-10-13T11:29:23,11,1,0,12
2022-10-13T11:38:44,11,1,0,12
2022-10-13T11:48:03,11,1,0,12
2022-10-13T11:57:21,11,1,0,12
2022-10-13T12:06:40,11,1,0,12
2022-10-13T12:15:58,11,1,0,12
2022-10-13T12:25:16,11,1,0,12
2022-10-13T12:34:35,11,1,0,12
2022-10-13T12:43:53,11,1,0,12
2022-10-13T12:53:12,11,1,0,12
2022-10-13T13:02:31,11,1,0,12
2022-10-13T13:11:49,11,1,0,12
2022-10-13T13:21:08,11,1,0,12
2022-10-13T13:30:36,11,1,0,12
2022-10-13T13:39:55,11,1,0,12
2022-10-13T13:49:13,11,1,0,12
2022-10-13T13:58:31,11,1,0,12
2022-10-13T14:07:50,11,1,0,12
2022-10-13T14:17:10,11,1,0,12
2022-10-13T14:26:29,11,1,0,12
2022-10-13T14:35:47,11,1,0,12
2022-10-13T14:45:05,11,1,0,12
2022-10-13T14:54:23,11,1,0,12
2022-10-13T15:03:52,11,1,0,12
2022-10-13T15:13:10,11,1,0,12
2022-10-13T15:22:28,11,1,0,12
2022-10-13T15:31:46,11,1,0,12
2022-10-13T15:41:04,11,1,0,12
2022-10-13T15:50:22,11,1,0,12
2022-10-13T15:59:40,11,1,0,12
2022-10-13T16:08:58,11,1,0,12
2022-10-13T16:18:17,11,1,0,12
2022-10-13T16:27:34,11,1,0,12
2022-10-13T16:36:51,11,1,0,12
2022-10-13T16:46:09,11,1,0,12
2022-10-13T16:55:26,11,1,0,12
2022-10-13T17:04:43,11,1,0,12
2022-10-13T17:14:01,11,1,0,12
2022-10-13T17:23:18,11,1,0,12
2022-10-13T17:32:34,11,1,0,12
2022-10-13T17:41:52,11,1,0,12
2022-10-13T17:51:09,11,1,0,12
2022-10-13T18:00:38,11,1,0,12
2022-10-13T18:09:56,11,1,0,12
2022-10-13T18:19:14,11,1,0,12
2022-10-13T18:28:31,11,1,0,12
2022-10-13T18:37:49,11,1,0,12
2022-10-13T18:47:05,11,1,0,12
2022-10-13T18:56:21,11,1,0,12
2022-10-13T19:05:38,11,1,0,12
2022-10-13T19:14:53,11,1,0,12
2022-10-13T19:24:09,11,1,0,12
2022-10-13T19:33:26,11,1,0,12
2022-10-13T19:42:42,11,1,0,12
2022-10-13T19:51:58,11,1,0,12
2022-10-13T20:01:13,11,1,0,12
2022-10-13T20:10:27,11,1,0,12
2022-10-13T20:19:42,11,1,0,12
2022-10-13T20:28:56,11,1,0,12
2022-10-13T20:38:12,11,1,0,12
2022-10-13T20:47:27,11,1,0,12
2022-10-13T20:56:42,11,1,0,12
2022-10-13T21:05:57,11,1,0,12
2022-10-13T21:15:14,11,1,0,12
2022-10-13T21:24:30,11,1,0,12
2022-10-13T21:33:45,11,1,0,12
2022-10-13T21:43:00,11,1,0,12
2022-10-13T21:52:27,11,1,0,12
2022-10-13T22:01:42,11,1,0,12
2022-10-13T22:10:57,11,1,0,12
2022-10-13T22:20:14,11,1,0,12
2022-10-13T22:29:31,11,1,0,12
2022-10-13T22:38:45,11,1,0,12
2022-10-13T22:48:00,11,1,0,12
2022-10-13T22:57:14,11,1,0,12
2022-10-13T23:06:30,11,1,0,12
2022-10-13T23:15:45,11,1,0,12
2022-10-13T23:25:01,11,1,0,12
2022-10-13T23:34:16,11,1,0,12
2022-10-13T23:43:31,11,1,0,12
2022-10-13T23:52:46,11,1,0,12
2022-10-14T00:02:01,11,1,0,12
2022-10-14T00:11:17,11,1,0,12
2022-10-14T00:20:38,11,1,0,12
2022-10-14T00:29:56,11,1,0,12
2022-10-14T00:39:13,11,1,0,12
2022-10-14T00:48:31,11,1,0,12
2022-10-14T00:57:49,11,1,0,12
2022-10-14T01:07:07,11,1,0,12
2022-10-14T01:16:25,11,1,0,12
2022-10-14T01:25:44,11,1,0,12
2022-10-14T01:35:02,11,1,0,12
2022-10-14T01:44:20,11,1,0,12
2022-10-14T01:53:37,11,1,0,12
2022-10-14T02:02:55,11,1,0,12
2022-10-14T02:12:14,11,1,0,12
2022-10-14T02:21:32,11,1,0,12
2022-10-14T02:30:50,11,1,0,12
2022-10-14T02:40:07,11,1,0,12
2022-10-14T02:49:23,11,1,0,12
2022-10-14T02:58:39,11,1,0,12
2022-10-14T03:07:55,11,1,0,12
2022-10-14T03:17:11,11,1,0,12
2022-10-14T03:26:29,11,1,0,12
2022-10-14T03:35:48,11,1,0,12
2022-10-14T03:45:07,11,1,0,12
2022-10-14T03:54:26,11,1,0,12
2022-10-14T04:03:44,11,1,0,12
2022-10-14T04:13:03,11,1,0,12
2022-10-14T04:26:40,11,1,0,12
2022-10-14T04:36:19,11,1,0,12
2022-10-14T04:45:39,11,1,0,12
2022-10-14T04:54:58,11,1,0,12
2022-10-14T05:04:17,11,1,0,12
2022-10-14T05:13:34,11,1,0,12
2022-10-14T05:22:49,11,1,0,12
2022-10-14T05:32:05,11,1,0,12
2022-10-14T05:42:27,11,1,0,12
2022-10-14T05:52:00,11,1,0,12
2022-10-14T06:01:19,11,1,0,12
2022-10-14T06:10:37,11,1,0,12
2022-10-14T06:19:57,11,1,0,12
2022-10-14T06:29:16,11,1,0,12
2022-10-14T06:38:34,11,1,0,12
2022-10-14T06:47:50,11,1,0,12
2022-10-14T06:57:06,11,1,0,12
2022-10-14T07:06:31,11,1,0,12
2022-10-14T07:15:56,11,1,0,12
2022-10-14T07:25:22,11,1,0,12
2022-10-14T07:34:47,11,1,0,12
2022-10-14T07:44:12,11,1,0,12
2022-10-14T07:53:39,11,1,0,12
2022-10-14T08:03:04,11,1,0,12
2022-10-14T08:12:29,11,1,0,12
2022-10-14T08:21:55,11,1,0,12
2022-10-14T08:31:19,11,1,0,12
2022-10-14T08:40:45,11,1,0,12
2022-10-14T08:50:07,11,1,0,12
2022-10-14T08:59:29,11,1,0,12
2022-10-14T09:08:48,11,1,0,12
2022-10-14T09:18:08,11,1,0,12
2022-10-14T09:27:28,11,1,0,12
2022-10-14T09:36:48,11,1,0,12
2022-10-14T09:46:07,11,1,0,12
2022-10-14T09:55:27,11,1,0,12
2022-10-14T10:04:46,11,1,0,12
2022-10-14T10:14:05,11,1,0,12
2022-10-14T10:23:24,11,1,0,12
2022-10-14T10:32:42,11,1,0,12
2022-10-14T10:42:01,11,1,0,12
2022-10-14T10:51:21,11,1,0,12
2022-10-14T11:00:41,11,1,0,12
2022-10-14T11:10:10,11,1,0,12
2022-10-14T11:19:30,11,1,0,12
2022-10-14T11:28:50,11,1,0,12
2022-10-14T11:38:10,11,1,0,12
2022-10-14T11:47:29,11,1,0,12
2022-10-14T11:56:49,11,1,0,12
2022-10-14T12:06:09,11,1,0,12
2022-10-14T12:15:28,11,1,0,12
2022-10-14T12:24:47,11,1,0,12
2022-10-14T12:34:06,11,1,0,12
2022-10-14T12:43:25,11,1,0,12
2022-10-14T12:52:44,11,1,0,12
2022-10-14T13:02:14,11,1,0,12
2022-10-14T13:11:32,11,1,0,12
2022-10-14T13:20:52,11,1,0,12
2022-10-14T13:30:12,11,1,0,12
2022-10-14T13:39:31,11,1,0,12
2022-10-14T13:48:50,11,1,0,12
2022-10-14T13:58:08,11,1,0,12
2022-10-14T14:07:27,11,1,0,12
2022-10-14T14:16:47,11,1,0,12
2022-10-14T14:26:06,11,1,0,12
2022-10-14T14:35:24,11,1,0,12
2022-10-14T14:44:43,11,1,0,12
2022-10-14T14:54:02,11,1,0,12
2022-10-14T15:03:22,11,1,0,12
2022-10-14T15:12:42,11,1,0,12
2022-10-14T15:22:14,11,1,0,12
2022-10-14T15:31:33,11,1,0,12
2022-10-14T15:40:52,11,1,0,12
2022-10-14T15:50:11,11,1,0,12
2022-10-14T15:59:30,11,1,0,12
2022-10-14T16:08:50,11,1,0,12
2022-10-14T16:18:08,11,1,0,12
2022-10-14T16:27:26,11,1,0,12
2022-10-14T16:36:44,11,1,0,12
2022-10-14T16:46:02,11,1,0,12
2022-10-14T16:55:20,11,1,0,12
2022-10-14T17:04:38,11,1,0,12
2022-10-14T17:13:57,11,1,0,12
2022-10-14T17:23:15,11,1,0,12
2022-10-14T17:32:33,11,1,0,12
2022-10-14T17:41:50,11,1,0,12
2022-10-14T17:51:08,11,1,0,12
2022-10-14T18:00:25,11,1,0,12
2022-10-14T18:09:43,11,1,0,12
2022-10-14T18:19:01,11,1,0,12
2022-10-14T18:28:20,11,1,0,12
2022-10-14T18:37:37,11,1,0,12
2022-10-14T18:47:03,11,1,0,12
2022-10-14T18:56:21,11,1,0,12
2022-10-14T19:05:38,11,1,0,12
2022-10-14T19:14:54,11,1,0,12
2022-10-14T19:24:10,11,1,0,12
2022-10-14T19:33:26,11,1,0,12
2022-10-14T19:42:43,11,1,0,12
2022-10-14T19:51:59,11,1,0,12
2022-10-14T20:01:15,11,1,0,12
2022-10-14T20:10:31,11,1,0,12
2022-10-14T20:19:46,11,1,0,12
2022-10-14T20:29:03,11,1,0,12
2022-10-14T20:38:19,11,1,0,12
2022-10-14T20:47:34,11,1,0,12
2022-10-14T20:56:49,11,1,0,12
2022-10-14T21:06:05,11,1,0,12
2022-10-14T21:15:21,11,1,0,12
2022-10-14T21:24:38,11,1,0,12
2022-10-14T21:33:57,11,1,0,12
2022-10-14T21:43:13,11,1,0,12
2022-10-14T21:52:29,11,1,0,12
2022-10-14T22:01:44,11,1,0,12
2022-10-14T22:11:00,11,1,0,12
2022-10-14T22:20:16,11,1,0,12
2022-10-14T22:29:34,11,1,0,12
2022-10-14T22:38:49,11,1,0,12
2022-10-14T22:48:04,11,1,0,12
2022-10-14T22:57:20,11,1,0,12
2022-10-14T23:06:37,11,1,0,12
2022-10-14T23:15:53,11,1,0,12
2022-10-14T23:25:09,11,1,0,12
2022-10-14T23:34:25,11,1,0,12
2022-10-14T23:43:41,11,1,0,12
2022-10-14T23:52:57,11,1,0,12
2022-10-15T00:02:15,11,1,0,12
2022-10-15T00:11:41,11,1,0,12
2022-10-15T00:21:03,11,1,0,12
2022-10-15T00:30:21,11,1,0,12
2022-10-15T00:39:40,11,1,0,12
2022-10-15T00:49:01,11,1,0,12
2022-10-15T00:58:22,11,1,0,12
2022-10-15T01:07:41,11,1,0,12
2022-10-15T01:16:59,11,1,0,12
2022-10-15T01:26:16,11,1,0,12
2022-10-15T01:35:35,11,1,0,12
2022-10-15T01:44:54,11,1,0,12
2022-10-15T01:54:11,11,1,0,12
2022-10-15T02:03:28,11,1,0,12
2022-10-15T02:12:44,11,1,0,12
2022-10-15T02:21:59,11,1,0,12
2022-10-15T02:31:14,11,1,0,12
2022-10-15T02:40:30,11,1,0,12
2022-10-15T02:49:46,11,1,0,12
2022-10-15T02:59:02,11,1,0,12
2022-10-15T03:08:19,11,1,0,12
2022-10-15T03:17:35,11,1,0,12
2022-10-15T03:26:50,11,1,0,12
2022-10-15T03:36:05,11,1,0,12
2022-10-15T03:45:24,11,1,0,12
2022-10-15T03:54:43,11,1,0,12
2022-10-15T04:04:01,11,1,0,12
2022-10-15T04:26:21,11,1,0,12
2022-10-15T04:35:41,11,1,0,12
2022-10-15T04:45:00,11,1,0,12
2022-10-15T04:54:18,11,1,0,12
2022-10-15T05:03:35,11,1,0,12
2022-10-15T05:12:50,11,1,0,12
2022-10-15T05:22:11,11,1,0,12
2022-10-15T05:32:10,11,1,0,12
2022-10-15T05:41:30,11,1,0,12
2022-10-15T05:50:48,11,1,0,12
2022-10-15T06:00:08,11,1,0,12
2022-10-15T06:09:28,11,1,0,12
2022-10-15T06:18:51,11,1,0,12
2022-10-15T06:28:11,11,1,0,12
2022-10-15T06:37:31,11,1,0,12
2022-10-15T06:46:51,11,1,0,12
2022-10-15T06:56:11,11,1,0,12
2022-10-15T07:05:32,11,1,0,12
2022-10-15T07:14:54,11,1,0,12
2022-10-15T07:24:17,11,1,0,12
2022-10-15T07:33:39,11,1,0,12
2022-10-15T07:43:00,11,1,0,12
2022-10-15T07:52:21,11,1,0,12
2022-10-15T08:01:42,11,1,0,12
2022-10-15T08:11:04,11,1,0,12
2022-10-15T08:20:26,11,1,0,12
2022-10-15T08:29:48,11,1,0,12
2022-10-15T08:39:08,11,1,0,12
2022-10-15T08:48:27,11,1,0,12
2022-10-15T08:57:47,11,1,0,12
2022-10-15T09:07:06,11,1,0,12
2022-10-15T09:16:25,11,1,0,12
2022-10-15T09:25:44,11,1,0,12
2022-10-15T09:35:04,11,1,0,12
2022-10-15T09:44:24,11,1,0,12
2022-10-15T09:53:43,11,1,0,12
2022-10-15T10:03:04,11,1,0,12
2022-10-15T10:12:24,11,1,0,12
2022-10-15T10:21:43,11,1,0,12
2022-10-15T10:31:03,11,1,0,12
2022-10-15T10:40:20,11,1,0,12
2022-10-15T10:49:37,11,1,0,12
2022-10-15T10:58:53,11,1,0,12
2022-10-15T11:08:11,11,1,0,12
2022-10-15T11:17:28,11,1,0,12
2022-10-15T11:26:45,11,1,0,12
2022-10-15T11:36:03,11,1,0,12
2022-10-15T11:45:20,11,1,0,12
2022-10-15T11:54:36,11,1,0,12
2022-10-15T12:03:55,11,1,0,12
2022-10-15T12:13:12,11,1,0,12
2022-10-15T12:22:32,11,1,0,12
2022-10-15T12:31:48,11,1,0,12
2022-10-15T12:41:06,11,1,0,12
2022-10-15T12:50:23,11,1,0,12
2022-10-15T12:59:39,11,1,0,12
2022-10-15T13:08:55,11,1,0,12
2022-10-15T13:18:13,11,1,0,12
2022-10-15T13:27:29,11,1,0,12
2022-10-15T13:36:45,11,1,0,12
2022-10-15T13:46:02,11,1,0,12
2022-10-15T13:55:20,11,1,0,12
2022-10-15T14:04:37,11,1,0,12
2022-10-15T14:13:55,11,1,0,12
2022-10-15T14:23:12,11,1,0,12
2022-10-15T14:32:28,11,1,0,12
2022-10-15T14:41:46,11,1,0,12
2022-10-15T14:51:05,11,1,0,12
2022-10-15T15:00:21,11,1,0,12
2022-10-15T15:09:40,11,1,0,12
2022-10-15T15:18:56,11,1,0,12
2022-10-15T15:28:13,11,1,0,12
2022-10-15T15:37:30,11,1,0,12
2022-10-15T15:46:48,11,1,0,12
2022-10-15T15:56:05,11,1,0,12
2022-10-15T16:05:21,11,1,0,12
2022-10-15T16:14:39,11,1,0,12
2022-10-15T16:23:56,11,1,0,12
2022-10-15T16:33:13,11,1,0,12
2022-10-15T16:42:31,11,1,0,12
2022-10-15T16:51:48,11,1,0,12
2022-10-15T17:01:15,11,1,0,12
2022-10-15T17:10:34,11,1,0,12
2022-10-15T17:19:52,11,1,0,12
2022-10-15T17:29:10,11,1,0,12
2022-10-15T17:38:28,11,1,0,12
2022-10-15T17:47:45,11,1,0,12
2022-10-15T17:57:03,11,1,0,12
2022-10-15T18:06:20,11,1,0,12
2022-10-15T18:15:37,11,1,0,12
2022-10-15T18:24:53,11,1,0,12
2022-10-15T18:34:11,11,1,0,12
2022-10-15T18:43:26,11,1,0,12
2022-10-15T18:52:41,11,1,0,12
2022-10-15T19:01:57,11,1,0,12
2022-10-15T19:11:13,11,1,0,12
2022-10-15T19:20:29,11,1,0,12
2022-10-15T19:29:44,11,1,0,12
2022-10-15T19:39:00,11,1,0,12
2022-10-15T19:48:15,11,1,0,12
2022-10-15T19:57:31,11,1,0,12
2022-10-15T20:06:46,11,1,0,12
2022-10-15T20:16:02,11,1,0,12
2022-10-15T20:25:18,11,1,0,12
2022-10-15T20:34:33,11,1,0,12
2022-10-15T20:43:50,11,1,0,12
2022-10-15T20:53:05,11,1,0,12
2022-10-15T21:02:20,11,1,0,12
2022-10-15T21:11:36,11,1,0,12
2022-10-15T21:20:52,11,1,0,12
2022-10-15T21:30:07,11,1,0,12
2022-10-15T21:39:22,11,1,0,12
2022-10-15T21:48:38,11,1,0,12
2022-10-15T21:57:53,11,1,0,12
2022-10-15T22:07:08,11,1,0,12
2022-10-15T22:16:24,11,1,0,12
2022-10-15T22:25:40,11,1,0,12
2022-10-15T22:34:55,11,1,0,12
2022-10-15T22:44:11,11,1,0,12
2022-10-15T22:53:27,11,1,0,12
2022-10-15T23:02:43,11,1,0,12
2022-10-15T23:12:01,11,1,0,12
2022-10-15T23:21:18,11,1,0,12
2022-10-15T23:30:33,11,1,0,12
2022-10-15T23:39:49,11,1,0,12
2022-10-15T23:49:04,11,1,0,12
2022-10-15T23:58:20,11,1,0,12
2022-10-16T00:07:36,11,1,0,12
2022-10-16T00:16:52,11,1,0,12
2022-10-16T00:26:08,11,1,0,12
2022-10-16T00:35:23,11,1,0,12
2022-10-16T00:44:38,11,1,0,12
2022-10-16T01:04:13,11,1,0,12
2022-10-16T01:13:30,11,1,0,12
2022-10-16T01:22:50,11,1,0,12
2022-10-16T01:32:10,11,1,0,12
2022-10-16T01:41:31,11,1,0,12
2022-10-16T01:50:50,11,1,0,12
2022-10-16T02:00:11,11,1,0,12
2022-10-16T02:09:32,11,1,0,12
2022-10-16T02:18:51,11,1,0,12
2022-10-16T02:28:10,11,1,0,12
2022-10-16T02:37:28,11,1,0,12
2022-10-16T02:46:45,11,1,0,12
2022-10-16T02:56:01,11,1,0,12
2022-10-16T03:05:17,11,1,0,12
2022-10-16T03:14:35,11,1,0,12
2022-10-16T03:23:54,11,1,0,12
2022-10-16T03:33:11,11,1,0,12
2022-10-16T03:42:29,11,1,0,12
2022-10-16T03:51:48,11,1,0,12
2022-10-16T04:01:07,11,1,0,12
2022-10-16T04:10:26,11,1,0,12
2022-10-16T04:27:25,11,1,0,12
2022-10-16T04:38:17,11,1,0,12
2022-10-16T04:47:37,11,1,0,12
2022-10-16T04:56:57,11,1,0,12
2022-10-16T05:06:14,11,1,0,12
2022-10-16T05:15:31,11,1,0,12
2022-10-16T05:24:46,11,1,0,12
2022-10-16T05:34:01,11,1,0,12
2022-10-16T05:43:17,11,1,0,12
2022-10-16T05:52:34,11,1,0,12
2022-10-16T06:01:53,11,1,0,12
2022-10-16T06:11:13,11,1,0,12
2022-10-16T06:20:32,11,1,0,12
2022-10-16T06:29:50,11,1,0,12
2022-10-16T06:39:08,11,1,0,12
2022-10-16T06:48:24,11,1,0,12
2022-10-16T06:57:41,11,1,0,12
2022-10-16T07:06:58,11,1,0,12
2022-10-16T07:16:17,11,1,0,12
2022-10-16T07:25:35,11,1,0,12
2022-10-16T07:34:53,11,1,0,12
2022-10-16T07:44:12,11,1,0,12
2022-10-16T07:53:30,11,1,0,12
2022-10-16T08:02:48,11,1,0,12
2022-10-16T08:12:06,11,1,0,12
2022-10-16T08:21:27,11,1,0,12
2022-10-16T08:30:46,11,1,0,12
2022-10-16T08:40:04,11,1,0,12
2022-10-16T08:49:21,11,1,0,12
2022-10-16T08:58:38,11,1,0,12
2022-10-16T09:08:03,11,1,0,12
2022-10-16T09:17:21,11,1,0,12
2022-10-16T09:26:39,11,1,0,12
2022-10-16T09:35:56,11,1,0,12
2022-10-16T09:45:15,11,1,0,12
2022-10-16T09:54:31,11,1,0,12
2022-10-16T10:03:49,11,1,0,12
2022-10-16T10:13:06,11,1,0,12
2022-10-16T10:22:23,11,1,0,12
2022-10-16T10:31:40,11,1,0,12
2022-10-16T10:40:58,11,1,0,12
2022-10-16T10:50:16,11,1,0,12
2022-10-16T10:59:33,11,1,0,12
2022-10-16T11:08:51,11,1,0,12
2022-10-16T11:18:08,11,1,0,12
2022-10-16T11:27:26,11,1,0,12
2022-10-16T11:36:43,11,1,0,12
2022-10-16T11:46:00,11,1,0,12
2022-10-16T11:55:18,11,1,0,12
2022-10-16T12:04:45,11,1,0,12
2022-10-16T12:14:02,11,1,0,12
2022-10-16T12:23:20,11,1,0,12
2022-10-16T12:32:36,11,1,0,12
2022-10-16T12:41:54,11,1,0,12
2022-10-16T12:51:11,11,1,0,12
2022-10-16T13:00:29,11,1,0,12
2022-10-16T13:09:46,11,1,0,12
2022-10-16T13:19:04,11,1,0,12
2022-10-16T13:28:22,11,1,0,12
2022-10-16T13:37:40,11,1,0,12
2022-10-16T13:46:57,11,1,0,12
2022-10-16T13:56:15,11,1,0,12
2022-10-16T14:05:32,11,1,0,12
2022-10-16T14:14:51,11,1,0,12
2022-10-16T14:24:09,11,1,0,12
2022-10-16T14:33:26,11,1,0,12
2022-10-16T14:42:53,11,1,0,12
2022-10-16T14:52:10,11,1,0,12
2022-10-16T15:01:28,11,1,0,12
2022-10-16T15:10:46,11,1,0,12
2022-10-16T15:20:04,11,1,0,12
2022-10-16T15:29:22,11,1,0,12
2022-10-16T15:38:39,11,1,0,12
2022-10-16T15:47:57,11,1,0,12
2022-10-16T15:57:15,11,1,0,12
2022-10-16T16:06:34,11,1,0,12
2022-10-16T16:15:52,11,1,0,12
2022-10-16T16:25:09,11,1,0,12
2022-10-16T16:34:27,11,1,0,12
2022-10-16T16:43:45,11,1,0,12
2022-10-16T16:53:02,11,1,0,12
2022-10-16T17:02:29,11,1,0,12
2022-10-16T17:11:47,11,1,0,12
2022-10-16T17:21:05,11,1,0,12
2022-10-16T17:30:22,11,1,0,12
2022-10-16T17:39:40,11,1,0,12
2022-10-16T17:48:58,11,1,0,12
2022-10-16T17:58:15,11,1,0,12
2022-10-16T18:07:33,11,1,0,12
2022-10-16T18:16:50,11,1,0,12
2022-10-16T18:26:08,11,1,0,12
2022-10-16T18:35:26,11,1,0,12
2022-10-16T18:44:41,11,1,0,12
2022-10-16T18:53:57,11,1,0,12
2022-10-16T19:03:15,11,1,0,12
2022-10-16T19:12:32,11,1,0,12
2022-10-16T19:21:48,11,1,0,12
2022-10-16T19:31:05,11,1,0,12
2022-10-16T19:40:21,11,1,0,12
2022-10-16T19:49:47,11,1,0,12
2022-10-16T19:59:03,11,1,0,12
2022-10-16T20:08:20,11,1,0,12
2022-10-16T20:17:36,11,1,0,12
2022-10-16T20:26:52,11,1,0,12
2022-10-16T20:36:08,11,1,0,12
2022-10-16T20:45:24,11,1,0,12
2022-10-16T20:54:40,11,1,0,12
2022-10-16T21:03:55,11,1,0,12
2022-10-16T21:13:12,11,1,0,12
2022-10-16T21:22:28,11,1,0,12
2022-10-16T21:31:45,11,1,0,12
2022-10-16T21:41:01,11,1,0,12
2022-10-16T21:50:17,11,1,0,12
2022-10-16T21:59:33,11,1,0,12
2022-10-16T22:08:49,11,1,0,12
2022-10-16T22:18:06,11,1,0,12
2022-10-16T22:27:23,11,1,0,12
2022-10-16T22:36:40,11,1,0,12
2022-10-16T22:45:56,11,1,0,12
2022-10-16T22:55:13,11,1,0,12
2022-10-16T23:04:41,11,1,0,12
2022-10-16T23:13:58,11,1,0,12
2022-10-16T23:23:15,11,1,0,12
2022-10-16T23:32:32,11,1,0,12
2022-10-16T23:41:48,11,1,0,12
2022-10-16T23:51:04,11,1,0,12
2022-10-17T00:00:20,11,1,0,12
2022-10-17T00:09:37,11,1,0,12
2022-10-17T00:18:56,11,1,0,12
2022-10-17T00:28:15,11,1,0,12
2022-10-17T00:37:42,11,1,0,12
2022-10-17T00:47:14,11,1,0,12
2022-10-17T00:56:35,11,1,0,12
2022-10-17T01:05:53,11,1,0,12
2022-10-17T01:15:10,11,1,0,12
2022-10-17T01:24:32,11,1,0,12
2022-10-17T01:33:52,11,1,0,12
2022-10-17T01:43:11,11,1,0,12
2022-10-17T01:52:29,11,1,0,12
2022-10-17T02:02:00,11,1,0,12
2022-10-17T02:11:20,11,1,0,12
2022-10-17T02:20:37,11,1,0,12
2022-10-17T02:29:55,11,1,0,12
2022-10-17T02:39:12,11,1,0,12
2022-10-17T02:48:28,11,1,0,12
2022-10-17T02:57:45,11,1,0,12
2022-10-17T03:07:01,11,1,0,12
2022-10-17T03:16:19,11,1,0,12
2022-10-17T03:25:37,11,1,0,12
2022-10-17T03:34:55,11,1,0,12
2022-10-17T03:44:14,11,1,0,12
2022-10-17T03:53:32,11,1,0,12
2022-10-17T04:02:50,11,1,0,12
2022-10-17T04:25:16,11,1,0,12
2022-10-17T04:34:54,11,1,0,12
2022-10-17T04:44:15,11,1,0,12
2022-10-17T04:53:35,11,1,0,12
2022-10-17T05:02:55,11,1,0,12
2022-10-17T05:12:12,11,1,0,12
2022-10-17T05:21:29,11,1,0,12
2022-10-17T05:30:45,11,1,0,12
2022-10-17T05:40:02,11,1,0,12
2022-10-17T05:49:19,11,1,0,12
2022-10-17T05:58:40,11,1,0,12
2022-10-17T06:08:00,11,1,0,12
2022-10-17T06:17:21,11,1,0,12
2022-10-17T06:26:42,11,1,0,12
2022-10-17T06:36:00,11,1,0,12
2022-10-17T06:45:19,11,1,0,12
2022-10-17T06:54:37,11,1,0,12
2022-10-17T07:03:56,11,1,0,12
2022-10-17T07:13:15,11,1,0,12
2022-10-17T07:22:35,11,1,0,12
2022-10-17T07:31:54,11,1,0,12
2022-10-17T07:41:14,11,1,0,12
2022-10-17T07:50:50,11,1,0,12
2022-10-17T08:00:10,11,1,0,12
2022-10-17T08:09:30,11,1,0,12
2022-10-17T08:18:48,11,1,0,12
2022-10-17T08:28:09,11,1,0,12
2022-10-17T08:37:28,11,1,0,12
2022-10-17T08:46:48,11,1,0,12
2022-10-17T08:56:07,11,1,0,12
2022-10-17T09:05:29,11,1,0,12
2022-10-17T09:14:50,11,1,0,12
2022-10-17T09:24:10,11,1,0,12
2022-10-17T09:33:31,11,1,0,12
2022-10-17T09:42:54,11,1,0,12
2022-10-17T09:52:13,11,1,0,12
2022-10-17T10:01:34,11,1,0,12
2022-10-17T10:11:18,11,1,0,12
2022-10-17T10:20:40,11,1,0,12
2022-10-17T10:30:00,11,1,0,12
2022-10-17T10:39:20,11,1,0,12
2022-10-17T10:48:40,11,1,0,12
2022-10-17T10:58:00,11,1,0,12
2022-10-17T11:07:20,11,1,0,12
2022-10-17T11:16:40,11,1,0,12
2022-10-17T11:25:59,11,1,0,12
2022-10-17T11:35:19,11,1,0,12
2022-10-17T11:44:52,11,1,0,12
2022-10-17T11:54:12,11,1,0,12
2022-10-17T12:03:31,11,1,0,12
2022-10-17T12:12:59,11,1,0,12
2022-10-17T12:22:20,11,1,0,12
2022-10-17T12:31:40,11,1,0,12
2022-10-17T12:40:59,11,1,0,12
2022-10-17T12:50:19,11,1,0,12
2022-10-17T12:59:39,11,1,0,12
2022-10-17T13:09:18,11,1,0,12
2022-10-17T13:18:39,11,1,0,12
2022-10-17T13:27:59,11,1,0,12
2022-10-17T13:37:19,11,1,0,12
2022-10-17T13:46:40,11,1,0,12
2022-10-17T13:56:01,11,1,0,12
2022-10-17T14:05:22,11,1,0,12
2022-10-17T14:14:42,11,1,0,12
2022-10-17T14:24:03,11,1,0,12
2022-10-17T14:33:22,11,1,0,12
2022-10-17T14:42:55,11,1,0,12
2022-10-17T14:52:15,11,1,0,12
2022-10-17T15:01:34,11,1,0,12
2022-10-17T15:10:54,11,1,0,12
2022-10-17T15:20:14,11,1,0,12
2022-10-17T15:29:35,11,1,0,12
2022-10-17T15:38:56,11,1,0,12
2022-10-17T15:48:15,11,1,0,12
2022-10-17T15:57:46,11,1,0,12
2022-10-17T16:07:06,11,1,0,12
2022-10-17T16:16:25,11,1,0,12
2022-10-17T16:25:45,11,1,0,12
2022-10-17T16:35:04,11,1,0,12
2022-10-17T16:44:23,11,1,0,12
2022-10-17T16:53:42,11,1,0,12
2022-10-17T17:03:01,11,1,0,12
2022-10-17T17:12:20,11,1,0,12
2022-10-17T17:21:50,11,1,0,12
2022-10-17T17:31:09,11,1,0,12
2022-10-17T17:40:28,11,1,0,12
2022-10-17T17:49:47,11,1,0,12
2022-10-17T17:59:05,11,1,0,12
2022-10-17T18:08:25,11,1,0,12
2022-10-17T18:17:44,11,1,0,12
2022-10-17T18:27:03,11,1,0,12
2022-10-17T18:36:21,11,1,0,12
2022-10-17T18:45:59,11,1,0,12
2022-10-17T18:55:17,11,1,0,12
2022-10-17T19:04:36,11,1,0,12
2022-10-17T19:13:55,11,1,0,12
2022-10-17T19:23:14,11,1,0,12
2022-10-17T19:32:32,11,1,0,12
2022-10-17T19:41:52,11,1,0,12
2022-10-17T19:51:10,11,1,0,12
2022-10-17T20:00:26,11,1,0,12
2022-10-17T20:09:43,11,1,0,12
2022-10-17T20:18:59,11,1,0,12
2022-10-17T20:28:27,11,1,0,12
2022-10-17T20:37:43,11,1,0,12
2022-10-17T20:46:59,11,1,0,12
2022-10-17T20:56:15,11,1,0,12
2022-10-17T21:05:32,11,1,0,12
2022-10-17T21:14:49,11,1,0,12
2022-10-17T21:24:05,11,1,0,12
2022-10-17T21:33:22,11,1,0,12
2022-10-17T21:42:38,11,1,0,12
2022-10-17T21:51:55,11,1,0,12
2022-10-17T22:01:11,11,1,0,12
2022-10-17T22:10:28,11,1,0,12
2022-10-17T22:19:45,11,1,0,12
2022-10-17T22:29:30,11,1,0,12
2022-10-17T22:38:47,11,1,0,12
2022-10-17T22:48:02,11,1,0,12
2022-10-17T22:57:18,11,1,0,12
2022-10-17T23:06:38,11,1,0,12
2022-10-17T23:15:56,11,1,0,12
2022-10-17T23:25:17,11,1,0,12
2022-10-17T23:34:41,11,1,0,12
2022-10-17T23:43:59,11,1,0,12
2022-10-17T23:53:16,11,1,0,12
2022-10-18T00:02:32,11,1,0,12
2022-10-18T00:11:49,11,1,0,12
2022-10-18T00:21:09,11,1,0,12
2022-10-18T00:30:37,11,1,0,12
2022-10-18T00:40:10,11,1,0,12
2022-10-18T00:49:30,11,1,0,12
2022-10-18T00:58:49,11,1,0,12
2022-10-18T01:08:08,11,1,0,12
2022-10-18T01:17:27,11,1,0,12
2022-10-18T01:26:47,11,1,0,12
2022-10-18T01:36:06,11,1,0,12
2022-10-18T01:45:25,11,1,0,12
2022-10-18T01:54:43,11,1,0,12
2022-10-18T02:04:00,11,1,0,12
2022-10-18T02:13:18,11,1,0,12
2022-10-18T02:22:34,11,1,0,12
2022-10-18T02:31:51,11,1,0,12
2022-10-18T02:41:07,11,1,0,12
2022-10-18T02:50:23,11,1,0,12
2022-10-18T02:59:40,11,1,0,12
2022-10-18T03:08:56,11,1,0,12
2022-10-18T03:18:38,11,1,0,12
2022-10-18T03:27:54,11,1,0,12
2022-10-18T03:37:10,11,1,0,12
2022-10-18T03:46:29,11,1,0,12
2022-10-18T03:55:48,11,1,0,12
2022-10-18T04:05:06,11,1,0,12
2022-10-18T04:14:25,11,1,0,12
2022-10-18T04:36:58,11,1,0,12
2022-10-18T04:46:58,11,1,0,12
2022-10-18T04:56:19,11,1,0,12
2022-10-18T05:05:37,11,1,0,12
2022-10-18T05:14:55,11,1,0,12
2022-10-18T05:24:15,11,1,0,12
2022-10-18T05:33:32,11,1,0,12
2022-10-18T05:42:50,11,1,0,12
2022-10-18T05:52:11,11,1,0,12
2022-10-18T06:01:31,11,1,0,12
2022-10-18T06:10:52,11,1,0,12
2022-10-18T06:20:13,11,1,0,12
2022-10-18T06:29:34,11,1,0,12
2022-10-18T06:38:53,11,1,0,12
2022-10-18T06:48:14,11,1,0,12
2022-10-18T06:57:34,11,1,0,12
2022-10-18T07:06:57,11,1,0,12
2022-10-18T07:16:18,11,1,0,12
2022-10-18T07:25:38,11,1,0,12
2022-10-18T07:34:58,11,1,0,12
2022-10-18T07:44:18,11,1,0,12
2022-10-18T07:53:37,11,1,0,12
2022-10-18T08:03:04,11,1,0,12
2022-10-18T08:12:25,11,1,0,12
2022-10-18T08:21:44,11,1,0,12
2022-10-18T08:31:04,11,1,0,12
2022-10-18T08:40:23,11,1,0,12
2022-10-18T08:49:42,11,1,0,12
2022-10-18T08:59:01,11,1,0,12
2022-10-18T09:08:21,11,1,0,12
2022-10-18T09:17:41,11,1,0,12
2022-10-18T09:27:03,11,1,0,12
2022-10-18T09:36:25,11,1,0,12
2022-10-18T09:45:46,11,1,0,12
2022-10-18T09:55:10,11,1,0,12
2022-10-18T10:04:42,11,1,0,12
2022-10-18T10:14:18,11,1,0,12
2022-10-18T10:23:39,11,1,0,12
2022-10-18T10:33:02,11,1,0,12
2022-10-18T10:42:23,11,1,0,12
2022-10-18T10:51:45,11,1,0,12
2022-10-18T11:01:07,11,1,0,12
2022-10-18T11:10:29,11,1,0,12
2022-10-18T11:19:50,11,1,0,12
2022-10-18T11:29:11,11,1,0,12
2022-10-18T11:38:33,11,1,0,12
2022-10-18T11:47:54,11,1,0,12
2022-10-18T11:57:14,11,1,0,12
2022-10-18T12:06:45,11,1,0,12
2022-10-18T12:16:06,11,1,0,12
2022-10-18T12:25:27,11,1,0,12
2022-10-18T12:34:48,11,1,0,12
2022-10-18T12:44:08,11,1,0,12
2022-10-18T12:53:28,11,1,0,12
2022-10-18T13:02:49,11,1,0,12
2022-10-18T13:12:11,11,1,0,12
2022-10-18T13:21:32,11,1,0,12
2022-10-18T13:30:54,11,1,0,12
2022-10-18T13:40:26,11,1,0,12
2022-10-18T13:49:46,11,1,0,12
2022-10-18T13:59:06,11,1,0,12
2022-10-18T14:08:27,11,1,0,12
2022-10-18T14:17:48,11,1,0,12
2022-10-18T14:27:09,11,1,0,12
2022-10-18T14:36:29,11,1,0,12
2022-10-18T14:45:49,11,1,0,12
2022-10-18T14:55:10,11,1,0,12
2022-10-18T15:04:30,11,1,0,12
2022-10-18T15:13:51,11,1,0,12
2022-10-18T15:23:11,11,1,0,12
2022-10-18T15:32:31,11,1,0,12
2022-10-18T15:42:02,11,1,0,12
2022-10-18T15:51:21,11,1,0,12
2022-10-18T16:00:41,11,1,0,12
2022-10-18T16:10:01,11,1,0,12
2022-10-18T16:19:20,11,1,0,12
2022-10-18T16:28:39,11,1,0,12
2022-10-18T16:37:58,11,1,0,12
2022-10-18T16:47:17,11,1,0,12
2022-10-18T16:56:36,11,1,0,12
2022-10-18T17:06:06,11,1,0,12
2022-10-18T17:15:26,11,1,0,12
2022-10-18T17:24:45,11,1,0,12
2022-10-18T17:34:05,11,1,0,12
2022-10-18T17:43:23,11,1,0,12
2022-10-18T17:52:41,11,1,0,12
2022-10-18T18:02:01,11,1,0,12
2022-10-18T18:11:21,11,1,0,12
2022-10-18T18:20:40,11,1,0,12
2022-10-18T18:30:10,11,1,0,12
2022-10-18T18:39:28,11,1,0,12
2022-10-18T18:48:47,11,1,0,12
2022-10-18T18:58:06,11,1,0,12
2022-10-18T19:07:25,11,1,0,12
2022-10-18T19:16:44,11,1,0,12
2022-10-18T19:26:03,11,1,0,12
2022-10-18T19:35:21,11,1,0,12
2022-10-18T19:44:40,11,1,0,12
2022-10-18T19:53:58,11,1,0,12
2022-10-18T20:03:17,11,1,0,12
2022-10-18T20:12:35,11,1,0,12
2022-10-18T20:21:54,11,1,0,12
2022-10-18T20:31:12,11,1,0,12
2022-10-18T20:40:40,11,1,0,12
2022-10-18T20:49:57,11,1,0,12
2022-10-18T20:59:15,11,1,0,12
2022-10-18T21:08:32,11,1,0,12
2022-10-18T21:17:49,11,1,0,12
2022-10-18T21:27:06,11,1,0,12
2022-10-18T21:36:23,11,1,0,12
2022-10-18T21:45:40,11,1,0,12
2022-10-18T21:54:57,11,1,0,12
2022-10-18T22:04:13,11,1,0,12
2022-10-18T22:13:30,11,1,0,12
2022-10-18T22:22:58,11,1,0,12
2022-10-18T22:32:14,11,1,0,12
2022-10-18T22:41:31,11,1,0,12
2022-10-18T22:50:48,11,1,0,12
2022-10-18T23:00:05,11,1,0,12
2022-10-18T23:09:22,11,1,0,12
2022-10-18T23:18:38,11,1,0,12
2022-10-18T23:27:57,11,1,0,12
2022-10-18T23:37:15,11,1,0,12
2022-10-18T23:46:32,11,1,0,12
2022-10-18T23:55:49,11,1,0,12
2022-10-19T00:05:05,11,1,0,12
2022-10-19T00:14:27,11,1,0,12
2022-10-19T00:23:47,11,1,0,12
2022-10-19T00:33:17,11,1,0,12
2022-10-19T00:42:37,11,1,0,12
2022-10-19T00:51:58,11,1,0,12
2022-10-19T01:01:17,11,1,0,12
2022-10-19T01:10:38,11,1,0,12
2022-10-19T01:19:58,11,1,0,12
2022-10-19T01:29:19,11,1,0,12
2022-10-19T01:38:39,11,1,0,12
2022-10-19T01:47:58,11,1,0,12
2022-10-19T01:57:16,11,1,0,12
2022-10-19T02:06:33,11,1,0,12
2022-10-19T02:15:50,11,1,0,12
2022-10-19T02:25:11,11,1,0,12
2022-10-19T02:34:30,11,1,0,12
2022-10-19T02:43:49,11,1,0,12
2022-10-19T02:53:08,11,1,0,12
2022-10-19T03:02:26,11,1,0,12
2022-10-19T03:11:43,11,1,0,12
2022-10-19T03:21:00,11,1,0,12
2022-10-19T03:30:27,11,1,0,12
2022-10-19T03:39:46,11,1,0,12
2022-10-19T03:49:05,11,1,0,12
2022-10-19T03:58:24,11,1,0,12
2022-10-19T04:16:46,11,1,0,12
2022-10-19T04:26:06,11,1,0,12
2022-10-19T04:35:25,11,1,0,12
2022-10-19T04:44:44,11,1,0,12
2022-10-19T04:55:33,11,1,0,12
2022-10-19T05:04:51,11,1,0,12
2022-10-19T05:14:09,11,1,0,12
2022-10-19T05:23:28,11,1,0,12
2022-10-19T05:32:44,11,1,0,12
2022-10-19T05:42:01,11,1,0,12
2022-10-19T05:51:18,11,1,0,12
2022-10-19T06:00:38,11,1,0,12
2022-10-19T06:09:57,11,1,0,12
2022-10-19T06:19:17,11,1,0,12
2022-10-19T06:28:36,11,1,0,12
2022-10-19T06:37:54,11,1,0,12
2022-10-19T06:47:13,11,1,0,12
2022-10-19T06:56:31,11,1,0,12
2022-10-19T07:05:50,11,1,0,12
2022-10-19T07:15:09,11,1,0,12
2022-10-19T07:24:38,11,1,0,12
2022-10-19T07:33:57,11,1,0,12
2022-10-19T07:43:16,11,1,0,12
2022-10-19T07:52:35,11,1,0,12
2022-10-19T08:01:55,11,1,0,12
2022-10-19T08:11:15,11,1,0,12
2022-10-19T08:20:34,11,1,0,12
2022-10-19T08:29:54,11,1,0,12
2022-10-19T08:39:12,11,1,0,12
2022-10-19T08:48:31,11,1,0,12
2022-10-19T08:58:07,11,1,0,12
2022-10-19T09:07:27,11,1,0,12
2022-10-19T09:16:46,11,1,0,12
2022-10-19T09:26:05,11,1,0,12
2022-10-19T09:35:25,11,1,0,12
2022-10-19T09:44:44,11,1,0,12
2022-10-19T09:54:04,11,1,0,12
2022-10-19T10:03:24,11,1,0,12
2022-10-19T10:12:44,11,1,0,12
2022-10-19T10:22:04,11,1,0,12
2022-10-19T10:31:35,11,1,0,12
2022-10-19T10:40:54,11,1,0,12
2022-10-19T10:50:14,11,1,0,12
2022-10-19T10:59:33,11,1,0,12
2022-10-19T11:08:53,11,1,0,12
2022-10-19T11:18:12,11,1,0,12
2022-10-19T11:27:31,11,1,0,12
2022-10-19T11:36:51,11,1,0,12
2022-10-19T11:46:10,11,1,0,12
2022-10-19T11:55:29,11,1,0,12
2022-10-19T12:04:50,11,1,0,12
2022-10-19T12:14:10,11,1,0,12
2022-10-19T12:23:55,11,1,0,12
2022-10-19T12:33:14,11,1,0,12
2022-10-19T12:42:36,11,1,0,12
2022-10-19T12:52:00,11,1,0,12
2022-10-19T13:01:24,11,1,0,12
2022-10-19T13:10:49,11,1,0,12
2022-10-19T13:20:14,11,1,0,12
2022-10-19T13:29:37,11,1,0,12
2022-10-19T13:39:03,11,1,0,12
2022-10-19T13:48:27,11,1,0,12
2022-10-19T13:57:51,11,1,0,12
2022-10-19T14:07:16,11,1,0,12
2022-10-19T14:16:50,11,1,0,12
2022-10-19T14:26:12,11,1,0,12
2022-10-19T14:35:35,11,1,0,12
2022-10-19T14:44:55,11,1,0,12
2022-10-19T14:54:14,11,1,0,12
2022-10-19T15:03:34,11,1,0,12
2022-10-19T15:12:53,11,1,0,12
2022-10-19T15:22:12,11,1,0,12
2022-10-19T15:31:42,11,1,0,12
2022-10-19T15:41:02,11,1,0,12
2022-10-19T15:50:21,11,1,0,12
2022-10-19T15:59:40,11,1,0,12
2022-10-19T16:08:59,11,1,0,12
2022-10-19T16:18:19,11,1,0,12
2022-10-19T16:27:38,11,1,0,12
2022-10-19T16:37:08,11,1,0,12
2022-10-19T16:46:27,11,1,0,12
2022-10-19T16:55:46,11,1,0,12
2022-10-19T17:05:06,11,1,0,12
2022-10-19T17:14:27,11,1,0,12
2022-10-19T17:23:46,11,1,0,12
2022-10-19T17:33:04,11,1,0,12
2022-10-19T17:42:24,11,1,0,12
2022-10-19T17:51:42,11,1,0,12
2022-10-19T18:01:00,11,1,0,12
2022-10-19T18:10:19,11,1,0,12
2022-10-19T18:19:37,11,1,0,12
2022-10-19T18:28:55,11,1,0,12
2022-10-19T18:38:23,11,1,0,12
2022-10-19T18:47:41,11,1,0,12
2022-10-19T18:56:59,11,1,0,12
2022-10-19T19:06:18,11,1,0,12
2022-10-19T19:15:35,11,1,0,12
2022-10-19T19:24:53,11,1,0,12
2022-10-19T19:34:11,11,1,0,12
2022-10-19T19:43:30,11,1,0,12
2022-10-19T19:52:48,11,1,0,12
2022-10-19T20:02:06,11,1,0,12
2022-10-19T20:11:23,11,1,0,12
2022-10-19T20:20:41,11,1,0,12
2022-10-19T20:29:59,11,1,0,12
2022-10-19T20:39:17,11,1,0,12
2022-10-19T20:48:44,11,1,0,12
2022-10-19T20:58:01,11,1,0,12
2022-10-19T21:07:19,11,1,0,12
2022-10-19T21:16:37,11,1,0,12
2022-10-19T21:25:55,11,1,0,12
2022-10-19T21:35:13,11,1,0,12
2022-10-19T21:44:31,11,1,0,12
2022-10-19T21:53:49,11,1,0,12
2022-10-19T22:03:07,11,1,0,12
2022-10-19T22:12:25,11,1,0,12
2022-10-19T22:21:43,11,1,0,12
2022-10-19T22:31:01,11,1,0,12
2022-10-19T22:40:18,11,1,0,12
2022-10-19T22:49:35,11,1,0,12
2022-10-19T22:58:51,11,1,0,12
2022-10-19T23:08:08,11,1,0,12
2022-10-19T23:17:25,11,1,0,12
2022-10-19T23:26:42,11,1,0,12
2022-10-19T23:35:58,11,1,0,12
2022-10-19T23:45:15,11,1,0,12
2022-10-19T23:54:31,11,1,0,12
2022-10-20T00:03:48,11,1,0,12
2022-10-20T00:13:24,11,1,0,12
2022-10-20T00:22:45,11,1,0,12
2022-10-20T00:32:04,11,1,0,12
2022-10-20T00:41:29,11,1,0,12
2022-10-20T00:50:56,11,1,0,12
2022-10-20T01:00:15,11,1,0,12
2022-10-20T01:09:33,11,1,0,12
2022-10-20T01:18:51,11,1,0,12
2022-10-20T01:28:10,11,1,0,12
2022-10-20T01:37:29,11,1,0,12
2022-10-20T01:46:48,11,1,0,12
2022-10-20T01:56:09,11,1,0,12
2022-10-20T02:05:29,11,1,0,12
2022-10-20T02:14:45,11,1,0,12
2022-10-20T02:24:01,11,1,0,12
2022-10-20T02:33:16,11,1,0,12
2022-10-20T02:42:35,11,1,0,12
2022-10-20T02:51:56,11,1,0,12
2022-10-20T03:01:16,11,1,0,12
2022-10-20T03:10:34,11,1,0,12
2022-10-20T03:19:51,11,1,0,12
2022-10-20T03:29:08,11,1,0,12
2022-10-20T03:38:25,11,1,0,12
2022-10-20T03:47:44,11,1,0,12
2022-10-20T03:57:03,11,1,0,12
2022-10-20T04:06:22,11,1,0,12
2022-10-20T04:27:39,11,1,0,12
2022-10-20T04:37:01,11,1,0,12
2022-10-20T04:47:37,11,1,0,12
2022-10-20T04:57:13,11,1,0,12
2022-10-20T05:06:35,11,1,0,12
2022-10-20T05:15:55,11,1,0,12
2022-10-20T05:25:13,11,1,0,12
2022-10-20T05:34:32,11,1,0,12
2022-10-20T05:43:50,11,1,0,12
2022-10-20T05:53:10,11,1,0,12
2022-10-20T06:02:33,11,1,0,12
2022-10-20T06:11:53,11,1,0,12
2022-10-20T06:21:13,11,1,0,12
2022-10-20T06:30:31,11,1,0,12
2022-10-20T06:39:49,11,1,0,12
2022-10-20T06:49:06,11,1,0,12
2022-10-20T06:58:24,11,1,0,12
2022-10-20T07:07:44,11,1,0,12
2022-10-20T07:17:03,11,1,0,12
2022-10-20T07:26:23,11,1,0,12
2022-10-20T07:35:43,11,1,0,12
2022-10-20T07:45:04,11,1,0,12
2022-10-20T07:54:33,11,1,0,12
2022-10-20T08:03:53,11,1,0,12
2022-10-20T08:13:13,11,1,0,12
2022-10-20T08:22:32,11,1,0,12
2022-10-20T08:31:51,11,1,0,12
2022-10-20T08:41:10,11,1,0,12
2022-10-20T08:50:30,11,1,0,12
2022-10-20T08:59:58,11,1,0,12
2022-10-20T09:09:18,11,1,0,12
2022-10-20T09:18:38,11,1,0,12
2022-10-20T09:27:58,11,1,0,12
2022-10-20T09:37:17,11,1,0,12
2022-10-20T09:46:36,11,1,0,12
2022-10-20T09:55:56,11,1,0,12
2022-10-20T10:05:15,11,1,0,12
2022-10-20T10:14:34,11,1,0,12
2022-10-20T10:23:55,11,1,0,12
2022-10-20T10:33:16,11,1,0,12
2022-10-20T10:42:35,11,1,0,12
2022-10-20T10:51:55,11,1,0,12
2022-10-20T11:01:26,11,1,0,12
2022-10-20T11:10:45,11,1,0,12
2022-10-20T11:20:05,11,1,0,12
2022-10-20T11:29:24,11,1,0,12
2022-10-20T11:38:44,11,1,0,12
2022-10-20T11:48:03,11,1,0,12
2022-10-20T11:57:22,11,1,0,12
2022-10-20T12:06:42,11,1,0,12
2022-10-20T12:16:02,11,1,0,12
2022-10-20T12:25:22,11,1,0,12
2022-10-20T12:34:42,11,1,0,12
2022-10-20T12:44:01,11,1,0,12
2022-10-20T12:53:20,11,1,0,12
2022-10-20T13:02:39,11,1,0,12
2022-10-20T13:12:11,11,1,0,12
2022-10-20T13:21:30,11,1,0,12
2022-10-20T13:30:50,11,1,0,12
2022-10-20T13:40:10,11,1,0,12
2022-10-20T13:49:29,11,1,0,12
2022-10-20T13:58:48,11,1,0,12
2022-10-20T14:08:08,11,1,0,12
2022-10-20T14:17:27,11,1,0,12
2022-10-20T14:26:46,11,1,0,12
2022-10-20T14:36:05,11,1,0,12
2022-10-20T14:45:24,11,1,0,12
2022-10-20T14:54:43,11,1,0,12
2022-10-20T15:04:03,11,1,0,12
2022-10-20T15:13:23,11,1,0,12
2022-10-20T15:22:42,11,1,0,12
2022-10-20T15:32:01,11,1,0,12
2022-10-20T15:41:20,11,1,0,12
2022-10-20T15:50:39,11,1,0,12
2022-10-20T15:59:58,11,1,0,12
2022-10-20T16:09:17,11,1,0,12
2022-10-20T16:18:37,11,1,0,12
2022-10-20T16:27:58,11,1,0,12
2022-10-20T16:37:27,11,1,0,12
2022-10-20T16:46:46,11,1,0,12
2022-10-20T16:56:05,11,1,0,12
2022-10-20T17:05:23,11,1,0,12
2022-10-20T17:14:43,11,1,0,12
2022-10-20T17:24:02,11,1,0,12
2022-10-20T17:33:20,11,1,0,12
2022-10-20T17:42:39,11,1,0,12
2022-10-20T17:51:57,11,1,0,12
2022-10-20T18:01:14,11,1,0,12
2022-10-20T18:10:33,11,1,0,12
2022-10-20T18:19:51,11,1,0,12
2022-10-20T18:29:09,11,1,0,12
2022-10-20T18:38:27,11,1,0,12
2022-10-20T18:47:45,11,1,0,12
2022-10-20T18:57:02,11,1,0,12
2022-10-20T19:06:20,11,1,0,12
2022-10-20T19:15:37,11,1,0,12
2022-10-20T19:25:07,11,1,0,12
2022-10-20T19:34:25,11,1,0,12
2022-10-20T19:43:44,11,1,0,12
2022-10-20T19:53:02,11,1,0,12
2022-10-20T20:02:20,11,1,0,12
2022-10-20T20:11:38,11,1,0,12
2022-10-20T20:20:57,11,1,0,12
2022-10-20T20:30:24,11,1,0,12
2022-10-20T20:39:48,11,1,0,12
2022-10-20T20:49:17,11,1,0,12
2022-10-20T20:58:44,11,1,0,12
2022-10-20T21:08:18,11,1,0,12
2022-10-20T21:17:47,11,1,0,12
2022-10-20T21:27:30,11,1,0,12
2022-10-20T21:37:04,11,1,0,12
2022-10-20T21:46:39,11,1,0,12
2022-10-20T21:56:08,11,1,0,12
2022-10-20T22:05:36,11,1,0,12
2022-10-20T22:14:59,11,1,0,12
2022-10-20T22:24:19,11,1,0,12
2022-10-20T22:33:45,11,1,0,12
2022-10-20T22:43:12,11,1,0,12
2022-10-20T22:52:37,11,1,0,12
2022-10-20T23:02:04,11,1,0,12
2022-10-20T23:11:33,11,1,0,12
2022-10-20T23:21:02,11,1,0,12
2022-10-20T23:30:30,11,1,0,12
2022-10-20T23:40:08,11,1,0,12
2022-10-20T23:49:35,11,1,0,12
2022-10-20T23:59:02,11,1,0,12
2022-10-21T00:08:23,11,1,0,12
2022-10-21T00:17:48,11,1,0,12
2022-10-21T00:27:09,11,1,0,12
2022-10-21T00:36:28,11,1,0,12
2022-10-21T00:45:48,11,1,0,12
2022-10-21T00:55:08,11,1,0,12
2022-10-21T01:04:27,11,1,0,12
2022-10-21T01:13:47,11,1,0,12
2022-10-21T01:23:06,11,1,0,12
2022-10-21T01:32:26,11,1,0,12
2022-10-21T01:41:46,11,1,0,12
2022-10-21T01:51:05,11,1,0,12
2022-10-21T02:00:23,11,1,0,12
2022-10-21T02:09:43,11,1,0,12
2022-10-21T02:19:13,11,1,0,12
2022-10-21T02:28:34,11,1,0,12
2022-10-21T02:37:55,11,1,0,12
2022-10-21T02:47:13,11,1,0,12
2022-10-21T02:56:31,11,1,0,12
2022-10-21T03:05:48,11,1,0,12
2022-10-21T03:15:05,11,1,0,12
2022-10-21T03:24:22,11,1,0,12
2022-10-21T03:33:41,11,1,0,12
2022-10-21T03:43:01,11,1,0,12
2022-10-21T03:52:21,11,1,0,12
2022-10-21T04:01:40,11,1,0,12
2022-10-21T04:10:59,11,1,0,12
2022-10-21T04:25:51,11,1,0,12
2022-10-21T04:36:01,11,1,0,12
2022-10-21T04:46:00,11,1,0,12
2022-10-21T04:55:20,11,1,0,12
2022-10-21T05:04:40,11,1,0,12
2022-10-21T05:13:59,11,1,0,12
2022-10-21T05:23:17,11,1,0,12
2022-10-21T05:32:34,11,1,0,12
2022-10-21T05:41:51,11,1,0,12
2022-10-21T05:51:08,11,1,0,12
2022-10-21T06:00:30,11,1,0,12
2022-10-21T06:09:51,11,1,0,12
2022-10-21T06:19:11,11,1,0,12
2022-10-21T06:28:29,11,1,0,12
2022-10-21T06:37:47,11,1,0,12
2022-10-21T06:47:04,11,1,0,12
2022-10-21T06:56:22,11,1,0,12
2022-10-21T07:05:42,11,1,0,12
2022-10-21T07:15:03,11,1,0,12
2022-10-21T07:24:21,11,1,0,12
2022-10-21T07:33:40,11,1,0,12
2022-10-21T07:43:00,11,1,0,12
2022-10-21T07:52:18,11,1,0,12
2022-10-21T08:01:37,11,1,0,12
2022-10-21T08:11:12,11,1,0,12
2022-10-21T08:20:35,11,1,0,12
2022-10-21T08:29:56,11,1,0,12
2022-10-21T08:39:16,11,1,0,12
2022-10-21T08:48:36,11,1,0,12
2022-10-21T08:57:56,11,1,0,12
2022-10-21T09:07:16,11,1,0,12
2022-10-21T09:16:36,11,1,0,12
2022-10-21T09:26:06,11,1,0,12
2022-10-21T09:35:26,11,1,0,12
2022-10-21T09:44:45,11,1,0,12
2022-10-21T09:54:05,11,1,0,12
2022-10-21T10:03:25,11,1,0,12
2022-10-21T10:12:45,11,1,0,12
2022-10-21T10:22:05,11,1,0,12
2022-10-21T10:31:25,11,1,0,12
2022-10-21T10:40:44,11,1,0,12
2022-10-21T10:50:04,11,1,0,12
2022-10-21T10:59:24,11,1,0,12
2022-10-21T11:08:44,11,1,0,12
2022-10-21T11:18:04,11,1,0,12
2022-10-21T11:27:24,11,1,0,12
2022-10-21T11:36:43,11,1,0,12
2022-10-21T11:46:02,11,1,0,12
2022-10-21T11:55:22,11,1,0,12
2022-10-21T12:04:42,11,1,0,12
2022-10-21T12:14:01,11,1,0,12
2022-10-21T12:28:21,11,1,0,12
2022-10-21T12:37:40,11,1,0,12
2022-10-21T12:47:01,11,1,0,12
2022-10-21T12:56:20,11,1,0,12
2022-10-21T13:05:40,11,1,0,12
2022-10-21T13:15:00,11,1,0,12
2022-10-21T13:24:19,11,1,0,12
2022-10-21T13:33:38,11,1,0,12
2022-10-21T13:42:57,11,1,0,12
2022-10-21T13:52:16,11,1,0,12
2022-10-21T14:01:39,11,1,0,12
2022-10-21T14:11:10,11,1,0,12
2022-10-21T14:20:31,11,1,0,12
2022-10-21T14:30:08,11,1,0,12
2022-10-21T14:39:28,11,1,0,12
2022-10-21T14:48:49,11,1,0,12
2022-10-21T14:58:09,11,1,0,12
2022-10-21T15:07:28,11,1,0,12
2022-10-21T15:16:47,11,1,0,12
2022-10-21T15:26:06,11,1,0,12
2022-10-21T15:35:26,11,1,0,12
2022-10-21T15:44:44,11,1,0,12
2022-10-21T15:54:03,11,1,0,12
2022-10-21T16:03:23,11,1,0,12
2022-10-21T16:12:42,11,1,0,12
2022-10-21T16:22:01,11,1,0,12
2022-10-21T16:31:20,11,1,0,12
2022-10-21T16:40:50,11,1,0,12
2022-10-21T16:50:09,11,1,0,12
2022-10-21T16:59:28,11,1,0,12
2022-10-21T17:08:48,11,1,0,12
2022-10-21T17:18:07,11,1,0,12
2022-10-21T17:27:28,11,1,0,12
2022-10-21T17:36:48,11,1,0,12
2022-10-21T17:46:07,11,1,0,12
2022-10-21T17:55:25,11,1,0,12
2022-10-21T18:04:45,11,1,0,12
2022-10-21T18:14:04,11,1,0,12
2022-10-21T18:23:24,11,1,0,12
2022-10-21T18:32:42,11,1,0,12
2022-10-21T18:42:01,11,1,0,12
2022-10-21T18:51:19,11,1,0,12
2022-10-21T19:00:36,11,1,0,12
2022-10-21T19:09:54,11,1,0,12
2022-10-21T19:19:12,11,1,0,12
2022-10-21T19:28:30,11,1,0,12
2022-10-21T19:37:48,11,1,0,12
2022-10-21T19:47:06,11,1,0,12
2022-10-21T19:56:35,11,1,0,12
2022-10-21T20:05:52,11,1,0,12
2022-10-21T20:15:11,11,1,0,12
2022-10-21T20:24:29,11,1,0,12
2022-10-21T20:33:46,11,1,0,12
2022-10-21T20:43:04,11,1,0,12
2022-10-21T20:52:21,11,1,0,12
2022-10-21T21:01:39,11,1,0,12
2022-10-21T21:10:57,11,1,0,12
2022-10-21T21:20:15,11,1,0,12
2022-10-21T21:29:32,11,1,0,12
2022-10-21T21:38:50,11,1,0,12
2022-10-21T21:48:08,11,1,0,12
2022-10-21T21:57:25,11,1,0,12
2022-10-21T22:06:43,11,1,0,12
2022-10-21T22:16:01,11,1,0,12
2022-10-21T22:25:18,11,1,0,12
2022-10-21T22:34:36,11,1,0,12
2022-10-21T22:44:05,11,1,0,12
2022-10-21T22:53:24,11,1,0,12
2022-10-21T23:02:43,11,1,0,12
2022-10-21T23:12:01,11,1,0,12
2022-10-21T23:21:20,11,1,0,12
2022-10-21T23:30:38,11,1,0,12
2022-10-21T23:39:56,11,1,0,12
2022-10-21T23:49:13,11,1,0,12
2022-10-21T23:58:30,11,1,0,12
2022-10-22T00:07:49,11,1,0,12
2022-10-22T00:17:09,11,1,0,12
2022-10-22T00:26:30,11,1,0,12
2022-10-22T00:35:51,11,1,0,12
2022-10-22T00:45:13,11,1,0,12
2022-10-22T00:54:33,11,1,0,12
2022-10-22T01:04:02,11,1,0,12
2022-10-22T01:13:21,11,1,0,12
2022-10-22T01:22:39,11,1,0,12
2022-10-22T01:32:02,11,1,0,12
2022-10-22T01:41:22,11,1,0,12
2022-10-22T01:50:41,11,1,0,12
2022-10-22T01:59:58,11,1,0,12
2022-10-22T02:09:14,11,1,0,12
2022-10-22T02:18:30,11,1,0,12
2022-10-22T02:27:46,11,1,0,12
2022-10-22T02:37:01,11,1,0,12
2022-10-22T02:46:16,11,1,0,12
2022-10-22T02:55:33,11,1,0,12
2022-10-22T03:04:49,11,1,0,12
2022-10-22T03:14:04,11,1,0,12
2022-10-22T03:23:20,11,1,0,12
2022-10-22T03:32:36,11,1,0,12
2022-10-22T03:41:54,11,1,0,12
2022-10-22T03:51:22,11,1,0,12
2022-10-22T04:00:40,11,1,0,12
2022-10-22T04:18:08,11,1,0,12
2022-10-22T04:28:42,11,1,0,12
2022-10-22T04:38:19,11,1,0,12
2022-10-22T04:47:37,11,1,0,12
2022-10-22T04:56:53,11,1,0,12
2022-10-22T05:06:09,11,1,0,12
2022-10-22T05:15:29,11,1,0,12
2022-10-22T05:25:06,11,1,0,12
2022-10-22T05:34:26,11,1,0,12
2022-10-22T05:43:46,11,1,0,12
2022-10-22T05:53:06,11,1,0,12
2022-10-22T06:02:27,11,1,0,12
2022-10-22T06:11:50,11,1,0,12
2022-10-22T06:21:11,11,1,0,12
2022-10-22T06:30:31,11,1,0,12
2022-10-22T06:39:52,11,1,0,12
2022-10-22T06:49:13,11,1,0,12
2022-10-22T06:58:33,11,1,0,12
2022-10-22T07:08:05,11,1,0,12
2022-10-22T07:17:27,11,1,0,12
2022-10-22T07:26:47,11,1,0,12
2022-10-22T07:36:08,11,1,0,12
2022-10-22T07:45:30,11,1,0,12
2022-10-22T07:54:52,11,1,0,12
2022-10-22T08:04:15,11,1,0,12
2022-10-22T08:13:37,11,1,0,12
2022-10-22T08:22:59,11,1,0,12
2022-10-22T08:32:19,11,1,0,12
2022-10-22T08:41:38,11,1,0,12
2022-10-22T08:50:57,11,1,0,12
2022-10-22T09:00:17,11,1,0,12
2022-10-22T09:09:37,11,1,0,12
2022-10-22T09:19:04,11,1,0,12
2022-10-22T09:28:24,11,1,0,12
2022-10-22T09:37:44,11,1,0,12
2022-10-22T09:47:03,11,1,0,12
2022-10-22T09:56:22,11,1,0,12
2022-10-22T10:05:41,11,1,0,12
2022-10-22T10:15:01,11,1,0,12
2022-10-22T10:24:20,11,1,0,12
2022-10-22T10:33:39,11,1,0,12
2022-10-22T10:42:56,11,1,0,12
2022-10-22T10:52:13,11,1,0,12
2022-10-22T11:01:36,11,1,0,12
2022-10-22T11:10:53,11,1,0,12
2022-10-22T11:20:20,11,1,0,12
2022-10-22T11:29:37,11,1,0,12
2022-10-22T11:38:54,11,1,0,12
2022-10-22T11:48:11,11,1,0,12
2022-10-22T11:57:28,11,1,0,12
2022-10-22T12:06:46,11,1,0,12
2022-10-22T12:16:04,11,1,0,12
2022-10-22T12:25:22,11,1,0,12
2022-10-22T12:34:39,11,1,0,12
2022-10-22T12:43:57,11,1,0,12
2022-10-22T12:53:16,11,1,0,12
2022-10-22T13:02:33,11,1,0,12
2022-10-22T13:11:50,11,1,0,12
2022-10-22T13:21:07,11,1,0,12
2022-10-22T13:30:27,11,1,0,12
2022-10-22T13:39:56,11,1,0,12
2022-10-22T13:49:13,11,1,0,12
2022-10-22T13:58:30,11,1,0,12
2022-10-22T14:07:47,11,1,0,12
2022-10-22T14:17:04,11,1,0,12
2022-10-22T14:26:22,11,1,0,12
2022-10-22T14:35:39,11,1,0,12
2022-10-22T14:44:56,11,1,0,12
2022-10-22T14:54:13,11,1,0,12
2022-10-22T15:03:30,11,1,0,12
2022-10-22T15:12:47,11,1,0,12
2022-10-22T15:22:05,11,1,0,12
2022-10-22T15:31:22,11,1,0,12
2022-10-22T15:40:40,11,1,0,12
2022-10-22T15:53:32,11,1,0,12
2022-10-22T16:02:49,11,1,0,12
2022-10-22T16:12:07,11,1,0,12
2022-10-22T16:21:24,11,1,0,12
2022-10-22T16:30:41,11,1,0,12
2022-10-22T16:39:58,11,1,0,12
2022-10-22T16:49:16,11,1,0,12
2022-10-22T16:58:42,11,1,0,12
2022-10-22T17:08:01,11,1,0,12
2022-10-22T17:17:18,11,1,0,12
2022-10-22T17:26:35,11,1,0,12
2022-10-22T17:35:53,11,1,0,12
2022-10-22T17:45:10,11,1,0,12
2022-10-22T17:54:27,11,1,0,12
2022-10-22T18:03:44,11,1,0,12
2022-10-22T18:13:02,11,1,0,12
2022-10-22T18:22:20,11,1,0,12
2022-10-22T18:31:37,11,1,0,12
2022-10-22T18:40:54,11,1,0,12
2022-10-22T18:50:12,11,1,0,12
2022-10-22T18:59:30,11,1,0,12
2022-10-22T19:08:48,11,1,0,12
2022-10-22T19:18:04,11,1,0,12
2022-10-22T19:27:22,11,1,0,12
2022-10-22T19:36:39,11,1,0,12
2022-10-22T19:46:06,11,1,0,12
2022-10-22T19:55:23,11,1,0,12
2022-10-22T20:04:40,11,1,0,12
2022-10-22T20:13:57,11,1,0,12
2022-10-22T20:23:14,11,1,0,12
2022-10-22T20:32:31,11,1,0,12
2022-10-22T20:41:48,11,1,0,12
2022-10-22T20:51:03,11,1,0,12
2022-10-22T21:00:19,11,1,0,12
2022-10-22T21:09:34,11,1,0,12
2022-10-22T21:18:50,11,1,0,12
2022-10-22T21:28:06,11,1,0,12
2022-10-22T21:37:22,11,1,0,12
2022-10-22T21:46:37,11,1,0,12
2022-10-22T21:55:52,11,1,0,12
2022-10-22T22:05:08,11,1,0,12
2022-10-22T22:14:24,11,1,0,12
2022-10-22T22:23:39,11,1,0,12
2022-10-22T22:33:04,11,1,0,12
2022-10-22T22:42:20,11,1,0,12
2022-10-22T22:51:35,11,1,0,12
2022-10-22T23:00:50,11,1,0,12
2022-10-22T23:10:07,11,1,0,12
2022-10-22T23:19:24,11,1,0,12
2022-10-22T23:28:40,11,1,0,12
2022-10-22T23:37:56,11,1,0,12
2022-10-22T23:47:11,11,1,0,12
2022-10-22T23:56:26,11,1,0,12
2022-10-23T00:05:42,11,1,0,12
2022-10-23T00:15:00,11,1,0,12
2022-10-23T00:24:18,11,1,0,12
2022-10-23T00:33:35,11,1,0,12
2022-10-23T00:42:51,11,1,0,12
2022-10-23T00:52:07,11,1,0,12
2022-10-23T01:01:22,11,1,0,12
2022-10-23T01:10:47,11,1,0,12
2022-10-23T01:20:02,11,1,0,12
2022-10-23T01:29:17,11,1,0,12
2022-10-23T01:38:33,11,1,0,12
2022-10-23T01:47:48,11,1,0,12
2022-10-23T01:57:03,11,1,0,12
2022-10-23T02:06:18,11,1,0,12
2022-10-23T02:15:33,11,1,0,12
2022-10-23T02:24:49,11,1,0,12
2022-10-23T02:34:09,11,1,0,12
2022-10-23T02:43:33,11,1,0,12
2022-10-23T02:52:53,11,1,0,12
2022-10-23T03:02:13,11,1,0,12
2022-10-23T03:11:33,11,1,0,12
2022-10-23T03:20:56,11,1,0,12
2022-10-23T03:30:16,11,1,0,12
2022-10-23T03:39:36,11,1,0,12
2022-10-23T03:48:55,11,1,0,12
2022-10-23T03:58:15,11,1,0,12
2022-10-23T04:07:34,11,1,0,12
2022-10-23T04:25:04,11,1,0,12
2022-10-23T04:34:43,11,1,0,12
2022-10-23T04:44:03,11,1,0,12
2022-10-23T04:53:23,11,1,0,12
2022-10-23T05:02:42,11,1,0,12
2022-10-23T05:12:01,11,1,0,12
2022-10-23T05:21:19,11,1,0,12
2022-10-23T05:30:36,11,1,0,12
2022-10-23T05:39:55,11,1,0,12
2022-10-23T05:49:14,11,1,0,12
2022-10-23T05:58:34,11,1,0,12
2022-10-23T06:07:54,11,1,0,12
2022-10-23T06:17:14,11,1,0,12
2022-10-23T06:26:33,11,1,0,12
2022-10-23T06:35:50,11,1,0,12
2022-10-23T06:45:07,11,1,0,12
2022-10-23T06:54:23,11,1,0,12
2022-10-23T07:03:41,11,1,0,12
2022-10-23T07:12:59,11,1,0,12
2022-10-23T07:22:17,11,1,0,12
2022-10-23T07:31:35,11,1,0,12
2022-10-23T07:40:54,11,1,0,12
2022-10-23T07:50:13,11,1,0,12
2022-10-23T07:59:32,11,1,0,12
2022-10-23T08:08:51,11,1,0,12
2022-10-23T08:18:10,11,1,0,12
2022-10-23T08:27:29,11,1,0,12
2022-10-23T08:36:48,11,1,0,12
2022-10-23T08:46:11,11,1,0,12
2022-10-23T08:55:29,11,1,0,12
2022-10-23T09:04:46,11,1,0,12
2022-10-23T09:14:03,11,1,0,12
2022-10-23T09:23:29,11,1,0,12
2022-10-23T09:32:46,11,1,0,12
2022-10-23T09:42:03,11,1,0,12
2022-10-23T09:51:21,11,1,0,12
2022-10-23T10:00:39,11,1,0,12
2022-10-23T10:09:56,11,1,0,12
2022-10-23T10:19:13,11,1,0,12
2022-10-23T10:28:31,11,1,0,12
2022-10-23T10:37:48,11,1,0,12
2022-10-23T10:47:05,11,1,0,12
2022-10-23T10:56:22,11,1,0,12
2022-10-23T11:05:39,11,1,0,12
2022-10-23T11:14:57,11,1,0,12
2022-10-23T11:24:15,11,1,0,12
2022-10-23T11:33:32,11,1,0,12
2022-10-23T11:42:49,11,1,0,12
2022-10-23T11:52:06,11,1,0,12
2022-10-23T12:01:23,11,1,0,12
2022-10-23T12:10:40,11,1,0,12
2022-10-23T12:19:58,11,1,0,12
2022-10-23T12:29:15,11,1,0,12
2022-10-23T12:38:42,11,1,0,12
2022-10-23T12:47:59,11,1,0,12
2022-10-23T12:57:16,11,1,0,12
2022-10-23T13:06:34,11,1,0,12
2022-10-23T13:15:51,11,1,0,12
2022-10-23T13:25:09,11,1,0,12
2022-10-23T13:34:26,11,1,0,12
2022-10-23T13:43:44,11,1,0,12
2022-10-23T13:53:01,11,1,0,12
2022-10-23T14:02:18,11,1,0,12
2022-10-23T14:11:36,11,1,0,12
2022-10-23T14:20:53,11,1,0,12
2022-10-23T14:30:11,11,1,0,12
2022-10-23T14:39:29,11,1,0,12
2022-10-23T14:48:46,11,1,0,12
2022-10-23T14:58:14,11,1,0,12
2022-10-23T15:07:32,11,1,0,12
2022-10-23T15:16:50,11,1,0,12
2022-10-23T15:26:07,11,1,0,12
2022-10-23T15:35:24,11,1,0,12
2022-10-23T15:44:42,11,1,0,12
2022-10-23T15:54:01,11,1,0,12
2022-10-23T16:03:18,11,1,0,12
2022-10-23T16:12:36,11,1,0,12
2022-10-23T16:21:54,11,1,0,12
2022-10-23T16:31:12,11,1,0,12
2022-10-23T16:40:30,11,1,0,12
2022-10-23T16:49:48,11,1,0,12
2022-10-23T16:59:06,11,1,0,12
2022-10-23T17:08:23,11,1,0,12
2022-10-23T17:17:41,11,1,0,12
2022-10-23T17:26:59,11,1,0,12
2022-10-23T17:36:17,11,1,0,12
2022-10-23T17:45:45,11,1,0,12
2022-10-23T17:55:02,11,1,0,12
2022-10-23T18:04:19,11,1,0,12
2022-10-23T18:13:38,11,1,0,12
2022-10-23T18:22:55,11,1,0,12
2022-10-23T18:32:13,11,1,0,12
2022-10-23T18:41:30,11,1,0,12
2022-10-23T18:50:47,11,1,0,12
2022-10-23T19:00:05,11,1,0,12
2022-10-23T19:09:23,11,1,0,12
2022-10-23T19:18:40,11,1,0,12
2022-10-23T19:27:58,11,1,0,12
2022-10-23T19:37:15,11,1,0,12
2022-10-23T19:46:33,11,1,0,12
2022-10-23T19:55:50,11,1,0,12
2022-10-23T20:05:07,11,1,0,12
2022-10-23T20:14:24,11,1,0,12
2022-10-23T20:23:42,11,1,0,12
2022-10-23T20:32:59,11,1,0,12
2022-10-23T20:42:16,11,1,0,12
2022-10-23T20:51:34,11,1,0,12
2022-10-23T21:01:00,11,1,0,12
2022-10-23T21:10:16,11,1,0,12
2022-10-23T21:19:32,11,1,0,12
2022-10-23T21:28:48,11,1,0,12
2022-10-23T21:38:04,11,1,0,12
2022-10-23T21:47:21,11,1,0,12
2022-10-23T21:56:37,11,1,0,12
2022-10-23T22:05:53,11,1,0,12
2022-10-23T22:15:09,11,1,0,12
2022-10-23T22:24:25,11,1,0,12
2022-10-23T22:33:42,11,1,0,12
2022-10-23T22:42:58,11,1,0,12
2022-10-23T22:52:13,11,1,0,12
2022-10-23T23:01:30,11,1,0,12
2022-10-23T23:10:47,11,1,0,12
2022-10-23T23:20:04,11,1,0,12
2022-10-23T23:29:21,11,1,0,12
2022-10-23T23:38:38,11,1,0,12
2022-10-23T23:47:54,11,1,0,12
2022-10-23T23:57:19,11,1,0,12
2022-10-24T00:06:36,11,1,0,12
2022-10-24T00:15:54,11,1,0,12
2022-10-24T00:25:14,11,1,0,12
2022-10-24T00:34:32,11,1,0,12
2022-10-24T00:43:50,11,1,0,12
2022-10-24T00:53:07,11,1,0,12
2022-10-24T01:02:24,11,1,0,12
2022-10-24T01:11:42,11,1,0,12
2022-10-24T01:21:06,11,1,0,12
2022-10-24T01:30:26,11,1,0,12
2022-10-24T01:39:46,11,1,0,12
2022-10-24T01:49:05,11,1,0,12
2022-10-24T01:58:25,11,1,0,12
2022-10-24T02:07:43,11,1,0,12
2022-10-24T02:17:02,11,1,0,12
2022-10-24T02:26:20,11,1,0,12
2022-10-24T02:35:37,11,1,0,12
2022-10-24T02:44:54,11,1,0,12
2022-10-24T02:54:12,11,1,0,12
2022-10-24T03:03:29,11,1,0,12
2022-10-24T03:12:55,11,1,0,12
2022-10-24T03:22:13,11,1,0,12
2022-10-24T03:31:30,11,1,0,12
2022-10-24T03:40:50,11,1,0,12
2022-10-24T03:50:09,11,1,0,12
2022-10-24T03:59:27,11,1,0,12
2022-10-24T04:08:46,11,1,0,12
2022-10-24T04:27:44,11,1,0,12
2022-10-24T04:38:13,11,1,0,12
2022-10-24T04:47:50,11,1,0,12
2022-10-24T04:57:10,11,1,0,12
2022-10-24T05:06:28,11,1,0,12
2022-10-24T05:15:45,11,1,0,12
2022-10-24T05:25:03,11,1,0,12
2022-10-24T05:34:20,11,1,0,12
2022-10-24T05:43:37,11,1,0,12
2022-10-24T05:52:56,11,1,0,12
2022-10-24T06:02:18,11,1,0,12
2022-10-24T06:11:40,11,1,0,12
2022-10-24T06:21:00,11,1,0,12
2022-10-24T06:30:19,11,1,0,12
2022-10-24T06:39:38,11,1,0,12
2022-10-24T06:48:56,11,1,0,12
2022-10-24T06:58:14,11,1,0,12
2022-10-24T07:07:33,11,1,0,12
2022-10-24T07:16:52,11,1,0,12
2022-10-24T07:26:11,11,1,0,12
2022-10-24T07:35:31,11,1,0,12
2022-10-24T07:44:50,11,1,0,12
2022-10-24T07:54:09,11,1,0,12
2022-10-24T08:03:28,11,1,0,12
2022-10-24T08:12:48,11,1,0,12
2022-10-24T08:22:06,11,1,0,12
2022-10-24T08:31:35,11,1,0,12
2022-10-24T08:40:54,11,1,0,12
2022-10-24T08:50:12,11,1,0,12
2022-10-24T08:59:32,11,1,0,12
2022-10-24T09:08:57,11,1,0,12
2022-10-24T09:18:18,11,1,0,12
2022-10-24T09:27:38,11,1,0,12
2022-10-24T09:36:57,11,1,0,12
2022-10-24T09:46:16,11,1,0,12
2022-10-24T09:55:36,11,1,0,12
2022-10-24T10:04:56,11,1,0,12
2022-10-24T10:14:16,11,1,0,12
2022-10-24T10:23:35,11,1,0,12
2022-10-24T10:32:54,11,1,0,12
2022-10-24T10:42:23,11,1,0,12
2022-10-24T10:51:43,11,1,0,12
2022-10-24T11:01:03,11,1,0,12
2022-10-24T11:10:22,11,1,0,12
2022-10-24T11:19:41,11,1,0,12
2022-10-24T11:29:00,11,1,0,12
2022-10-24T11:38:22,11,1,0,12
2022-10-24T11:47:41,11,1,0,12
2022-10-24T11:56:59,11,1,0,12
2022-10-24T12:06:19,11,1,0,12
2022-10-24T12:15:39,11,1,0,12
2022-10-24T12:24:59,11,1,0,12
2022-10-24T12:34:19,11,1,0,12
2022-10-24T12:43:38,11,1,0,12
2022-10-24T12:52:57,11,1,0,12
2022-10-24T13:02:37,11,1,0,12
2022-10-24T13:11:56,11,1,0,12
2022-10-24T13:21:17,11,1,0,12
2022-10-24T13:30:36,11,1,0,12
2022-10-24T13:39:56,11,1,0,12
2022-10-24T13:49:16,11,1,0,12
2022-10-24T13:58:36,11,1,0,12
2022-10-24T14:07:56,11,1,0,12
2022-10-24T14:17:16,11,1,0,12
2022-10-24T14:26:35,11,1,0,12
2022-10-24T14:35:58,11,1,0,12
2022-10-24T14:45:18,11,1,0,12
2022-10-24T14:54:36,11,1,0,12
2022-10-24T15:03:56,11,1,0,12
2022-10-24T15:13:14,11,1,0,12
2022-10-24T15:22:33,11,1,0,12
2022-10-24T15:31:52,11,1,0,12
2022-10-24T15:41:11,11,1,0,12
2022-10-24T15:50:30,11,1,0,12
2022-10-24T16:00:01,11,1,0,12
2022-10-24T16:09:20,11,1,0,12
2022-10-24T16:18:38,11,1,0,12
2022-10-24T16:27:57,11,1,0,12
2022-10-24T16:37:15,11,1,0,12
2022-10-24T16:46:33,11,1,0,12
2022-10-24T16:55:52,11,1,0,12
2022-10-24T17:05:11,11,1,0,12
2022-10-24T17:14:29,11,1,0,12
2022-10-24T17:23:47,11,1,0,12
2022-10-24T17:33:06,11,1,0,12
2022-10-24T17:42:43,11,1,0,12
2022-10-24T17:52:01,11,1,0,12
2022-10-24T18:01:19,11,1,0,12
2022-10-24T18:10:37,11,1,0,12
2022-10-24T18:19:55,11,1,0,12
2022-10-24T18:29:13,11,1,0,12
2022-10-24T18:38:31,11,1,0,12
2022-10-24T18:47:49,11,1,0,12
2022-10-24T18:57:07,11,1,0,12
2022-10-24T19:06:25,11,1,0,12
2022-10-24T19:15:42,11,1,0,12
2022-10-24T19:24:59,11,1,0,12
2022-10-24T19:34:17,11,1,0,12
2022-10-24T19:43:35,11,1,0,12
2022-10-24T19:52:53,11,1,0,12
2022-10-24T20:02:10,11,1,0,12
2022-10-24T20:11:28,11,1,0,12
2022-10-24T20:20:46,11,1,0,12
2022-10-24T20:30:03,11,1,0,12
2022-10-24T20:39:31,11,1,0,12
2022-10-24T20:48:49,11,1,0,12
2022-10-24T20:58:06,11,1,0,12
2022-10-24T21:07:25,11,1,0,12
2022-10-24T21:16:44,11,1,0,12
2022-10-24T21:26:02,11,1,0,12
2022-10-24T21:35:20,11,1,0,12
2022-10-24T21:44:37,11,1,0,12
2022-10-24T21:53:55,11,1,0,12
2022-10-24T22:03:12,11,1,0,12
2022-10-24T22:12:30,11,1,0,12
2022-10-24T22:21:48,11,1,0,12
2022-10-24T22:31:05,11,1,0,12
2022-10-24T22:40:23,11,1,0,12
2022-10-24T22:49:40,11,1,0,12
2022-10-24T22:59:16,11,1,0,12
2022-10-24T23:08:35,11,1,0,12
2022-10-24T23:17:52,11,1,0,12
2022-10-24T23:27:10,11,1,0,12
2022-10-24T23:36:28,11,1,0,12
2022-10-24T23:45:45,11,1,0,12
2022-10-24T23:55:03,11,1,0,12
2022-10-25T00:04:22,11,1,0,12
2022-10-25T00:13:41,11,1,0,12
2022-10-25T00:23:04,11,1,0,12
2022-10-25T00:32:23,11,1,0,12
2022-10-25T00:41:45,11,1,0,12
2022-10-25T00:51:05,11,1,0,12
2022-10-25T01:00:25,11,1,0,12
2022-10-25T01:09:45,11,1,0,12
2022-10-25T01:19:03,11,1,0,12
2022-10-25T01:28:22,11,1,0,12
2022-10-25T01:37:41,11,1,0,12
2022-10-25T01:46:59,11,1,0,12
2022-10-25T01:56:15,11,1,0,12
2022-10-25T02:05:34,11,1,0,12
2022-10-25T02:14:52,11,1,0,12
2022-10-25T02:24:07,11,1,0,12
2022-10-25T02:33:22,11,1,0,12
2022-10-25T02:42:38,11,1,0,12
2022-10-25T02:51:59,11,1,0,12
2022-10-25T03:01:27,11,1,0,12
2022-10-25T03:10:45,11,1,0,12
2022-10-25T03:20:03,11,1,0,12
2022-10-25T03:29:20,11,1,0,12
2022-10-25T03:38:38,11,1,0,12
2022-10-25T03:47:57,11,1,0,12
2022-10-25T03:57:15,11,1,0,12
2022-10-25T04:06:34,11,1,0,12
2022-10-25T04:18:47,11,1,0,12
2022-10-25T04:28:10,11,1,0,12
2022-10-25T04:38:45,11,1,0,12
2022-10-25T04:48:21,11,1,0,12
2022-10-25T04:57:42,11,1,0,12
2022-10-25T05:07:01,11,1,0,12
2022-10-25T05:16:21,11,1,0,12
2022-10-25T05:25:39,11,1,0,12
2022-10-25T05:34:58,11,1,0,12
2022-10-25T05:44:17,11,1,0,12
2022-10-25T05:53:36,11,1,0,12
2022-10-25T06:02:55,11,1,0,12
2022-10-25T06:12:15,11,1,0,12
2022-10-25T06:21:35,11,1,0,12
2022-10-25T06:30:53,11,1,0,12
2022-10-25T06:40:11,11,1,0,12
2022-10-25T06:49:28,11,1,0,12
2022-10-25T06:58:45,11,1,0,12
2022-10-25T07:08:04,11,1,0,12
2022-10-25T07:17:22,11,1,0,12
2022-10-25T07:26:41,11,1,0,12
2022-10-25T07:36:01,11,1,0,12
2022-10-25T07:45:20,11,1,0,12
2022-10-25T07:54:39,11,1,0,12
2022-10-25T08:03:58,11,1,0,12
2022-10-25T08:13:17,11,1,0,12
2022-10-25T08:22:36,11,1,0,12
2022-10-25T08:31:55,11,1,0,12
2022-10-25T08:41:14,11,1,0,12
2022-10-25T08:50:31,11,1,0,12
2022-10-25T08:59:51,11,1,0,12
2022-10-25T09:09:19,11,1,0,12
2022-10-25T09:18:38,11,1,0,12
2022-10-25T09:27:58,11,1,0,12
2022-10-25T09:37:17,11,1,0,12
2022-10-25T09:46:36,11,1,0,12
2022-10-25T09:55:54,11,1,0,12
2022-10-25T10:05:13,11,1,0,12
2022-10-25T10:14:33,11,1,0,12
2022-10-25T10:23:51,11,1,0,12
2022-10-25T10:33:11,11,1,0,12
2022-10-25T10:42:29,11,1,0,12
2022-10-25T10:51:49,11,1,0,12
2022-10-25T11:01:08,11,1,0,12
2022-10-25T11:10:28,11,1,0,12
2022-10-25T11:19:57,11,1,0,12
2022-10-25T11:29:18,11,1,0,12
2022-10-25T11:38:38,11,1,0,12
2022-10-25T11:47:57,11,1,0,12
2022-10-25T11:57:16,11,1,0,12
2022-10-25T12:06:35,11,1,0,12
2022-10-25T12:15:53,11,1,0,12
2022-10-25T12:25:12,11,1,0,12
2022-10-25T12:34:31,11,1,0,12
2022-10-25T12:43:51,11,1,0,12
2022-10-25T12:53:10,11,1,0,12
2022-10-25T13:02:30,11,1,0,12
2022-10-25T13:11:49,11,1,0,12
2022-10-25T13:21:08,11,1,0,12
2022-10-25T13:30:37,11,1,0,12
2022-10-25T13:39:56,11,1,0,12
2022-10-25T13:49:15,11,1,0,12
2022-10-25T13:58:35,11,1,0,12
2022-10-25T14:07:55,11,1,0,12
2022-10-25T14:17:14,11,1,0,12
2022-10-25T14:26:33,11,1,0,12
2022-10-25T14:35:52,11,1,0,12
2022-10-25T14:45:11,11,1,0,12
2022-10-25T14:54:31,11,1,0,12
2022-10-25T15:03:49,11,1,0,12
2022-10-25T15:13:09,11,1,0,12
2022-10-25T15:22:29,11,1,0,12
2022-10-25T15:31:48,11,1,0,12
2022-10-25T15:41:17,11,1,0,12
2022-10-25T15:50:36,11,1,0,12
2022-10-25T15:59:54,11,1,0,12
2022-10-25T16:09:13,11,1,0,12
2022-10-25T16:18:32,11,1,0,12
2022-10-25T16:27:50,11,1,0,12
2022-10-25T16:37:09,11,1,0,12
2022-10-25T16:46:27,11,1,0,12
2022-10-25T16:55:45,11,1,0,12
2022-10-25T17:05:04,11,1,0,12
2022-10-25T17:14:23,11,1,0,12
2022-10-25T17:23:41,11,1,0,12
2022-10-25T17:33:00,11,1,0,12
2022-10-25T17:42:28,11,1,0,12
2022-10-25T17:51:48,11,1,0,12
2022-10-25T18:01:07,11,1,0,12
2022-10-25T18:10:26,11,1,0,12
2022-10-25T18:19:44,11,1,0,12
2022-10-25T18:29:02,11,1,0,12
2022-10-25T18:38:19,11,1,0,12
2022-10-25T18:47:37,11,1,0,12
2022-10-25T18:56:55,11,1,0,12
2022-10-25T19:06:13,11,1,0,12
2022-10-25T19:15:32,11,1,0,12
2022-10-25T19:24:50,11,1,0,12
2022-10-25T19:34:08,11,1,0,12
2022-10-25T19:43:27,11,1,0,12
2022-10-25T19:52:45,11,1,0,12
2022-10-25T20:02:14,11,1,0,12
2022-10-25T20:11:33,11,1,0,12
2022-10-25T20:20:49,11,1,0,12
2022-10-25T20:30:05,11,1,0,12
2022-10-25T20:39:21,11,1,0,12
2022-10-25T20:48:37,11,1,0,12
2022-10-25T20:57:53,11,1,0,12
2022-10-25T21:07:10,11,1,0,12
2022-10-25T21:16:26,11,1,0,12
2022-10-25T21:25:43,11,1,0,12
2022-10-25T21:34:59,11,1,0,12
2022-10-25T21:44:15,11,1,0,12
2022-10-25T21:53:31,11,1,0,12
2022-10-25T22:02:48,11,1,0,12
2022-10-25T22:12:05,11,1,0,12
2022-10-25T22:21:21,11,1,0,12
2022-10-25T22:30:37,11,1,0,12
2022-10-25T22:39:54,11,1,0,12
2022-10-25T22:49:21,11,1,0,12
2022-10-25T22:58:37,11,1,0,12
2022-10-25T23:07:54,11,1,0,12
2022-10-25T23:17:11,11,1,0,12
2022-10-25T23:26:27,11,1,0,12
2022-10-25T23:35:43,11,1,0,12
2022-10-25T23:44:59,11,1,0,12
2022-10-25T23:54:15,11,1,0,12
2022-10-26T00:03:31,11,1,0,12
2022-10-26T00:12:49,11,1,0,12
2022-10-26T00:22:07,11,1,0,12
2022-10-26T00:31:24,11,1,0,12
2022-10-26T00:40:44,11,1,0,12
2022-10-26T00:50:03,11,1,0,12
2022-10-26T00:59:22,11,1,0,12
2022-10-26T01:08:42,11,1,0,12
2022-10-26T01:18:02,11,1,0,12
2022-10-26T01:27:22,11,1,0,12
2022-10-26T01:36:51,11,1,0,12
2022-10-26T01:46:09,11,1,0,12
2022-10-26T01:55:28,11,1,0,12
2022-10-26T02:04:46,11,1,0,12
2022-10-26T02:14:03,11,1,0,12
2022-10-26T02:23:23,11,1,0,12
2022-10-26T02:32:42,11,1,0,12
2022-10-26T02:42:01,11,1,0,12
2022-10-26T02:51:18,11,1,0,12
2022-10-26T03:00:38,11,1,0,12
2022-10-26T03:09:54,11,1,0,12
2022-10-26T03:19:11,11,1,0,12
2022-10-26T03:28:28,11,1,0,12
2022-10-26T03:37:45,11,1,0,12
2022-10-26T03:47:05,11,1,0,12
2022-10-26T03:56:24,11,1,0,12
2022-10-26T04:05:43,11,1,0,12
2022-10-26T04:15:02,11,1,0,12
2022-10-26T04:34:00,11,1,0,12
2022-10-26T04:43:38,11,1,0,12
2022-10-26T04:53:00,11,1,0,12
2022-10-26T05:02:20,11,1,0,12
2022-10-26T05:11:39,11,1,0,12
2022-10-26T05:20:57,11,1,0,12
2022-10-26T05:30:13,11,1,0,12
2022-10-26T05:39:30,11,1,0,12
2022-10-26T05:48:47,11,1,0,12
2022-10-26T05:58:05,11,1,0,12
2022-10-26T06:07:25,11,1,0,12
2022-10-26T06:16:44,11,1,0,12
2022-10-26T06:26:03,11,1,0,12
2022-10-26T06:35:19,11,1,0,12
2022-10-26T06:44:37,11,1,0,12
2022-10-26T06:53:53,11,1,0,12
2022-10-26T07:03:11,11,1,0,12
2022-10-26T07:12:31,11,1,0,12
2022-10-26T07:21:49,11,1,0,12
2022-10-26T07:31:08,11,1,0,12
2022-10-26T07:40:27,11,1,0,12
2022-10-26T07:49:56,11,1,0,12
2022-10-26T07:59:14,11,1,0,12
2022-10-26T08:08:34,11,1,0,12
2022-10-26T08:17:54,11,1,0,12
2022-10-26T08:27:15,11,1,0,12
2022-10-26T08:36:34,11,1,0,12
2022-10-26T08:45:56,11,1,0,12
2022-10-26T08:55:22,11,1,0,12
2022-10-26T09:04:49,11,1,0,12
2022-10-26T09:14:15,11,1,0,12
2022-10-26T09:23:41,11,1,0,12
2022-10-26T09:33:06,11,1,0,12
2022-10-26T09:42:32,11,1,0,12
2022-10-26T09:52:21,11,1,0,12
2022-10-26T10:01:51,11,1,0,12
2022-10-26T10:11:18,11,1,0,12
2022-10-26T10:20:42,11,1,0,12
2022-10-26T10:30:05,11,1,0,12
2022-10-26T10:39:27,11,1,0,12
2022-10-26T10:48:47,11,1,0,12
2022-10-26T10:58:07,11,1,0,12
2022-10-26T11:07:27,11,1,0,12
2022-10-26T11:16:47,11,1,0,12
2022-10-26T11:26:18,11,1,0,12
2022-10-26T11:35:38,11,1,0,12
2022-10-26T11:44:59,11,1,0,12
2022-10-26T11:54:19,11,1,0,12
2022-10-26T12:03:39,11,1,0,12
2022-10-26T12:12:59,11,1,0,12
2022-10-26T12:22:18,11,1,0,12
2022-10-26T12:31:37,11,1,0,12
2022-10-26T12:40:57,11,1,0,12
2022-10-26T12:50:15,11,1,0,12
2022-10-26T12:59:35,11,1,0,12
2022-10-26T13:08:54,11,1,0,12
2022-10-26T13:18:14,11,1,0,12
2022-10-26T13:27:45,11,1,0,12
2022-10-26T13:37:04,11,1,0,12
2022-10-26T13:46:23,11,1,0,12
2022-10-26T13:55:44,11,1,0,12
2022-10-26T14:05:06,11,1,0,12
2022-10-26T14:14:27,11,1,0,12
2022-10-26T14:23:48,11,1,0,12
2022-10-26T14:33:09,11,1,0,12
2022-10-26T14:42:29,11,1,0,12
2022-10-26T14:51:49,11,1,0,12
2022-10-26T15:01:08,11,1,0,12
2022-10-26T15:10:29,11,1,0,12
2022-10-26T15:19:48,11,1,0,12
2022-10-26T15:29:08,11,1,0,12
2022-10-26T15:38:27,11,1,0,12
2022-10-26T15:47:46,11,1,0,12
2022-10-26T15:57:17,11,1,0,12
2022-10-26T16:06:35,11,1,0,12
2022-10-26T16:15:54,11,1,0,12
2022-10-26T16:25:13,11,1,0,12
2022-10-26T16:34:32,11,1,0,12
2022-10-26T16:43:50,11,1,0,12
2022-10-26T16:53:09,11,1,0,12
2022-10-26T17:02:28,11,1,0,12
2022-10-26T17:11:47,11,1,0,12
2022-10-26T17:21:05,11,1,0,12
2022-10-26T17:30:23,11,1,0,12
2022-10-26T17:39:41,11,1,0,12
2022-10-26T17:49:00,11,1,0,12
2022-10-26T17:58:19,11,1,0,12
2022-10-26T18:07:49,11,1,0,12
2022-10-26T18:17:08,11,1,0,12
2022-10-26T18:26:26,11,1,0,12
2022-10-26T18:35:44,11,1,0,12
2022-10-26T18:45:02,11,1,0,12
2022-10-26T18:54:20,11,1,0,12
2022-10-26T19:03:38,11,1,0,12
2022-10-26T19:12:56,11,1,0,12
2022-10-26T19:22:14,11,1,0,12
2022-10-26T19:31:32,11,1,0,12
2022-10-26T19:40:50,11,1,0,12
2022-10-26T19:50:08,11,1,0,12
2022-10-26T19:59:26,11,1,0,12
2022-10-26T20:08:54,11,1,0,12
2022-10-26T20:18:12,11,1,0,12
2022-10-26T20:27:28,11,1,0,12
2022-10-26T20:36:44,11,1,0,12
2022-10-26T20:46:00,11,1,0,12
2022-10-26T20:55:17,11,1,0,12
2022-10-26T21:04:33,11,1,0,12
2022-10-26T21:13:49,11,1,0,12
2022-10-26T21:23:07,11,1,0,12
2022-10-26T21:32:23,11,1,0,12
2022-10-26T21:41:39,11,1,0,12
2022-10-26T21:50:56,11,1,0,12
2022-10-26T22:00:12,11,1,0,12
2022-10-26T22:09:28,11,1,0,12
2022-10-26T22:18:45,11,1,0,12
2022-10-26T22:28:01,11,1,0,12
2022-10-26T22:37:18,11,1,0,12
2022-10-26T22:46:44,11,1,0,12
2022-10-26T22:56:00,11,1,0,12
2022-10-26T23:05:18,11,1,0,12
2022-10-26T23:14:34,11,1,0,12
2022-10-26T23:23:50,11,1,0,12
2022-10-26T23:33:07,11,1,0,12
2022-10-26T23:42:23,11,1,0,12
2022-10-26T23:51:39,11,1,0,12
2022-10-27T00:00:55,11,1,0,12
2022-10-27T00:10:11,11,1,0,12
2022-10-27T00:19:32,11,1,0,12
2022-10-27T00:28:59,11,1,0,12
2022-10-27T00:38:19,11,1,0,12
2022-10-27T00:47:38,11,1,0,12
2022-10-27T00:56:57,11,1,0,12
2022-10-27T01:06:16,11,1,0,12
2022-10-27T01:15:35,11,1,0,12
2022-10-27T01:24:52,11,1,0,12
2022-10-27T01:34:09,11,1,0,12
2022-10-27T01:43:27,11,1,0,12
2022-10-27T01:52:44,11,1,0,12
2022-10-27T02:02:01,11,1,0,12
2022-10-27T02:11:18,11,1,0,12
2022-10-27T02:20:34,11,1,0,12
2022-10-27T02:29:49,11,1,0,12
2022-10-27T02:39:04,11,1,0,12
2022-10-27T02:48:20,11,1,0,12
2022-10-27T02:57:39,11,1,0,12
2022-10-27T03:06:57,11,1,0,12
2022-10-27T03:16:13,11,1,0,12
2022-10-27T03:25:29,11,1,0,12
2022-10-27T03:34:59,11,1,0,12
2022-10-27T03:44:20,11,1,0,12
2022-10-27T03:53:39,11,1,0,12
2022-10-27T04:02:58,11,1,0,12
2022-10-27T04:12:18,11,1,0,12
2022-10-27T04:26:58,11,1,0,12
2022-10-27T04:36:41,11,1,0,12
2022-10-27T04:46:02,11,1,0,12
2022-10-27T04:55:22,11,1,0,12
2022-10-27T05:04:41,11,1,0,12
2022-10-27T05:14:01,11,1,0,12
2022-10-27T05:23:20,11,1,0,12
2022-10-27T05:32:39,11,1,0,12
2022-10-27T05:41:58,11,1,0,12
2022-10-27T05:51:17,11,1,0,12
2022-10-27T06:00:38,11,1,0,12
2022-10-27T06:10:00,11,1,0,12
2022-10-27T06:19:20,11,1,0,12
2022-10-27T06:28:41,11,1,0,12
2022-10-27T06:38:01,11,1,0,12
2022-10-27T06:47:19,11,1,0,12
2022-10-27T06:56:36,11,1,0,12
2022-10-27T07:05:55,11,1,0,12
2022-10-27T07:15:14,11,1,0,12
2022-10-27T07:24:32,11,1,0,12
2022-10-27T07:33:52,11,1,0,12
2022-10-27T07:43:11,11,1,0,12
2022-10-27T07:52:32,11,1,0,12
2022-10-27T08:01:52,11,1,0,12
2022-10-27T08:11:11,11,1,0,12
2022-10-27T08:20:38,11,1,0,12
2022-10-27T08:29:57,11,1,0,12
2022-10-27T08:39:15,11,1,0,12
2022-10-27T08:48:34,11,1,0,12
2022-10-27T08:57:53,11,1,0,12
2022-10-27T09:07:13,11,1,0,12
2022-10-27T09:16:49,11,1,0,12
2022-10-27T09:26:09,11,1,0,12
2022-10-27T09:35:28,11,1,0,12
2022-10-27T09:44:48,11,1,0,12
2022-10-27T09:54:07,11,1,0,12
2022-10-27T10:03:27,11,1,0,12
2022-10-27T10:12:49,11,1,0,12
2022-10-27T10:22:08,11,1,0,12
2022-10-27T10:31:27,11,1,0,12
2022-10-27T10:40:47,11,1,0,12
2022-10-27T10:50:20,11,1,0,12
2022-10-27T10:59:40,11,1,0,12
2022-10-27T11:09:05,11,1,0,12
2022-10-27T11:18:31,11,1,0,12
2022-10-27T11:27:51,11,1,0,12
2022-10-27T11:37:10,11,1,0,12
2022-10-27T11:46:29,11,1,0,12
2022-10-27T11:55:48,11,1,0,12
2022-10-27T12:05:08,11,1,0,12
2022-10-27T12:14:27,11,1,0,12
2022-10-27T12:23:57,11,1,0,12
2022-10-27T12:33:16,11,1,0,12
2022-10-27T12:42:38,11,1,0,12
2022-10-27T12:51:57,11,1,0,12
2022-10-27T13:01:16,11,1,0,12
2022-10-27T13:10:35,11,1,0,12
2022-10-27T13:19:54,11,1,0,12
2022-10-27T13:29:14,11,1,0,12
2022-10-27T13:38:32,11,1,0,12
2022-10-27T13:47:51,11,1,0,12
2022-10-27T13:57:11,11,1,0,12
2022-10-27T14:06:31,11,1,0,12
2022-10-27T14:15:49,11,1,0,12
2022-10-27T14:25:08,11,1,0,12
2022-10-27T14:34:28,11,1,0,12
2022-10-27T14:43:47,11,1,0,12
2022-10-27T14:53:07,11,1,0,12
2022-10-27T15:02:26,11,1,0,12
2022-10-27T15:11:45,11,1,0,12
2022-10-27T15:21:04,11,1,0,12
2022-10-27T15:30:24,11,1,0,12
2022-10-27T15:39:54,11,1,0,12
2022-10-27T15:49:13,11,1,0,12
2022-10-27T15:58:31,11,1,0,12
2022-10-27T16:07:50,11,1,0,12
2022-10-27T16:17:09,11,1,0,12
2022-10-27T16:26:27,11,1,0,12
2022-10-27T16:35:45,11,1,0,12
2022-10-27T16:45:03,11,1,0,12
2022-10-27T16:54:21,11,1,0,12
2022-10-27T17:03:39,11,1,0,12
2022-10-27T17:12:58,11,1,0,12
2022-10-27T17:22:28,11,1,0,12
2022-10-27T17:31:46,11,1,0,12
2022-10-27T17:41:04,11,1,0,12
2022-10-27T17:50:22,11,1,0,12
2022-10-27T17:59:40,11,1,0,12
2022-10-27T18:08:58,11,1,0,12
2022-10-27T18:18:16,11,1,0,12
2022-10-27T18:27:34,11,1,0,12
2022-10-27T18:36:53,11,1,0,12
2022-10-27T18:46:11,11,1,0,12
2022-10-27T18:55:29,11,1,0,12
2022-10-27T19:04:47,11,1,0,12
2022-10-27T19:14:05,11,1,0,12
2022-10-27T19:23:23,11,1,0,12
2022-10-27T19:32:51,11,1,0,12
2022-10-27T19:42:09,11,1,0,12
2022-10-27T19:51:27,11,1,0,12
2022-10-27T20:00:44,11,1,0,12
2022-10-27T20:10:02,11,1,0,12
2022-10-27T20:19:20,11,1,0,12
2022-10-27T20:28:37,11,1,0,12
2022-10-27T20:37:55,11,1,0,12
2022-10-27T20:47:12,11,1,0,12
2022-10-27T20:56:30,11,1,0,12
2022-10-27T21:05:47,11,1,0,12
2022-10-27T21:15:05,11,1,0,12
2022-10-27T21:24:23,11,1,0,12
2022-10-27T21:33:40,11,1,0,12
2022-10-27T21:42:58,11,1,0,12
2022-10-27T21:52:15,11,1,0,12
2022-10-27T22:01:42,11,1,0,12
2022-10-27T22:11:00,11,1,0,12
2022-10-27T22:20:18,11,1,0,12
2022-10-27T22:29:35,11,1,0,12
2022-10-27T22:38:53,11,1,0,12
2022-10-27T22:48:10,11,1,0,12
2022-10-27T22:57:27,11,1,0,12
2022-10-27T23:06:46,11,1,0,12
2022-10-27T23:16:04,11,1,0,12
2022-10-27T23:25:22,11,1,0,12
2022-10-27T23:34:40,11,1,0,12
2022-10-27T23:43:57,11,1,0,12
2022-10-27T23:53:14,11,1,0,12
2022-10-28T00:02:31,11,1,0,12
2022-10-28T00:11:50,11,1,0,12
2022-10-28T00:21:12,11,1,0,12
2022-10-28T00:30:31,11,1,0,12
2022-10-28T00:39:51,11,1,0,12
2022-10-28T00:49:22,11,1,0,12
2022-10-28T00:58:43,11,1,0,12
2022-10-28T01:08:04,11,1,0,12
2022-10-28T01:17:26,11,1,0,12
2022-10-28T01:26:47,11,1,0,12
2022-10-28T01:36:09,11,1,0,12
2022-10-28T01:45:28,11,1,0,12
2022-10-28T01:54:47,11,1,0,12
2022-10-28T02:04:06,11,1,0,12
2022-10-28T02:13:28,11,1,0,12
2022-10-28T02:22:49,11,1,0,12
2022-10-28T02:32:09,11,1,0,12
2022-10-28T02:41:28,11,1,0,12
2022-10-28T02:50:47,11,1,0,12
2022-10-28T03:00:06,11,1,0,12
2022-10-28T03:09:24,11,1,0,12
2022-10-28T03:18:42,11,1,0,12
2022-10-28T03:28:00,11,1,0,12
2022-10-28T03:37:21,11,1,0,12
2022-10-28T03:46:41,11,1,0,12
2022-10-28T03:56:02,11,1,0,12
2022-10-28T04:06:52,11,1,0,12
2022-10-28T04:17:13,11,1,0,12
2022-10-28T04:36:58,11,1,0,12
2022-10-28T04:46:21,11,1,0,12
2022-10-28T04:55:43,11,1,0,12
2022-10-28T05:05:04,11,1,0,12
2022-10-28T05:14:24,11,1,0,12
2022-10-28T05:23:41,11,1,0,12
2022-10-28T05:32:56,11,1,0,12
2022-10-28T05:42:12,11,1,0,12
2022-10-28T05:51:29,11,1,0,12
2022-10-28T06:00:49,11,1,0,12
2022-10-28T06:10:09,11,1,0,12
2022-10-28T06:19:29,11,1,0,12
2022-10-28T06:28:48,11,1,0,12
2022-10-28T06:38:05,11,1,0,12
2022-10-28T06:47:22,11,1,0,12
2022-10-28T06:56:41,11,1,0,12
2022-10-28T07:06:04,11,1,0,12
2022-10-28T07:15:24,11,1,0,12
2022-10-28T07:24:43,11,1,0,12
2022-10-28T07:34:02,11,1,0,12
2022-10-28T07:43:22,11,1,0,12
2022-10-28T07:52:40,11,1,0,12
2022-10-28T08:01:59,11,1,0,12
2022-10-28T08:11:18,11,1,0,12
2022-10-28T08:20:36,11,1,0,12
2022-10-28T08:29:55,11,1,0,12
2022-10-28T08:39:24,11,1,0,12
2022-10-28T08:48:43,11,1,0,12
2022-10-28T08:58:01,11,1,0,12
2022-10-28T09:07:35,11,1,0,12
2022-10-28T09:16:55,11,1,0,12
2022-10-28T09:26:14,11,1,0,12
2022-10-28T09:35:33,11,1,0,12
2022-10-28T09:44:51,11,1,0,12
2022-10-28T09:54:11,11,1,0,12
2022-10-28T10:03:30,11,1,0,12
2022-10-28T10:12:47,11,1,0,12
2022-10-28T10:22:06,11,1,0,12
2022-10-28T10:31:24,11,1,0,12
2022-10-28T10:40:42,11,1,0,12
2022-10-28T10:49:59,11,1,0,12
2022-10-28T10:59:28,11,1,0,12
2022-10-28T11:08:45,11,1,0,12
2022-10-28T11:18:03,11,1,0,12
2022-10-28T11:27:21,11,1,0,12
2022-10-28T11:36:40,11,1,0,12
2022-10-28T11:45:57,11,1,0,12
2022-10-28T11:55:14,11,1,0,12
2022-10-28T12:04:31,11,1,0,12
2022-10-28T12:13:49,11,1,0,12
2022-10-28T12:23:06,11,1,0,12
2022-10-28T12:32:24,11,1,0,12
2022-10-28T12:41:51,11,1,0,12
2022-10-28T12:51:08,11,1,0,12
2022-10-28T13:00:25,11,1,0,12
2022-10-28T13:09:42,11,1,0,12
2022-10-28T13:18:59,11,1,0,12
2022-10-28T13:28:17,11,1,0,12
2022-10-28T13:37:34,11,1,0,12
2022-10-28T13:46:51,11,1,0,12
2022-10-28T13:56:08,11,1,0,12
2022-10-28T14:05:28,11,1,0,12
2022-10-28T14:14:46,11,1,0,12
2022-10-28T14:24:03,11,1,0,12
2022-10-28T14:33:31,11,1,0,12
2022-10-28T14:42:49,11,1,0,12
2022-10-28T14:52:05,11,1,0,12
2022-10-28T15:01:23,11,1,0,12
2022-10-28T15:10:40,11,1,0,12
2022-10-28T15:19:57,11,1,0,12
2022-10-28T15:29:15,11,1,0,12
2022-10-28T15:38:32,11,1,0,12
2022-10-28T15:47:49,11,1,0,12
2022-10-28T15:57:06,11,1,0,12
2022-10-28T16:06:23,11,1,0,12
2022-10-28T16:15:41,11,1,0,12
2022-10-28T16:25:08,11,1,0,12
2022-10-28T16:34:24,11,1,0,12
2022-10-28T16:43:40,11,1,0,12
2022-10-28T16:52:57,11,1,0,12
2022-10-28T17:02:13,11,1,0,12
2022-10-28T17:11:30,11,1,0,12
2022-10-28T17:20:47,11,1,0,12
2022-10-28T17:30:03,11,1,0,12
2022-10-28T17:39:20,11,1,0,12
2022-10-28T17:48:37,11,1,0,12
2022-10-28T17:57:53,11,1,0,12
2022-10-28T18:07:10,11,1,0,12
2022-10-28T18:16:26,11,1,0,12
2022-10-28T18:25:54,11,1,0,12
2022-10-28T18:35:10,11,1,0,12
2022-10-28T18:44:27,11,1,0,12
2022-10-28T18:53:43,11,1,0,12
2022-10-28T19:03:00,11,1,0,12
2022-10-28T19:12:26,11,1,0,12
2022-10-28T19:21:42,11,1,0,12
2022-10-28T19:30:59,11,1,0,12
2022-10-28T19:40:15,11,1,0,12
2022-10-28T19:49:31,11,1,0,12
2022-10-28T19:58:46,11,1,0,12
2022-10-28T20:08:03,11,1,0,12
2022-10-28T20:17:19,11,1,0,12
2022-10-28T20:26:35,11,1,0,12
2022-10-28T20:35:51,11,1,0,12
2022-10-28T20:45:07,11,1,0,12
2022-10-28T20:54:23,11,1,0,12
2022-10-28T21:03:40,11,1,0,12
2022-10-28T21:12:56,11,1,0,12
2022-10-28T21:22:12,11,1,0,12
2022-10-28T21:31:27,11,1,0,12
2022-10-28T21:40:43,11,1,0,12
2022-10-28T21:49:59,11,1,0,12
2022-10-28T21:59:15,11,1,0,12
2022-10-28T22:08:31,11,1,0,12
2022-10-28T22:17:57,11,1,0,12
2022-10-28T22:27:16,11,1,0,12
2022-10-28T22:36:32,11,1,0,12
2022-10-28T22:45:47,11,1,0,12
2022-10-28T22:55:03,11,1,0,12
2022-10-28T23:04:20,11,1,0,12
2022-10-28T23:13:37,11,1,0,12
2022-10-28T23:22:53,11,1,0,12
2022-10-28T23:32:09,11,1,0,12
2022-10-28T23:41:25,11,1,0,12
2022-10-28T23:50:41,11,1,0,12
2022-10-28T23:59:57,11,1,0,12
2022-10-29T00:09:16,11,1,0,12
2022-10-29T00:18:38,11,1,0,12
2022-10-29T00:27:55,11,1,0,12
2022-10-29T00:37:14,11,1,0,12
2022-10-29T00:46:34,11,1,0,12
2022-10-29T00:55:53,11,1,0,12
2022-10-29T01:05:13,11,1,0,12
2022-10-29T01:14:31,11,1,0,12
2022-10-29T01:23:49,11,1,0,12
2022-10-29T01:33:08,11,1,0,12
2022-10-29T01:42:26,11,1,0,12
2022-10-29T01:51:42,11,1,0,12
2022-10-29T02:00:59,11,1,0,12
2022-10-29T02:10:15,11,1,0,12
2022-10-29T02:19:31,11,1,0,12
2022-10-29T02:28:57,11,1,0,12
2022-10-29T02:38:13,11,1,0,12
2022-10-29T02:47:28,11,1,0,12
2022-10-29T02:56:45,11,1,0,12
2022-10-29T03:06:00,11,1,0,12
2022-10-29T03:15:16,11,1,0,12
2022-10-29T03:24:31,11,1,0,12
2022-10-29T03:33:47,11,1,0,12
2022-10-29T03:43:04,11,1,0,12
2022-10-29T03:52:22,11,1,0,12
2022-10-29T04:01:40,11,1,0,12
2022-10-29T04:10:59,11,1,0,12
2022-10-29T04:24:59,11,1,0,12
2022-10-29T04:34:45,11,1,0,12
2022-10-29T04:44:04,11,1,0,12
2022-10-29T04:53:22,11,1,0,12
2022-10-29T05:02:38,11,1,0,12
2022-10-29T05:11:54,11,1,0,12
2022-10-29T05:21:09,11,1,0,12
2022-10-29T05:30:27,11,1,0,12
2022-10-29T05:40:29,11,1,0,12
2022-10-29T05:49:49,11,1,0,12
2022-10-29T05:59:10,11,1,0,12
2022-10-29T06:08:31,11,1,0,12
2022-10-29T06:17:50,11,1,0,12
2022-10-29T06:27:10,11,1,0,12
2022-10-29T06:36:30,11,1,0,12
2022-10-29T06:45:50,11,1,0,12
2022-10-29T06:55:10,11,1,0,12
2022-10-29T07:04:32,11,1,0,12
2022-10-29T07:13:53,11,1,0,12
2022-10-29T07:23:14,11,1,0,12
2022-10-29T07:32:35,11,1,0,12
2022-10-29T07:41:56,11,1,0,12
2022-10-29T07:51:17,11,1,0,12
2022-10-29T08:00:37,11,1,0,12
2022-10-29T08:09:59,11,1,0,12
2022-10-29T08:19:28,11,1,0,12
2022-10-29T08:28:49,11,1,0,12
2022-10-29T08:38:09,11,1,0,12
2022-10-29T08:47:31,11,1,0,12
2022-10-29T08:56:51,11,1,0,12
2022-10-29T09:06:11,11,1,0,12
2022-10-29T09:15:30,11,1,0,12
2022-10-29T09:24:50,11,1,0,12
2022-10-29T09:34:09,11,1,0,12
2022-10-29T09:43:28,11,1,0,12
2022-10-29T09:52:47,11,1,0,12
2022-10-29T10:02:16,11,1,0,12
2022-10-29T10:11:36,11,1,0,12
2022-10-29T10:20:55,11,1,0,12
2022-10-29T10:30:14,11,1,0,12
2022-10-29T10:39:34,11,1,0,12
2022-10-29T10:48:52,11,1,0,12
2022-10-29T10:58:09,11,1,0,12
2022-10-29T11:07:26,11,1,0,12
2022-10-29T11:16:43,11,1,0,12
2022-10-29T11:26:01,11,1,0,12
2022-10-29T11:35:18,11,1,0,12
2022-10-29T11:44:35,11,1,0,12
2022-10-29T11:53:52,11,1,0,12
2022-10-29T12:03:08,11,1,0,12
2022-10-29T12:12:25,11,1,0,12
2022-10-29T12:21:42,11,1,0,12
2022-10-29T12:31:00,11,1,0,12
2022-10-29T12:40:17,11,1,0,12
2022-10-29T12:49:33,11,1,0,12
2022-10-29T12:58:51,11,1,0,12
2022-10-29T13:08:09,11,1,0,12
2022-10-29T13:17:25,11,1,0,12
2022-10-29T13:26:43,11,1,0,12
2022-10-29T13:36:00,11,1,0,12
2022-10-29T13:45:17,11,1,0,12
2022-10-29T13:54:45,11,1,0,12
2022-10-29T14:04:03,11,1,0,12
2022-10-29T14:13:20,11,1,0,12
2022-10-29T14:22:38,11,1,0,12
2022-10-29T14:31:56,11,1,0,12
2022-10-29T14:41:13,11,1,0,12
2022-10-29T14:50:30,11,1,0,12
2022-10-29T14:59:47,11,1,0,12
2022-10-29T15:09:04,11,1,0,12
2022-10-29T15:18:22,11,1,0,12
2022-10-29T15:27:44,11,1,0,12
2022-10-29T15:37:01,11,1,0,12
2022-10-29T15:46:18,11,1,0,12
2022-10-29T15:55:35,11,1,0,12
2022-10-29T16:04:52,11,1,0,12
2022-10-29T16:14:09,11,1,0,12
2022-10-29T16:23:26,11,1,0,12
2022-10-29T16:32:43,11,1,0,12
2022-10-29T16:41:59,11,1,0,12
2022-10-29T16:51:16,11,1,0,12
2022-10-29T17:00:33,11,1,0,12
2022-10-29T17:09:50,11,1,0,12
2022-10-29T17:19:08,11,1,0,12
2022-10-29T17:28:24,11,1,0,12
2022-10-29T17:37:42,11,1,0,12
2022-10-29T17:46:59,11,1,0,12
2022-10-29T17:56:16,11,1,0,12
2022-10-29T18:05:33,11,1,0,12
2022-10-29T18:14:50,11,1,0,12
2022-10-29T18:24:07,11,1,0,12
2022-10-29T18:33:24,11,1,0,12
2022-10-29T18:42:41,11,1,0,12
2022-10-29T18:51:57,11,1,0,12
2022-10-29T19:01:14,11,1,0,12
2022-10-29T19:11:57,11,1,0,12
2022-10-29T19:21:14,11,1,0,12
2022-10-29T19:30:31,11,1,0,12
2022-10-29T19:39:47,11,1,0,12
2022-10-29T19:49:04,11,1,0,12
2022-10-29T19:58:21,11,1,0,12
2022-10-29T20:07:38,11,1,0,12
2022-10-29T20:17:04,11,1,0,12
2022-10-29T20:26:21,11,1,0,12
2022-10-29T20:35:37,11,1,0,12
2022-10-29T20:44:53,11,1,0,12
2022-10-29T20:54:10,11,1,0,12
2022-10-29T21:03:26,11,1,0,12
2022-10-29T21:12:42,11,1,0,12
2022-10-29T21:21:59,11,1,0,12
2022-10-29T21:31:16,11,1,0,12
2022-10-29T21:40:33,11,1,0,12
2022-10-29T21:49:50,11,1,0,12
2022-10-29T21:59:07,11,1,0,12
2022-10-29T22:08:25,11,1,0,12
2022-10-29T22:17:42,11,1,0,12
2022-10-29T22:26:59,11,1,0,12
2022-10-29T22:36:15,11,1,0,12
2022-10-29T22:45:32,11,1,0,12
2022-10-29T22:54:49,11,1,0,12
2022-10-29T23:04:06,11,1,0,12
2022-10-29T23:13:24,11,1,0,12
2022-10-29T23:22:41,11,1,0,12
2022-10-29T23:31:58,11,1,0,12
2022-10-29T23:41:15,11,1,0,12
2022-10-29T23:50:32,11,1,0,12
2022-10-29T23:59:48,11,1,0,12
2022-10-30T00:09:15,11,1,0,12
2022-10-30T00:18:34,11,1,0,12
2022-10-30T00:27:52,11,1,0,12
2022-10-30T00:37:11,11,1,0,12
2022-10-30T00:46:31,11,1,0,12
2022-10-30T00:55:49,11,1,0,12
2022-10-30T01:05:07,11,1,0,12
2022-10-30T01:14:24,11,1,0,12
2022-10-30T01:23:42,11,1,0,12
2022-10-30T01:33:00,11,1,0,12
2022-10-30T01:42:19,11,1,0,12
2022-10-30T01:51:36,11,1,0,12
2022-10-30T02:00:57,11,1,0,12
2022-10-30T02:10:26,11,1,0,12
2022-10-30T02:19:46,11,1,0,12
2022-10-30T02:29:05,11,1,0,12
2022-10-30T02:38:24,11,1,0,12
2022-10-30T02:47:41,11,1,0,12
2022-10-30T02:56:59,11,1,0,12
2022-10-30T03:06:17,11,1,0,12
2022-10-30T03:15:36,11,1,0,12
2022-10-30T03:24:56,11,1,0,12
2022-10-30T03:34:16,11,1,0,12
2022-10-30T03:43:37,11,1,0,12
2022-10-30T03:52:57,11,1,0,12
2022-10-30T04:02:17,11,1,0,12
2022-10-30T04:11:39,11,1,0,12
2022-10-30T04:29:06,11,1,0,12
2022-10-30T04:38:28,11,1,0,12
2022-10-30T04:48:09,11,1,0,12
2022-10-30T04:58:40,11,1,0,12
2022-10-30T05:07:59,11,1,0,12
2022-10-30T05:17:16,11,1,0,12
2022-10-30T05:26:31,11,1,0,12
2022-10-30T05:35:47,11,1,0,12
2022-10-30T05:45:03,11,1,0,12
2022-10-30T05:54:21,11,1,0,12
2022-10-30T06:03:39,11,1,0,12
2022-10-30T06:12:59,11,1,0,12
2022-10-30T06:22:17,11,1,0,12
2022-10-30T06:31:34,11,1,0,12
2022-10-30T06:40:51,11,1,0,12
2022-10-30T06:50:07,11,1,0,12
2022-10-30T06:59:24,11,1,0,12
2022-10-30T07:08:42,11,1,0,12
2022-10-30T07:18:04,11,1,0,12
2022-10-30T07:27:22,11,1,0,12
2022-10-30T07:36:40,11,1,0,12
2022-10-30T07:45:59,11,1,0,12
2022-10-30T07:55:17,11,1,0,12
2022-10-30T08:04:35,11,1,0,12
2022-10-30T08:13:53,11,1,0,12
2022-10-30T08:23:11,11,1,0,12
2022-10-30T08:32:30,11,1,0,12
2022-10-30T08:41:47,11,1,0,12
2022-10-30T08:51:05,11,1,0,12
2022-10-30T09:00:22,11,1,0,12
2022-10-30T09:09:58,11,1,0,12
2022-10-30T09:19:16,11,1,0,12
2022-10-30T09:28:33,11,1,0,12
2022-10-30T09:37:50,11,1,0,12
2022-10-30T09:47:07,11,1,0,12
2022-10-30T09:56:24,11,1,0,12
2022-10-30T10:05:41,11,1,0,12
2022-10-30T10:14:59,11,1,0,12
2022-10-30T10:24:15,11,1,0,12
2022-10-30T10:33:32,11,1,0,12
2022-10-30T10:42:49,11,1,0,12
2022-10-30T10:52:06,11,1,0,12
2022-10-30T11:01:24,11,1,0,12
2022-10-30T11:10:41,11,1,0,12
2022-10-30T11:19:58,11,1,0,12
2022-10-30T11:29:15,11,1,0,12
2022-10-30T11:38:32,11,1,0,12
2022-10-30T11:47:50,11,1,0,12
2022-10-30T11:57:16,11,1,0,12
2022-10-30T12:06:33,11,1,0,12
2022-10-30T12:15:50,11,1,0,12
2022-10-30T12:25:07,11,1,0,12
2022-10-30T12:34:25,11,1,0,12
2022-10-30T12:43:42,11,1,0,12
2022-10-30T12:52:59,11,1,0,12
2022-10-30T13:02:16,11,1,0,12
2022-10-30T13:11:33,11,1,0,12
2022-10-30T13:20:50,11,1,0,12
2022-10-30T13:30:07,11,1,0,12
2022-10-30T13:39:25,11,1,0,12
2022-10-30T13:48:42,11,1,0,12
2022-10-30T13:58:00,11,1,0,12
2022-10-30T14:07:17,11,1,0,12
2022-10-30T14:16:35,11,1,0,12
2022-10-30T14:25:51,11,1,0,12
2022-10-30T14:35:08,11,1,0,12
2022-10-30T14:44:25,11,1,0,12
2022-10-30T14:53:53,11,1,0,12
2022-10-30T15:03:11,11,1,0,12
2022-10-30T15:12:28,11,1,0,12
2022-10-30T15:21:45,11,1,0,12
2022-10-30T15:31:03,11,1,0,12
2022-10-30T15:40:21,11,1,0,12
2022-10-30T15:49:39,11,1,0,12
2022-10-30T15:58:58,11,1,0,12
2022-10-30T16:08:17,11,1,0,12
2022-10-30T16:17:34,11,1,0,12
2022-10-30T16:26:51,11,1,0,12
2022-10-30T16:36:08,11,1,0,12
2022-10-30T16:45:26,11,1,0,12
2022-10-30T16:54:43,11,1,0,12
2022-10-30T17:04:00,11,1,0,12
2022-10-30T17:13:18,11,1,0,12
2022-10-30T17:22:35,11,1,0,12
2022-10-30T17:31:52,11,1,0,12
2022-10-30T17:41:09,11,1,0,12
2022-10-30T17:50:26,11,1,0,12
2022-10-30T17:59:44,11,1,0,12
2022-10-30T18:09:13,11,1,0,12
2022-10-30T18:18:31,11,1,0,12
2022-10-30T18:27:49,11,1,0,12
2022-10-30T18:37:06,11,1,0,12
2022-10-30T18:46:24,11,1,0,12
2022-10-30T18:55:41,11,1,0,12
2022-10-30T19:05:00,11,1,0,12
2022-10-30T19:14:18,11,1,0,12
2022-10-30T19:23:36,11,1,0,12
2022-10-30T19:32:53,11,1,0,12
2022-10-30T19:42:12,11,1,0,12
2022-10-30T19:51:29,11,1,0,12
2022-10-30T20:00:47,11,1,0,12
2022-10-30T20:10:03,11,1,0,12
2022-10-30T20:19:21,11,1,0,12
2022-10-30T20:28:38,11,1,0,12
2022-10-30T20:37:55,11,1,0,12
2022-10-30T20:47:14,11,1,0,12
2022-10-30T20:56:42,11,1,0,12
2022-10-30T21:05:59,11,1,0,12
2022-10-30T21:15:16,11,1,0,12
2022-10-30T21:24:35,11,1,0,12
2022-10-30T21:33:52,11,1,0,12
2022-10-30T21:43:10,11,1,0,12
2022-10-30T21:52:27,11,1,0,12
2022-10-30T22:01:45,11,1,0,12
2022-10-30T22:11:02,11,1,0,12
2022-10-30T22:20:20,11,1,0,12
2022-10-30T22:29:37,11,1,0,12
2022-10-30T22:38:55,11,1,0,12
2022-10-30T22:48:13,11,1,0,12
2022-10-30T22:57:30,11,1,0,12
2022-10-30T23:06:48,11,1,0,12
2022-10-30T23:16:06,11,1,0,12
2022-10-30T23:25:25,11,1,0,12
2022-10-30T23:34:43,11,1,0,12
2022-10-30T23:44:18,11,1,0,12
2022-10-30T23:53:35,11,1,0,12
2022-10-31T00:02:53,11,1,0,12
2022-10-31T00:12:11,11,1,0,12
2022-10-31T00:21:33,11,1,0,12
2022-10-31T00:30:53,11,1,0,12
2022-10-31T00:40:14,11,1,0,12
2022-10-31T00:49:33,11,1,0,12
2022-10-31T00:58:52,11,1,0,12
2022-10-31T01:08:10,11,1,0,12
2022-10-31T01:17:27,11,1,0,12
2022-10-31T01:26:49,11,1,0,12
2022-10-31T01:36:11,11,1,0,12
2022-10-31T01:45:33,11,1,0,12
2022-10-31T01:54:52,11,1,0,12
2022-10-31T02:04:13,11,1,0,12
2022-10-31T02:13:34,11,1,0,12
2022-10-31T02:22:53,11,1,0,12
2022-10-31T02:32:12,11,1,0,12
2022-10-31T02:41:30,11,1,0,12
2022-10-31T02:50:49,11,1,0,12
2022-10-31T03:00:07,11,1,0,12
2022-10-31T03:09:25,11,1,0,12
2022-10-31T03:18:53,11,1,0,12
2022-10-31T03:28:12,11,1,0,12
2022-10-31T03:37:31,11,1,0,12
2022-10-31T03:46:52,11,1,0,12
2022-10-31T03:56:13,11,1,0,12
2022-10-31T04:05:33,11,1,0,12
2022-10-31T04:21:18,11,1,0,12
2022-10-31T04:32:16,11,1,0,12
2022-10-31T04:41:38,11,1,0,12
2022-10-31T04:51:01,11,1,0,12
2022-10-31T05:00:21,11,1,0,12
2022-10-31T05:09:41,11,1,0,12
2022-10-31T05:18:59,11,1,0,12
2022-10-31T05:28:16,11,1,0,12
2022-10-31T05:37:32,11,1,0,12
2022-10-31T05:46:48,11,1,0,12
2022-10-31T05:56:06,11,1,0,12
2022-10-31T06:05:25,11,1,0,12
2022-10-31T06:14:45,11,1,0,12
2022-10-31T06:24:05,11,1,0,12
2022-10-31T06:33:22,11,1,0,12
2022-10-31T06:42:40,11,1,0,12
2022-10-31T06:51:57,11,1,0,12
2022-10-31T07:01:18,11,1,0,12
2022-10-31T07:10:37,11,1,0,12
2022-10-31T07:19:56,11,1,0,12
2022-10-31T07:29:15,11,1,0,12
2022-10-31T07:38:35,11,1,0,12
2022-10-31T07:47:54,11,1,0,12
2022-10-31T07:57:13,11,1,0,12
2022-10-31T08:06:31,11,1,0,12
2022-10-31T08:16:06,11,1,0,12
2022-10-31T08:25:25,11,1,0,12
2022-10-31T08:34:43,11,1,0,12
2022-10-31T08:44:01,11,1,0,12
2022-10-31T08:53:19,11,1,0,12
2022-10-31T09:02:38,11,1,0,12
2022-10-31T09:11:57,11,1,0,12
2022-10-31T09:21:21,11,1,0,12
2022-10-31T09:30:41,11,1,0,12
2022-10-31T09:40:00,11,1,0,12
2022-10-31T09:49:19,11,1,0,12
2022-10-31T09:58:38,11,1,0,12
2022-10-31T10:07:56,11,1,0,12
2022-10-31T10:17:14,11,1,0,12
2022-10-31T10:26:31,11,1,0,12
2022-10-31T10:35:49,11,1,0,12
2022-10-31T10:45:06,11,1,0,12
2022-10-31T10:54:25,11,1,0,12
2022-10-31T11:04:05,11,1,0,12
2022-10-31T11:13:23,11,1,0,12
2022-10-31T11:22:41,11,1,0,12
2022-10-31T11:31:59,11,1,0,12
2022-10-31T11:41:17,11,1,0,12
2022-10-31T11:50:35,11,1,0,12
2022-10-31T11:59:52,11,1,0,12
2022-10-31T12:09:10,11,1,0,12
2022-10-31T12:18:28,11,1,0,12
2022-10-31T12:27:45,11,1,0,12
2022-10-31T12:37:02,11,1,0,12
2022-10-31T12:46:19,11,1,0,12
2022-10-31T12:55:37,11,1,0,12
2022-10-31T13:04:55,11,1,0,12
2022-10-31T13:14:15,11,1,0,12
2022-10-31T13:23:34,11,1,0,12
2022-10-31T13:32:52,11,1,0,12
2022-10-31T13:42:10,11,1,0,12
2022-10-31T13:51:27,11,1,0,12
2022-10-31T14:00:46,11,1,0,12
2022-10-31T14:10:03,11,1,0,12
2022-10-31T14:19:21,11,1,0,12
2022-10-31T14:28:39,11,1,0,12
2022-10-31T14:37:56,11,1,0,12
2022-10-31T14:47:14,11,1,0,12
2022-10-31T14:56:32,11,1,0,12
2022-10-31T15:06:02,11,1,0,12
2022-10-31T15:15:20,11,1,0,12
2022-10-31T15:24:38,11,1,0,12
2022-10-31T15:33:56,11,1,0,12
2022-10-31T15:43:14,11,1,0,12
2022-10-31T15:52:31,11,1,0,12
2022-10-31T16:01:51,11,1,0,12
2022-10-31T16:11:10,11,1,0,12
2022-10-31T16:20:29,11,1,0,12
2022-10-31T16:29:48,11,1,0,12
2022-10-31T16:39:06,11,1,0,12
2022-10-31T16:48:24,11,1,0,12
2022-10-31T16:57:51,11,1,0,12
2022-10-31T17:07:08,11,1,0,12
2022-10-31T17:16:25,11,1,0,12
2022-10-31T17:25:42,11,1,0,12
2022-10-31T17:34:59,11,1,0,12
2022-10-31T17:44:16,11,1,0,12
2022-10-31T17:53:32,11,1,0,12
2022-10-31T18:02:49,11,1,0,12
2022-10-31T18:12:07,11,1,0,12
2022-10-31T18:21:23,11,1,0,12
2022-10-31T18:30:40,11,1,0,12
2022-10-31T18:39:56,11,1,0,12
2022-10-31T18:49:13,11,1,0,12
2022-10-31T18:58:29,11,1,0,12
2022-10-31T19:07:46,11,1,0,12
2022-10-31T19:17:04,11,1,0,12
2022-10-31T19:26:40,11,1,0,12
2022-10-31T19:35:57,11,1,0,12
2022-10-31T19:45:14,11,1,0,12
2022-10-31T19:54:30,11,1,0,12
2022-10-31T20:03:46,11,1,0,12
2022-10-31T20:13:03,11,1,0,12
2022-10-31T20:22:19,11,1,0,12
2022-10-31T20:31:35,11,1,0,12
2022-10-31T20:40:52,11,1,0,12
2022-10-31T20:50:08,11,1,0,12
2022-10-31T20:59:24,11,1,0,12
2022-10-31T21:08:41,11,1,0,12
2022-10-31T21:17:57,11,1,0,12
2022-10-31T21:27:13,11,1,0,12
2022-10-31T21:36:29,11,1,0,12
2022-10-31T21:45:44,11,1,0,12
2022-10-31T21:55:00,11,1,0,12
2022-10-31T22:04:16,11,1,0,12
2022-10-31T22:13:33,11,1,0,12
2022-10-31T22:22:49,11,1,0,12
2022-10-31T22:32:05,11,1,0,12
2022-10-31T22:41:21,11,1,0,12
2022-10-31T22:50:37,11,1,0,12
2022-10-31T23:00:02,11,1,0,12
2022-10-31T23:09:20,11,1,0,12
2022-10-31T23:18:36,11,1,0,12
2022-10-31T23:27:52,11,1,0,12
2022-10-31T23:37:08,11,1,0,12
2022-10-31T23:46:24,11,1,0,12
2022-10-31T23:55:40,11,1,0,12
2022-11-01T00:04:57,11,1,0,12
2022-11-01T00:14:14,11,1,0,12
2022-11-01T00:23:33,11,1,0,12
2022-11-01T00:32:52,11,1,0,12
2022-11-01T00:42:11,11,1,0,12
2022-11-01T00:51:31,11,1,0,12
2022-11-01T01:00:51,11,1,0,12
2022-11-01T01:10:09,11,1,0,12
2022-11-01T01:19:27,11,1,0,12
2022-11-01T01:28:47,11,1,0,12
2022-11-01T01:38:06,11,1,0,12
2022-11-01T01:47:46,11,1,0,12
2022-11-01T01:57:04,11,1,0,12
2022-11-01T02:06:21,11,1,0,12
2022-11-01T02:15:38,11,1,0,12
2022-11-01T02:24:55,11,1,0,12
2022-11-01T02:34:10,11,1,0,12
2022-11-01T02:59:27,11,1,0,12
2022-11-01T03:08:46,11,1,0,12
2022-11-01T03:18:04,11,1,0,12
2022-11-01T03:27:22,11,1,0,12
2022-11-01T03:36:41,11,1,0,12
2022-11-01T03:46:00,11,1,0,12
2022-11-01T03:55:20,11,1,0,12
2022-11-01T04:04:39,11,1,0,12
2022-11-01T04:16:56,11,1,0,12
2022-11-01T04:26:17,11,1,0,12
2022-11-01T04:36:59,11,1,0,12
2022-11-01T04:46:36,11,1,0,12
2022-11-01T04:55:58,11,1,0,12
2022-11-01T05:05:17,11,1,0,12
2022-11-01T05:14:36,11,1,0,12
2022-11-01T05:23:54,11,1,0,12
2022-11-01T05:33:13,11,1,0,12
2022-11-01T05:42:32,11,1,0,12
2022-11-01T05:51:51,11,1,0,12
2022-11-01T06:01:11,11,1,0,12
2022-11-01T06:10:31,11,1,0,12
2022-11-01T06:19:50,11,1,0,12
2022-11-01T06:29:09,11,1,0,12
2022-11-01T06:38:26,11,1,0,12
2022-11-01T06:47:44,11,1,0,12
2022-11-01T06:57:01,11,1,0,12
2022-11-01T07:06:21,11,1,0,12
2022-11-01T07:15:39,11,1,0,12
2022-11-01T07:24:58,11,1,0,12
2022-11-01T07:34:18,11,1,0,12
2022-11-01T07:43:37,11,1,0,12
2022-11-01T07:52:56,11,1,0,12
2022-11-01T08:02:15,11,1,0,12
2022-11-01T08:11:34,11,1,0,12
2022-11-01T08:20:53,11,1,0,12
2022-11-01T08:30:13,11,1,0,12
2022-11-01T08:39:32,11,1,0,12
2022-11-01T08:48:59,11,1,0,12
2022-11-01T08:58:19,11,1,0,12
2022-11-01T09:07:39,11,1,0,12
2022-11-01T09:16:57,11,1,0,12
2022-11-01T09:26:16,11,1,0,12
2022-11-01T09:35:35,11,1,0,12
2022-11-01T09:44:54,11,1,0,12
2022-11-01T09:54:14,11,1,0,12
2022-11-01T10:03:34,11,1,0,12
2022-11-01T10:12:53,11,1,0,12
2022-11-01T10:22:12,11,1,0,12
2022-11-01T10:31:32,11,1,0,12
2022-11-01T10:40:51,11,1,0,12
2022-11-01T10:50:24,11,1,0,12
2022-11-01T10:59:42,11,1,0,12
2022-11-01T11:09:02,11,1,0,12
2022-11-01T11:18:21,11,1,0,12
2022-11-01T11:27:40,11,1,0,12
2022-11-01T11:36:59,11,1,0,12
2022-11-01T11:46:18,11,1,0,12
2022-11-01T11:55:36,11,1,0,12
2022-11-01T12:04:55,11,1,0,12
2022-11-01T12:14:24,11,1,0,12
2022-11-01T12:23:43,11,1,0,12
2022-11-01T12:33:02,11,1,0,12
2022-11-01T12:42:21,11,1,0,12
2022-11-01T12:51:41,11,1,0,12
2022-11-01T13:00:59,11,1,0,12
2022-11-01T13:10:18,11,1,0,12
2022-11-01T13:19:39,11,1,0,12
2022-11-01T13:28:58,11,1,0,12
2022-11-01T13:38:20,11,1,0,12
2022-11-01T13:47:40,11,1,0,12
2022-11-01T13:57:11,11,1,0,12
2022-11-01T14:06:32,11,1,0,12
2022-11-01T14:15:51,11,1,0,12
2022-11-01T14:30:11,11,1,0,12
2022-11-01T14:39:30,11,1,0,12
2022-11-01T14:48:56,11,1,0,12
2022-11-01T14:58:16,11,1,0,12
2022-11-01T15:07:35,11,1,0,12
2022-11-01T15:16:55,11,1,0,12
2022-11-01T15:26:14,11,1,0,12
2022-11-01T15:35:44,11,1,0,12
2022-11-01T15:45:03,11,1,0,12
2022-11-01T15:54:22,11,1,0,12
2022-11-01T16:03:42,11,1,0,12
2022-11-01T16:13:07,11,1,0,12
2022-11-01T16:22:34,11,1,0,12
2022-11-01T16:32:02,11,1,0,12
2022-11-01T16:41:28,11,1,0,12
2022-11-01T16:50:55,11,1,0,12
2022-11-01T17:00:23,11,1,0,12
2022-11-01T17:09:51,11,1,0,12
2022-11-01T17:19:19,11,1,0,12
2022-11-01T17:28:55,11,1,0,12
2022-11-01T17:38:21,11,1,0,12
2022-11-01T17:47:47,11,1,0,12
2022-11-01T17:57:14,11,1,0,12
2022-11-01T18:06:41,11,1,0,12
2022-11-01T18:16:07,11,1,0,12
2022-11-01T18:25:33,11,1,0,12
2022-11-01T18:34:58,11,1,0,12
2022-11-01T18:44:25,11,1,0,12
2022-11-01T18:53:52,11,1,0,12
2022-11-01T19:03:18,11,1,0,12
2022-11-01T19:12:44,11,1,0,12
2022-11-01T19:22:10,11,1,0,12
2022-11-01T19:31:35,11,1,0,12
2022-11-01T19:41:01,11,1,0,12
2022-11-01T19:50:27,11,1,0,12
2022-11-01T19:59:52,11,1,0,12
2022-11-01T20:09:18,11,1,0,12
2022-11-01T20:18:45,11,1,0,12
2022-11-01T20:28:20,11,1,0,12
2022-11-01T20:37:44,11,1,0,12
2022-11-01T20:47:07,11,1,0,12
2022-11-01T20:56:30,11,1,0,12
2022-11-01T21:05:54,11,1,0,12
2022-11-01T21:15:18,11,1,0,12
2022-11-01T21:24:44,11,1,0,12
2022-11-01T21:34:09,11,1,0,12
2022-11-01T21:43:34,11,1,0,12
2022-11-01T21:53:00,11,1,0,12
2022-11-01T22:02:25,11,1,0,12
2022-11-01T22:11:50,11,1,0,12
2022-11-01T22:21:15,11,1,0,12
2022-11-01T22:30:40,11,1,0,12
2022-11-01T22:40:05,11,1,0,12
2022-11-01T22:49:30,11,1,0,12
2022-11-01T22:58:55,11,1,0,12
2022-11-01T23:08:21,11,1,0,12
2022-11-01T23:17:47,11,1,0,12
2022-11-01T23:27:13,11,1,0,12
2022-11-01T23:36:38,11,1,0,12
2022-11-01T23:46:02,11,1,0,12
2022-11-01T23:55:26,11,1,0,12
2022-11-02T00:04:52,11,1,0,12
2022-11-02T00:14:35,11,1,0,12
2022-11-02T00:24:01,11,1,0,12
2022-11-02T00:33:27,11,1,0,12
2022-11-02T00:42:54,11,1,0,12
2022-11-02T00:52:21,11,1,0,12
2022-11-02T01:01:48,11,1,0,12
2022-11-02T01:11:17,11,1,0,12
2022-11-02T01:20:48,11,1,0,12
2022-11-02T01:30:18,11,1,0,12
2022-11-02T01:39:48,11,1,0,12
2022-11-02T01:49:17,11,1,0,12
2022-11-02T01:58:45,11,1,0,12
2022-11-02T02:08:12,11,1,0,12
2022-11-02T02:17:41,11,1,0,12
2022-11-02T02:27:08,11,1,0,12
2022-11-02T02:36:35,11,1,0,12
2022-11-02T02:46:03,11,1,0,12
2022-11-02T02:55:32,11,1,0,12
2022-11-02T03:04:59,11,1,0,12
2022-11-02T03:14:26,11,1,0,12
2022-11-02T03:23:53,11,1,0,12
2022-11-02T03:33:21,11,1,0,12
2022-11-02T03:42:48,11,1,0,12
2022-11-02T03:52:18,11,1,0,12
2022-11-02T04:01:47,11,1,0,12
2022-11-02T04:23:51,11,1,0,12
2022-11-02T04:33:45,11,1,0,12
2022-11-02T04:43:15,11,1,0,12
2022-11-02T04:52:47,11,1,0,12
2022-11-02T05:02:15,11,1,0,12
2022-11-02T05:11:42,11,1,0,12
2022-11-02T05:21:08,11,1,0,12
2022-11-02T05:30:34,11,1,0,12
2022-11-02T05:40:01,11,1,0,12
2022-11-02T05:49:28,11,1,0,12
2022-11-02T05:58:57,11,1,0,12
2022-11-02T06:08:25,11,1,0,12
2022-11-02T06:17:53,11,1,0,12
2022-11-02T06:27:20,11,1,0,12
2022-11-02T06:36:49,11,1,0,12
2022-11-02T06:46:17,11,1,0,12
2022-11-02T06:55:44,11,1,0,12
2022-11-02T07:05:12,11,1,0,12
2022-11-02T07:14:41,11,1,0,12
2022-11-02T07:24:10,11,1,0,12
2022-11-02T07:33:43,11,1,0,12
2022-11-02T07:43:13,11,1,0,12
2022-11-02T07:52:45,11,1,0,12
2022-11-02T08:02:20,11,1,0,12
2022-11-02T08:11:50,11,1,0,12
2022-11-02T08:21:20,11,1,0,12
2022-11-02T08:30:50,11,1,0,12
2022-11-02T08:40:20,11,1,0,12
2022-11-02T08:49:49,11,1,0,12
2022-11-02T08:59:20,11,1,0,12
2022-11-02T09:09:01,11,1,0,12
2022-11-02T09:18:32,11,1,0,12
2022-11-02T09:28:02,11,1,0,12
2022-11-02T09:37:32,11,1,0,12
2022-11-02T09:47:02,11,1,0,12
2022-11-02T09:56:33,11,1,0,12
2022-11-02T10:06:18,11,1,0,12
2022-11-02T10:15:51,11,1,0,12
2022-11-02T10:25:25,11,1,0,12
2022-11-02T10:34:59,11,1,0,12
2022-11-02T10:44:44,11,1,0,12
2022-11-02T10:54:15,11,1,0,12
2022-11-02T11:03:50,11,1,0,12
2022-11-02T11:13:36,11,1,0,12
2022-11-02T11:23:11,11,1,0,12
2022-11-02T11:32:44,11,1,0,12
2022-11-02T11:42:31,11,1,0,12
2022-11-02T11:52:04,11,1,0,12
2022-11-02T12:01:38,11,1,0,12
2022-11-02T12:11:27,11,1,0,12
2022-11-02T12:21:00,11,1,0,12
2022-11-02T12:30:45,11,1,0,12
2022-11-02T12:40:17,11,1,0,12
2022-11-02T12:50:00,11,1,0,12
2022-11-02T12:59:32,11,1,0,12
2022-11-02T13:09:17,11,1,0,12
2022-11-02T13:18:48,11,1,0,12
2022-11-02T13:28:22,11,1,0,12
2022-11-02T13:37:53,11,1,0,12
2022-11-02T13:47:37,11,1,0,12
2022-11-02T13:57:08,11,1,0,12
2022-11-02T14:06:39,11,1,0,12
2022-11-02T14:16:22,11,1,0,12
2022-11-02T14:25:55,11,1,0,12
2022-11-02T14:35:27,11,1,0,12
2022-11-02T14:45:11,11,1,0,12
2022-11-02T14:54:46,11,1,0,12
2022-11-02T15:04:32,11,1,0,12
2022-11-02T15:14:30,11,1,0,12
2022-11-02T15:24:15,11,1,0,12
2022-11-02T15:34:12,11,1,0,12
2022-11-02T15:43:55,11,1,0,12
2022-11-02T15:53:34,11,1,0,12
2022-11-02T16:03:24,11,1,0,12
2022-11-02T16:13:02,11,1,0,12
2022-11-02T16:22:51,11,1,0,12
2022-11-02T16:32:30,11,1,0,12
2022-11-02T16:42:20,11,1,0,12
2022-11-02T16:51:57,11,1,0,12
2022-11-02T17:01:31,11,1,0,12
2022-11-02T17:11:18,11,1,0,12
2022-11-02T17:20:53,11,1,0,12
2022-11-02T17:30:26,11,1,0,12
2022-11-02T17:39:57,11,1,0,12
2022-11-02T17:49:42,11,1,0,12
2022-11-02T17:59:13,11,1,0,12
2022-11-02T18:08:44,11,1,0,12
2022-11-02T18:18:27,11,1,0,12
2022-11-02T18:27:58,11,1,0,12
2022-11-02T18:37:28,11,1,0,12
2022-11-02T18:46:58,11,1,0,12
2022-11-02T18:56:38,11,1,0,12
2022-11-02T19:06:09,11,1,0,12
2022-11-02T19:15:39,11,1,0,12
2022-11-02T19:25:08,11,1,0,12
2022-11-02T19:34:36,11,1,0,12
2022-11-02T19:44:15,11,1,0,12
2022-11-02T19:53:43,11,1,0,12
2022-11-02T20:03:10,11,1,0,12
2022-11-02T20:12:37,11,1,0,12
2022-11-02T20:22:03,11,1,0,12
2022-11-02T20:31:30,11,1,0,12
2022-11-02T20:41:09,11,1,0,12
2022-11-02T20:50:36,11,1,0,12
2022-11-02T21:00:02,11,1,0,12
2022-11-02T21:09:28,11,1,0,12
2022-11-02T21:19:06,11,1,0,12
2022-11-02T21:28:33,11,1,0,12
2022-11-02T21:37:59,11,1,0,12
2022-11-02T21:47:26,11,1,0,12
2022-11-02T21:56:53,11,1,0,12
2022-11-02T22:06:20,11,1,0,12
2022-11-02T22:15:59,11,1,0,12
2022-11-02T22:25:26,11,1,0,12
2022-11-02T22:34:52,11,1,0,12
2022-11-02T22:44:17,11,1,0,12
2022-11-02T22:53:43,11,1,0,12
2022-11-02T23:03:08,11,1,0,12
2022-11-02T23:12:46,11,1,0,12
2022-11-02T23:22:12,11,1,0,12
2022-11-02T23:31:38,11,1,0,12
2022-11-02T23:41:04,11,1,0,12
2022-11-02T23:50:29,11,1,0,12
2022-11-02T23:59:54,11,1,0,12
2022-11-03T00:09:21,11,1,0,12
2022-11-03T00:19:06,11,1,0,12
2022-11-03T00:28:32,11,1,0,12
2022-11-03T00:37:59,11,1,0,12
2022-11-03T00:47:28,11,1,0,12
2022-11-03T00:56:56,11,1,0,12
2022-11-03T01:06:24,11,1,0,12
2022-11-03T01:15:52,11,1,0,12
2022-11-03T01:25:20,11,1,0,12
2022-11-03T01:34:48,11,1,0,12
2022-11-03T01:44:15,11,1,0,12
2022-11-03T01:53:41,11,1,0,12
2022-11-03T02:03:08,11,1,0,12
2022-11-03T02:12:35,11,1,0,12
2022-11-03T02:22:00,11,1,0,12
2022-11-03T02:31:25,11,1,0,12
2022-11-03T02:41:02,11,1,0,12
2022-11-03T02:50:27,11,1,0,12
2022-11-03T02:59:52,11,1,0,12
2022-11-03T03:09:16,11,1,0,12
2022-11-03T03:18:41,11,1,0,12
2022-11-03T03:28:05,11,1,0,12
2022-11-03T03:37:32,11,1,0,12
2022-11-03T03:47:01,11,1,0,12
2022-11-03T03:56:30,11,1,0,12
2022-11-03T04:06:03,11,1,0,12
2022-11-03T04:15:33,11,1,0,12
2022-11-03T04:38:27,11,1,0,12
2022-11-03T04:49:25,11,1,0,12
2022-11-03T04:59:21,11,1,0,12
2022-11-03T05:08:57,11,1,0,12
2022-11-03T05:18:32,11,1,0,12
2022-11-03T05:28:08,11,1,0,12
2022-11-03T05:37:43,11,1,0,12
2022-11-03T05:47:19,11,1,0,12
2022-11-03T05:56:56,11,1,0,12
2022-11-03T06:06:31,11,1,0,12
2022-11-03T06:16:04,11,1,0,12
2022-11-03T06:25:37,11,1,0,12
2022-11-03T06:35:09,11,1,0,12
2022-11-03T06:44:37,11,1,0,12
2022-11-03T06:54:03,11,1,0,12
2022-11-03T07:03:28,11,1,0,12
2022-11-03T07:12:53,11,1,0,12
2022-11-03T07:22:20,11,1,0,12
2022-11-03T07:31:46,11,1,0,12
2022-11-03T07:41:11,11,1,0,12
2022-11-03T07:50:37,11,1,0,12
2022-11-03T08:00:02,11,1,0,12
2022-11-03T08:09:28,11,1,0,12
2022-11-03T08:19:03,11,1,0,12
2022-11-03T08:28:29,11,1,0,12
2022-11-03T08:37:56,11,1,0,12
2022-11-03T08:47:22,11,1,0,12
2022-11-03T08:56:50,11,1,0,12
2022-11-03T09:06:21,11,1,0,12
2022-11-03T09:15:52,11,1,0,12
2022-11-03T09:25:23,11,1,0,12
2022-11-03T09:35:02,11,1,0,12
2022-11-03T09:44:33,11,1,0,12
2022-11-03T09:54:03,11,1,0,12
2022-11-03T10:03:33,11,1,0,12
2022-11-03T10:13:14,11,1,0,12
2022-11-03T10:22:45,11,1,0,12
2022-11-03T10:32:26,11,1,0,12
2022-11-03T10:41:56,11,1,0,12
2022-11-03T10:51:26,11,1,0,12
2022-11-03T11:00:57,11,1,0,12
2022-11-03T11:10:43,11,1,0,12
2022-11-03T11:20:13,11,1,0,12
2022-11-03T11:29:43,11,1,0,12
2022-11-03T11:39:13,11,1,0,12
2022-11-03T11:48:53,11,1,0,12
2022-11-03T11:58:21,11,1,0,12
2022-11-03T12:07:52,11,1,0,12
2022-11-03T12:17:21,11,1,0,12
2022-11-03T12:26:49,11,1,0,12
2022-11-03T12:36:30,11,1,0,12
2022-11-03T12:45:59,11,1,0,12
2022-11-03T12:55:27,11,1,0,12
2022-11-03T13:04:57,11,1,0,12
2022-11-03T13:14:27,11,1,0,12
2022-11-03T13:24:07,11,1,0,12
2022-11-03T13:33:37,11,1,0,12
2022-11-03T13:43:07,11,1,0,12
2022-11-03T13:52:38,11,1,0,12
2022-11-03T14:02:08,11,1,0,12
2022-11-03T14:11:39,11,1,0,12
2022-11-03T14:21:09,11,1,0,12
2022-11-03T14:30:39,11,1,0,12
2022-11-03T14:40:10,11,1,0,12
2022-11-03T14:49:51,11,1,0,12
2022-11-03T14:59:23,11,1,0,12
2022-11-03T15:08:53,11,1,0,12
2022-11-03T15:18:24,11,1,0,12
2022-11-03T15:27:56,11,1,0,12
2022-11-03T15:37:27,11,1,0,12
2022-11-03T15:47:09,11,1,0,12
2022-11-03T15:56:39,11,1,0,12
2022-11-03T16:06:09,11,1,0,12
2022-11-03T16:15:37,11,1,0,12
2022-11-03T16:25:06,11,1,0,12
2022-11-03T16:34:48,11,1,0,12
2022-11-03T16:44:19,11,1,0,12
2022-11-03T16:53:48,11,1,0,12
2022-11-03T17:03:17,11,1,0,12
2022-11-03T17:12:47,11,1,0,12
2022-11-03T17:22:16,11,1,0,12
2022-11-03T17:31:56,11,1,0,12
2022-11-03T17:41:25,11,1,0,12
2022-11-03T17:50:53,11,1,0,12
2022-11-03T18:00:22,11,1,0,12
2022-11-03T18:09:53,11,1,0,12
2022-11-03T18:19:23,11,1,0,12
2022-11-03T18:28:53,11,1,0,12
2022-11-03T18:38:12,11,1,0,12
2022-11-03T18:47:45,11,1,0,12
2022-11-03T18:57:22,11,1,0,12
2022-11-03T19:07:01,11,1,0,12
2022-11-03T19:16:36,11,1,0,12
2022-11-03T19:26:14,11,1,0,12
2022-11-03T19:35:53,11,1,0,12
2022-11-03T19:45:35,11,1,0,12
2022-11-03T19:55:31,11,1,0,12
2022-11-03T20:06:44,11,1,0,12
2022-11-03T20:16:28,11,1,0,12
2022-11-03T20:26:09,11,1,0,12
2022-11-03T20:35:49,11,1,0,12
2022-11-03T20:45:28,11,1,0,12
2022-11-03T20:55:07,11,1,0,12
2022-11-03T21:04:42,11,1,0,12
2022-11-03T21:14:17,11,1,0,12
2022-11-03T21:23:58,11,1,0,12
2022-11-03T21:33:28,11,1,0,12
2022-11-03T21:42:55,11,1,0,12
2022-11-03T21:52:21,11,1,0,12
2022-11-03T22:01:46,11,1,0,12
2022-11-03T22:11:12,11,1,0,12
2022-11-03T22:20:38,11,1,0,12
2022-11-03T22:30:04,11,1,0,12
2022-11-03T22:39:30,11,1,0,12
2022-11-03T22:49:08,11,1,0,12
2022-11-03T22:58:33,11,1,0,12
2022-11-03T23:07:59,11,1,0,12
2022-11-03T23:17:25,11,1,0,12
2022-11-03T23:26:51,11,1,0,12
2022-11-03T23:36:17,11,1,0,12
2022-11-03T23:45:43,11,1,0,12
2022-11-03T23:55:08,11,1,0,12
2022-11-04T00:04:33,11,1,0,12
2022-11-04T00:14:02,11,1,0,12
2022-11-04T00:23:40,11,1,0,12
2022-11-04T00:33:08,11,1,0,12
2022-11-04T00:42:36,11,1,0,12
2022-11-04T00:52:04,11,1,0,12
2022-11-04T01:01:31,11,1,0,12
2022-11-04T01:10:59,11,1,0,12
2022-11-04T01:20:27,11,1,0,12
2022-11-04T01:29:57,11,1,0,12
2022-11-04T01:39:25,11,1,0,12
2022-11-04T01:48:54,11,1,0,12
2022-11-04T01:58:21,11,1,0,12
2022-11-04T02:07:48,11,1,0,12
2022-11-04T02:17:16,11,1,0,12
2022-11-04T02:26:44,11,1,0,12
2022-11-04T02:36:11,11,1,0,12
2022-11-04T02:45:37,11,1,0,12
2022-11-04T02:55:05,11,1,0,12
2022-11-04T03:04:29,11,1,0,12
2022-11-04T03:13:56,11,1,0,12
2022-11-04T03:23:21,11,1,0,12
2022-11-04T03:32:48,11,1,0,12
2022-11-04T03:42:16,11,1,0,12
2022-11-04T03:51:43,11,1,0,12
2022-11-04T04:01:10,11,1,0,12
2022-11-04T04:10:38,11,1,0,12
2022-11-04T04:23:00,11,1,0,12
2022-11-04T04:32:30,11,1,0,12
2022-11-04T04:43:12,11,1,0,12
2022-11-04T04:52:56,11,1,0,12
2022-11-04T05:02:23,11,1,0,12
2022-11-04T05:11:49,11,1,0,12
2022-11-04T05:21:16,11,1,0,12
2022-11-04T05:30:41,11,1,0,12
2022-11-04T05:40:06,11,1,0,12
2022-11-04T05:49:30,11,1,0,12
2022-11-04T05:58:56,11,1,0,12
2022-11-04T06:08:21,11,1,0,12
2022-11-04T06:17:48,11,1,0,12
2022-11-04T06:27:13,11,1,0,12
2022-11-04T06:36:38,11,1,0,12
2022-11-04T06:46:06,11,1,0,12
2022-11-04T06:55:32,11,1,0,12
2022-11-04T07:04:57,11,1,0,12
2022-11-04T07:14:23,11,1,0,12
2022-11-04T07:23:49,11,1,0,12
2022-11-04T07:33:17,11,1,0,12
2022-11-04T07:42:45,11,1,0,12
2022-11-04T07:52:13,11,1,0,12
2022-11-04T08:01:40,11,1,0,12
2022-11-04T08:11:07,11,1,0,12
2022-11-04T08:20:34,11,1,0,12
2022-11-04T08:30:01,11,1,0,12
2022-11-04T08:39:27,11,1,0,12
2022-11-04T08:48:53,11,1,0,12
2022-11-04T08:58:20,11,1,0,12
2022-11-04T09:07:47,11,1,0,12
2022-11-04T09:17:15,11,1,0,12
2022-11-04T09:26:42,11,1,0,12
2022-11-04T09:36:19,11,1,0,12
2022-11-04T09:45:46,11,1,0,12
2022-11-04T09:55:13,11,1,0,12
2022-11-04T10:04:39,11,1,0,12
2022-11-04T10:14:05,11,1,0,12
2022-11-04T10:23:31,11,1,0,12
2022-11-04T10:32:57,11,1,0,12
2022-11-04T10:42:24,11,1,0,12
2022-11-04T10:51:52,11,1,0,12
2022-11-04T11:01:30,11,1,0,12
2022-11-04T11:10:57,11,1,0,12
2022-11-04T11:20:23,11,1,0,12
2022-11-04T11:29:49,11,1,0,12
2022-11-04T11:39:16,11,1,0,12
2022-11-04T11:48:41,11,1,0,12
2022-11-04T11:58:06,11,1,0,12
2022-11-04T12:07:44,11,1,0,12
2022-11-04T12:17:10,11,1,0,12
2022-11-04T12:26:35,11,1,0,12
2022-11-04T12:36:00,11,1,0,12
2022-11-04T12:45:25,11,1,0,12
2022-11-04T12:54:59,11,1,0,12
2022-11-04T13:04:25,11,1,0,12
2022-11-04T13:13:51,11,1,0,12
2022-11-04T13:23:17,11,1,0,12
2022-11-04T13:32:43,11,1,0,12
2022-11-04T13:42:09,11,1,0,12
2022-11-04T13:51:34,11,1,0,12
2022-11-04T14:00:59,11,1,0,12
2022-11-04T14:10:36,11,1,0,12
2022-11-04T14:20:02,11,1,0,12
2022-11-04T14:29:28,11,1,0,12
2022-11-04T14:38:55,11,1,0,12
2022-11-04T14:48:20,11,1,0,12
2022-11-04T14:57:46,11,1,0,12
2022-11-04T15:07:22,11,1,0,12
2022-11-04T15:16:48,11,1,0,12
2022-11-04T15:26:14,11,1,0,12
2022-11-04T15:35:40,11,1,0,12
2022-11-04T15:45:06,11,1,0,12
2022-11-04T15:54:31,11,1,0,12
2022-11-04T16:03:57,11,1,0,12
2022-11-04T16:13:21,11,1,0,12
2022-11-04T16:22:58,11,1,0,12
2022-11-04T16:32:24,11,1,0,12
2022-11-04T16:41:50,11,1,0,12
2022-11-04T16:51:15,11,1,0,12
2022-11-04T17:00:40,11,1,0,12
2022-11-04T17:10:06,11,1,0,12
2022-11-04T17:19:30,11,1,0,12
2022-11-04T17:28:54,11,1,0,12
2022-11-04T17:38:19,11,1,0,12
2022-11-04T17:47:53,11,1,0,12
2022-11-04T17:57:18,11,1,0,12
2022-11-04T18:06:42,11,1,0,12
2022-11-04T18:16:05,11,1,0,12
2022-11-04T18:25:29,11,1,0,12
2022-11-04T18:34:54,11,1,0,12
2022-11-04T18:44:18,11,1,0,12
2022-11-04T18:53:42,11,1,0,12
2022-11-04T19:03:06,11,1,0,12
2022-11-04T19:12:30,11,1,0,12
2022-11-04T19:21:54,11,1,0,12
2022-11-04T19:31:19,11,1,0,12
2022-11-04T19:40:57,11,1,0,12
2022-11-04T19:50:21,11,1,0,12
2022-11-04T19:59:45,11,1,0,12
2022-11-04T20:09:09,11,1,0,12
2022-11-04T20:18:33,11,1,0,12
2022-11-04T20:27:57,11,1,0,12
2022-11-04T20:37:21,11,1,0,12
2022-11-04T20:46:44,11,1,0,12
2022-11-04T20:56:08,11,1,0,12
2022-11-04T21:05:33,11,1,0,12
2022-11-04T21:14:56,11,1,0,12
2022-11-04T21:24:20,11,1,0,12
2022-11-04T21:33:55,11,1,0,12
2022-11-04T21:43:19,11,1,0,12
2022-11-04T21:52:43,11,1,0,12
2022-11-04T22:02:07,11,1,0,12
2022-11-04T22:11:31,11,1,0,12
2022-11-04T22:20:56,11,1,0,12
2022-11-04T22:30:20,11,1,0,12
2022-11-04T22:39:44,11,1,0,12
2022-11-04T22:49:07,11,1,0,12
2022-11-04T22:58:31,11,1,0,12
2022-11-04T23:07:56,11,1,0,12
2022-11-04T23:17:21,11,1,0,12
2022-11-04T23:26:47,11,1,0,12
2022-11-04T23:36:14,11,1,0,12
2022-11-04T23:45:39,11,1,0,12
2022-11-04T23:55:04,11,1,0,12
2022-11-05T00:04:41,11,1,0,12
2022-11-05T00:14:08,11,1,0,12
2022-11-05T00:23:35,11,1,0,12
2022-11-05T00:33:02,11,1,0,12
2022-11-05T00:42:29,11,1,0,12
2022-11-05T00:51:56,11,1,0,12
2022-11-05T01:01:22,11,1,0,12
2022-11-05T01:10:49,11,1,0,12
2022-11-05T01:20:14,11,1,0,12
2022-11-05T01:29:41,11,1,0,12
2022-11-05T01:39:08,11,1,0,12
2022-11-05T01:48:35,11,1,0,12
2022-11-05T01:58:00,11,1,0,12
2022-11-05T02:07:24,11,1,0,12
2022-11-05T02:16:47,11,1,0,12
2022-11-05T02:26:10,11,1,0,12
2022-11-05T02:35:34,11,1,0,12
2022-11-05T02:44:57,11,1,0,12
2022-11-05T02:54:21,11,1,0,12
2022-11-05T03:03:44,11,1,0,12
2022-11-05T03:13:06,11,1,0,12
2022-11-05T03:22:30,11,1,0,12
2022-11-05T03:31:53,11,1,0,12
2022-11-05T03:41:19,11,1,0,12
2022-11-05T03:50:44,11,1,0,12
2022-11-05T04:00:11,11,1,0,12
2022-11-05T04:09:37,11,1,0,12
2022-11-05T04:22:22,11,1,0,12
2022-11-05T04:32:12,11,1,0,12
2022-11-05T04:41:40,11,1,0,12
2022-11-05T04:51:05,11,1,0,12
2022-11-05T05:00:28,11,1,0,12
2022-11-05T05:09:55,11,1,0,12
2022-11-05T05:21:34,11,1,0,12
2022-11-05T05:31:00,11,1,0,12
2022-11-05T05:40:27,11,1,0,12
2022-11-05T05:49:54,11,1,0,12
2022-11-05T05:59:22,11,1,0,12
2022-11-05T06:08:50,11,1,0,12
2022-11-05T06:18:19,11,1,0,12
2022-11-05T06:27:47,11,1,0,12
2022-11-05T06:37:15,11,1,0,12
2022-11-05T06:46:44,11,1,0,12
2022-11-05T06:56:12,11,1,0,12
2022-11-05T07:05:41,11,1,0,12
2022-11-05T07:15:11,11,1,0,12
2022-11-05T07:24:41,11,1,0,12
2022-11-05T07:34:11,11,1,0,12
2022-11-05T07:43:41,11,1,0,12
2022-11-05T07:53:10,11,1,0,12
2022-11-05T08:02:39,11,1,0,12
2022-11-05T08:12:08,11,1,0,12
2022-11-05T08:21:36,11,1,0,12
2022-11-05T08:31:04,11,1,0,12
2022-11-05T08:40:31,11,1,0,12
2022-11-05T08:49:58,11,1,0,12
2022-11-05T08:59:25,11,1,0,12
2022-11-05T09:08:53,11,1,0,12
2022-11-05T09:18:20,11,1,0,12
2022-11-05T09:27:47,11,1,0,12
2022-11-05T09:37:13,11,1,0,12
2022-11-05T09:46:48,11,1,0,12
2022-11-05T09:56:15,11,1,0,12
2022-11-05T10:05:41,11,1,0,12
2022-11-05T10:15:08,11,1,0,12
2022-11-05T10:24:32,11,1,0,12
2022-11-05T10:33:57,11,1,0,12
2022-11-05T10:43:22,11,1,0,12
2022-11-05T10:52:47,11,1,0,12
2022-11-05T11:02:13,11,1,0,12
2022-11-05T11:11:38,11,1,0,12
2022-11-05T11:21:04,11,1,0,12
2022-11-05T11:30:30,11,1,0,12
2022-11-05T11:39:57,11,1,0,12
2022-11-05T11:49:36,11,1,0,12
2022-11-05T11:59:02,11,1,0,12
2022-11-05T12:08:27,11,1,0,12
2022-11-05T12:17:52,11,1,0,12
2022-11-05T12:27:17,11,1,0,12
2022-11-05T12:36:43,11,1,0,12
2022-11-05T12:46:08,11,1,0,12
2022-11-05T12:55:34,11,1,0,12
2022-11-05T13:05:00,11,1,0,12
2022-11-05T13:14:25,11,1,0,12
2022-11-05T13:23:51,11,1,0,12
2022-11-05T13:33:26,11,1,0,12
2022-11-05T13:42:51,11,1,0,12
2022-11-05T13:52:15,11,1,0,12
2022-11-05T14:01:41,11,1,0,12
2022-11-05T14:11:06,11,1,0,12
2022-11-05T14:20:31,11,1,0,12
2022-11-05T14:29:56,11,1,0,12
2022-11-05T14:39:22,11,1,0,12
2022-11-05T14:48:46,11,1,0,12
2022-11-05T14:58:11,11,1,0,12
2022-11-05T15:07:37,11,1,0,12
2022-11-05T15:17:02,11,1,0,12
2022-11-05T15:26:28,11,1,0,12
2022-11-05T15:35:53,11,1,0,12
2022-11-05T15:45:20,11,1,0,12
2022-11-05T15:54:55,11,1,0,12
2022-11-05T16:04:20,11,1,0,12
2022-11-05T16:13:44,11,1,0,12
2022-11-05T16:23:09,11,1,0,12
2022-11-05T16:32:35,11,1,0,12
2022-11-05T16:42:00,11,1,0,12
2022-11-05T16:51:25,11,1,0,12
2022-11-05T17:00:50,11,1,0,12
2022-11-05T17:10:16,11,1,0,12
2022-11-05T17:19:41,11,1,0,12
2022-11-05T17:29:05,11,1,0,12
2022-11-05T17:38:30,11,1,0,12
2022-11-05T17:47:55,11,1,0,12
2022-11-05T17:57:29,11,1,0,12
2022-11-05T18:06:54,11,1,0,12
2022-11-05T18:16:19,11,1,0,12
2022-11-05T18:25:45,11,1,0,12
2022-11-05T18:35:10,11,1,0,12
2022-11-05T18:44:34,11,1,0,12
2022-11-05T18:54:00,11,1,0,12
2022-11-05T19:03:25,11,1,0,12
2022-11-05T19:12:51,11,1,0,12
2022-11-05T19:22:15,11,1,0,12
2022-11-05T19:31:40,11,1,0,12
